t,ros_time,controller,trajectory,run_id,odom_stamp,odom_x,odom_y,odom_yaw,odom_v,odom_w,camera_stamp,camera_x,camera_y,camera_yaw,desired_stamp,desired_x,desired_y,desired_yaw,error_stamp,error_ex,error_ey,error_etheta,cmd_stamp,cmd_v,cmd_w,robot_state_stamp,rpm_l_x10,rpm_r_x10,gyro_z_x1000,espnow_link_stamp,espnow_rx_time,espnow_robot_time_ms,espnow_seq,espnow_interarrival_ms,espnow_seq_gap
0.0,1783858706.2057998,BSMC,eight,optuna_t003_r01,1783858706.1960022,-0.47598728250471867,-0.4068306653945753,-0.07944735686498867,2.6320086060571998e-06,-0.0009105162264955578,1783858706.1956284,-0.47598522901535034,-0.4068313241004944,-0.07929884611359304,nan,nan,nan,nan,nan,nan,nan,nan,nan,nan,nan,1783858706.1859875,0.0,0.0,491.0,1783858706.1864393,28036.609375,nan,nan,48.2874641418457,nan
0.04039907455444336,1783858706.246199,BSMC,eight,optuna_t003_r01,1783858706.1960022,-0.47598728250471867,-0.4068306653945753,-0.07944735686498867,2.6320086060571998e-06,-0.0009105162264955578,1783858706.2308586,-0.47598522901535034,-0.4068313241004944,-0.07929884611359304,nan,nan,nan,nan,nan,nan,nan,nan,nan,nan,nan,1783858706.2402582,0.0,0.0,496.0,1783858706.2408676,28036.6640625,nan,nan,54.089210510253906,nan
0.08002209663391113,1783858706.285822,BSMC,eight,optuna_t003_r01,1783858706.2462044,-0.4759864916349718,-0.4068308833512311,-0.07939271484821578,2.3179055934139706e-06,-0.0006462886694101848,1783858706.2825615,-0.47598522901535034,-0.4068313241004944,-0.07929884611359304,nan,nan,nan,nan,nan,nan,nan,nan,nan,nan,nan,1783858706.2845654,0.0,0.0,495.0,1783858706.2849567,28036.708984375,nan,nan,44.6794319152832,nan
0.12006068229675293,1783858706.3258605,BSMC,eight,optuna_t003_r01,1783858706.2966306,-0.475986189114536,-0.40683096691489223,-0.07938051963385462,1.8324542214293763e-06,-0.0005156073098656122,1783858706.2825615,-0.47598522901535034,-0.4068313241004944,-0.07929884611359304,nan,nan,nan,nan,nan,nan,nan,nan,nan,nan,nan,1783858706.2845654,0.0,0.0,495.0,1783858706.2849567,28036.708984375,nan,nan,44.6794319152832,nan
0.16003179550170898,1783858706.3658316,BSMC,eight,optuna_t003_r01,1783858706.3469353,-0.4759859537872963,-0.4068310354160209,-0.07936752248921468,1.4132421214806794e-06,-0.0004033226520089961,1783858706.3316183,-0.47598522901535034,-0.4068313241004944,-0.07929884611359304,nan,nan,nan,nan,nan,nan,nan,nan,nan,nan,nan,1783858706.3463752,0.0,0.0,492.0,1783858706.3465228,28036.76953125,nan,nan,60.17222213745117,nan
0.2000422477722168,1783858706.405842,BSMC,eight,optuna_t003_r01,1783858706.3963468,-0.4759857752209487,-0.4068310910447725,-0.07935475440666337,1.1087375605215563e-06,-0.0003108294233960259,1783858706.3807862,-0.47598522901535034,-0.4068313241004944,-0.07929884611359304,nan,nan,nan,nan,nan,nan,nan,nan,nan,nan,nan,1783858706.3886542,0.0,0.0,496.0,1783858706.388817,28036.810546875,nan,nan,42.36330032348633,nan
0.24015474319458008,1783858706.4459546,BSMC,eight,optuna_t003_r01,1783858706.3963468,-0.4759857752209487,-0.4068310910447725,-0.07935475440666337,1.1087375605215563e-06,-0.0003108294233960259,1783858706.429554,-0.47598522901535034,-0.4068313241004944,-0.07929884611359304,nan,nan,nan,nan,nan,nan,nan,nan,nan,nan,nan,1783858706.3886542,0.0,0.0,496.0,1783858706.388817,28036.810546875,nan,nan,42.36330032348633,nan
0.27992820739746094,1783858706.485728,BSMC,eight,optuna_t003_r01,1783858706.446164,-0.47598561050059174,-0.40683113829436907,-0.07934462719977083,1.224442396507006e-06,-0.00024470845670176945,1783858706.429554,-0.47598522901535034,-0.4068313241004944,-0.07929884611359304,nan,nan,nan,nan,nan,nan,nan,nan,nan,nan,nan,1783858706.4569714,0.0,0.0,496.0,1783858706.4570801,28036.880859375,nan,nan,68.7260513305664,nan
0.32013368606567383,1783858706.5259335,BSMC,eight,optuna_t003_r01,1783858706.496617,-0.47598553294062407,-0.40683117319709283,-0.07933375543064139,6.578695358852371e-07,-0.000174736967844395,1783858706.4849913,-0.47598522901535034,-0.4068313241004944,-0.07929884611359304,nan,nan,nan,nan,nan,nan,nan,nan,nan,nan,nan,1783858706.4904492,0.0,0.0,498.0,1783858706.4922643,28036.912109375,nan,nan,33.024803161621094,nan
0.3606138229370117,1783858706.5664136,BSMC,eight,optuna_t003_r01,1783858706.547014,-0.4759854543841486,-0.4068312028925316,-0.079325751269971,5.135369079053261e-07,-0.0001282243170165643,1783858706.5356598,-0.47598522901535034,-0.4068313241004944,-0.07929884611359304,nan,nan,nan,nan,nan,nan,nan,nan,nan,nan,nan,1783858706.5378387,0.0,0.0,492.0,1783858706.538997,28036.9609375,nan,nan,48.69099044799805,nan
0.4002385139465332,1783858706.6060383,BSMC,eight,optuna_t003_r01,1783858706.5966592,-0.47598539591816763,-0.4068312266124807,-0.0793194548801882,3.944008608160182e-07,-9.330340117417183e-05,1783858706.5856395,-0.47598522901535034,-0.4068313241004944,-0.07929884611359304,nan,nan,nan,nan,nan,nan,nan,nan,nan,nan,nan,1783858706.5910673,0.0,0.0,496.0,1783858706.5915232,28037.015625,nan,nan,53.20578384399414,nan
0.44040489196777344,1783858706.6462047,BSMC,eight,optuna_t003_r01,1783858706.5966592,-0.47598539591816763,-0.4068312266124807,-0.0793194548801882,3.944008608160182e-07,-9.330340117417183e-05,1783858706.633794,-0.47598522901535034,-0.4068313241004944,-0.07929884611359304,nan,nan,nan,nan,nan,nan,nan,nan,nan,nan,nan,1783858706.6361878,0.0,0.0,493.0,1783858706.6366389,28037.060546875,nan,nan,45.21316909790039,nan
0.4800703525543213,1783858706.6858702,BSMC,eight,optuna_t003_r01,1783858706.6464252,-0.4759853525211354,-0.4068312455310935,-0.07931460656529063,3.0489024873681186e-07,-6.730632185664737e-05,1783858706.6832557,-0.47598522901535034,-0.4068313241004944,-0.07929884611359304,nan,nan,nan,nan,nan,nan,nan,nan,nan,nan,nan,1783858706.6361878,0.0,0.0,493.0,1783858706.6366389,28037.060546875,nan,nan,45.21316909790039,nan
0.5206172466278076,1783858706.726417,BSMC,eight,optuna_t003_r01,1783858706.6964252,-0.475985320007696,-0.4068312607356893,-0.07931079414606784,2.3035451575957946e-07,-4.763779847514754e-05,1783858706.6832557,-0.47598522901535034,-0.4068313241004944,-0.07929884611359304,nan,nan,nan,nan,nan,nan,nan,nan,nan,nan,nan,1783858706.6929564,0.0,0.0,494.0,1783858706.6933684,28037.1171875,nan,nan,56.500709533691406,nan
0.5602409839630127,1783858706.7660408,BSMC,eight,optuna_t003_r01,1783858706.7470822,-0.47598529572569925,-0.4068312730982576,-0.07930767320887543,1.7643291649490228e-07,-3.2527238124099346e-05,1783858706.7367246,-0.47598522901535034,-0.4068313241004944,-0.07929884611359304,nan,nan,nan,nan,nan,nan,nan,nan,nan,nan,nan,1783858706.738333,0.0,0.0,497.0,1783858706.7392998,28037.16015625,nan,nan,43.98817825317383,nan
0.6000118255615234,1783858706.8058116,BSMC,eight,optuna_t003_r01,1783858706.796457,-0.4759852779915693,-0.40683128296610066,-0.07930529998138276,1.3451348380623575e-07,-2.1705945675669794e-05,1783858706.7862072,-0.47598522901535034,-0.4068313241004944,-0.07929884611359304,nan,nan,nan,nan,nan,nan,nan,nan,nan,nan,nan,1783858706.7875342,0.0,0.0,493.0,1783858706.7880464,28037.2109375,nan,nan,50.347023010253906,nan
0.6402828693389893,1783858706.8460827,BSMC,eight,optuna_t003_r01,1783858706.796457,-0.4759852779915693,-0.40683128296610066,-0.07930529998138276,1.3451348380623575e-07,-2.1705945675669794e-05,1783858706.8366795,-0.47598522901535034,-0.4068313241004944,-0.07929884611359304,nan,nan,nan,nan,nan,nan,nan,nan,nan,nan,nan,1783858706.8368149,0.0,0.0,494.0,1783858706.8369362,28037.259765625,nan,nan,49.50765609741211,nan
0.6803765296936035,1783858706.8861763,BSMC,eight,optuna_t003_r01,1783858706.8466606,-0.4759852647777146,-0.40683129090337045,-0.07930351977854365,1.021250611056375e-07,-1.3930203864747195e-05,1783858706.8366795,-0.47598522901535034,-0.4068313241004944,-0.07929884611359304,nan,nan,nan,nan,nan,nan,nan,nan,nan,nan,nan,1783858706.8368149,0.0,0.0,494.0,1783858706.8369362,28037.259765625,nan,nan,49.50765609741211,nan
0.7207276821136475,1783858706.9265275,BSMC,eight,optuna_t003_r01,1783858706.8974414,-0.4759852549886612,-0.4068312973307808,-0.0793021556818839,7.739829392717858e-08,-8.33405023752079e-06,1783858706.8856046,-0.47598522901535034,-0.4068313241004944,-0.07929884611359304,nan,nan,nan,nan,nan,nan,nan,nan,nan,nan,nan,1783858706.8872316,0.0,0.0,492.0,1783858706.8873334,28037.310546875,nan,nan,50.522823333740234,nan
0.7607769966125488,1783858706.9665768,BSMC,eight,optuna_t003_r01,1783858706.9467568,-0.4759853957115162,-0.4068312179882198,-0.07931586461721364,-5.7127802504968476e-08,-4.188101078917788e-05,1783858706.938955,-0.47598591446876526,-0.40683087706565857,-0.07933746238246975,nan,nan,nan,nan,nan,nan,nan,nan,nan,nan,nan,1783858706.941925,0.0,0.0,492.0,1783858706.9420173,28037.365234375,nan,nan,54.91201400756836,nan
0.8007705211639404,1783858707.0065703,BSMC,eight,optuna_t003_r01,1783858706.9965498,-0.4759855065058626,-0.4068311547147115,-0.079325315056331,-1.2247959902500557e-07,-5.936038395182029e-05,1783858706.9832177,-0.47598591446876526,-0.40683087706565857,-0.07933746238246975,nan,nan,nan,nan,nan,nan,nan,nan,nan,nan,nan,1783858706.9876575,0.0,0.0,494.0,1783858706.987331,28037.412109375,nan,nan,45.42071533203125,nan
0.8425307273864746,1783858707.0483305,BSMC,eight,optuna_t003_r01,1783858706.9965498,-0.4759855065058626,-0.4068311547147115,-0.079325315056331,-1.2247959902500557e-07,-5.936038395182029e-05,1783858706.9832177,-0.47598591446876526,-0.40683087706565857,-0.07933746238246975,nan,nan,nan,nan,nan,nan,nan,nan,nan,nan,nan,1783858707.039665,0.0,0.0,492.0,1783858707.0397813,28037.4609375,nan,nan,50.44258117675781,nan
0.8805689811706543,1783858707.0863688,BSMC,eight,optuna_t003_r01,1783858707.048323,-0.4759855128313172,-0.4068311542118877,-0.0793283903920034,-1.2247959902500557e-07,-5.936038395182029e-05,1783858706.9832177,-0.47598591446876526,-0.40683087706565857,-0.07933746238246975,nan,nan,nan,nan,nan,nan,nan,nan,nan,nan,nan,1783858707.039665,0.0,0.0,492.0,1783858707.0397813,28037.4609375,nan,nan,50.44258117675781,nan
0.923839807510376,1783858707.1296396,BSMC,eight,optuna_t003_r01,1783858707.098209,-0.47598551136156186,-0.4068311543286798,-0.07933066848208266,-5.902389772048124e-08,-5.502571047171026e-05,1783858707.1096253,-0.47598591446876526,-0.40683087706565857,-0.07933746238246975,nan,nan,nan,nan,nan,nan,nan,nan,nan,nan,nan,1783858707.0931427,0.0,0.0,494.0,1783858707.0938523,28037.513671875,nan,nan,52.1834831237793,nan
0.9604582786560059,1783858707.166258,BSMC,eight,optuna_t003_r01,1783858707.1468458,-0.47598562064685696,-0.4068310909633338,-0.07933643459544,-1.0270125507080066e-07,-6.0445500317439715e-05,1783858707.1456354,-0.47598615288734436,-0.40683087706565857,-0.07934077415875267,nan,nan,nan,nan,nan,nan,nan,nan,nan,nan,nan,1783858707.1400056,0.0,0.0,492.0,1783858707.1403797,28037.5625,nan,nan,48.19951629638672,nan
1.0001599788665771,1783858707.2059598,BSMC,eight,optuna_t003_r01,1783858707.1971378,-0.47598566203474096,-0.406830125583315,-0.07932399882916615,-1.2821673130074418e-07,-2.125354959744456e-05,1783858707.183256,-0.4759852886199951,-0.4068261682987213,-0.07929403188689574,nan,nan,nan,nan,nan,nan,nan,nan,nan,nan,nan,1783858707.1875038,0.0,0.0,495.0,1783858707.1878552,28037.611328125,nan,nan,49.206851959228516,nan
1.0410561561584473,1783858707.246856,BSMC,eight,optuna_t003_r01,1783858707.1971378,-0.47598566203474096,-0.406830125583315,-0.07932399882916615,-1.2821673130074418e-07,-2.125354959744456e-05,1783858707.2315826,-0.4759918749332428,-0.40682685375213623,-0.07918741873787857,nan,nan,nan,nan,nan,nan,nan,nan,nan,nan,nan,1783858707.2382405,0.0,0.0,497.0,1783858707.239218,28037.662109375,nan,nan,50.65879821777344,nan
1.080369234085083,1783858707.286169,BSMC,eight,optuna_t003_r01,1783858707.2464526,-0.4759870029311715,-0.40682950104166865,-0.0792736501739996,-1.051524782802693e-06,0.00010606900786934797,1783858707.281453,-0.4759918749332428,-0.40682685375213623,-0.07918741873787857,nan,nan,nan,nan,nan,nan,nan,nan,1783858707.2770507,0.0,0.0,1783858707.2382405,0.0,0.0,497.0,1783858707.239218,28037.662109375,nan,nan,50.65879821777344,nan
1.120455026626587,1783858707.3262548,BSMC,eight,optuna_t003_r01,1783858707.2959485,-0.47598806940341437,-0.40682899704555325,-0.07923749174543622,-1.5028288763043457e-06,0.00018079525600262888,1783858707.281453,-0.4759918749332428,-0.40682685375213623,-0.07918741873787857,nan,nan,nan,nan,nan,nan,nan,nan,1783858707.3155155,0.0,0.0,1783858707.289738,0.0,0.0,496.0,1783858707.2909598,28037.712890625,nan,nan,50.05278015136719,nan
1.1601791381835938,1783858707.365979,BSMC,eight,optuna_t003_r01,1783858707.3462625,-0.4759889176711871,-0.40682858831164265,-0.07921228523669685,-1.6631293145172246e-06,0.0002169647808325435,1783858707.33209,-0.4759918749332428,-0.40682685375213623,-0.07918741873787857,nan,nan,nan,nan,nan,nan,nan,nan,1783858707.3549762,0.0,0.0,1783858707.3381257,0.0,0.0,493.0,1783858707.3385396,28037.76171875,nan,nan,50.03143310546875,nan
1.200620174407959,1783858707.40642,BSMC,eight,optuna_t003_r01,1783858707.3959074,-0.4759895817695628,-0.4068282597429336,-0.07919551666096579,-1.6344520104648637e-06,0.0002267726853157209,1783858707.3801632,-0.4759918749332428,-0.40682685375213623,-0.07918741873787857,nan,nan,nan,nan,nan,nan,nan,nan,1783858707.3951788,0.0,0.0,1783858707.3881352,0.0,0.0,489.0,1783858707.3884668,28037.8125,nan,nan,49.910118103027344,nan
1.2406654357910156,1783858707.4464653,BSMC,eight,optuna_t003_r01,1783858707.3959074,-0.4759895817695628,-0.4068282597429336,-0.07919551666096579,-1.6344520104648637e-06,0.0002267726853157209,1783858707.4311821,-0.4759918749332428,-0.40682685375213623,-0.07918741873787857,nan,nan,nan,nan,nan,nan,nan,nan,1783858707.43564,0.0,0.0,1783858707.4402802,0.0,0.0,492.0,1783858707.4406002,28037.865234375,nan,nan,52.3770637512207,nan
1.2802155017852783,1783858707.4860153,BSMC,eight,optuna_t003_r01,1783858707.445967,-0.47599010671223346,-0.40682799200165515,-0.07918486668764342,-1.509395890512415e-06,0.0002194761627545843,1783858707.4797895,-0.4759918749332428,-0.40682685375213623,-0.07918741873787857,nan,nan,nan,nan,nan,nan,nan,nan,1783858707.4756496,0.0,0.0,1783858707.4402802,0.0,0.0,492.0,1783858707.4406002,28037.865234375,nan,nan,52.3770637512207,nan
1.3201093673706055,1783858707.5259092,BSMC,eight,optuna_t003_r01,1783858707.4962926,-0.4759905157518687,-0.4068277760053976,-0.0791784064664343,-1.3397870534379709e-06,0.00020266608758537661,1783858707.4797895,-0.4759918749332428,-0.40682685375213623,-0.07918741873787857,nan,nan,nan,nan,nan,nan,nan,nan,1783858707.515241,0.0,0.0,1783858707.4888647,0.0,0.0,495.0,1783858707.4894335,28037.912109375,nan,nan,48.63993453979492,nan
1.360107421875,1783858707.5659072,BSMC,eight,optuna_t003_r01,1783858707.5466201,-0.4759905982673649,-0.40682718319632893,-0.07917989947732253,-1.0015776545221254e-06,0.00016832703291700665,1783858707.5311837,-0.47599074244499207,-0.40682458877563477,-0.07919958736041442,nan,nan,nan,nan,nan,nan,nan,nan,1783858707.5549307,0.0,0.0,1783858707.5432243,0.0,0.0,494.0,1783858707.5437682,28037.966796875,nan,nan,53.92806625366211,nan
1.3999645709991455,1783858707.6057644,BSMC,eight,optuna_t003_r01,1783858707.5959203,-0.475991349195845,-0.40683193940267415,-0.0792745526036926,-9.560309052099333e-07,-9.309645493724794e-05,1783858707.5795758,-0.4759943187236786,-0.4068531095981598,-0.07944026879506469,nan,nan,nan,nan,nan,nan,nan,nan,1783858707.5953426,0.0,0.0,1783858707.5892522,0.0,0.0,496.0,1783858707.5897655,28038.013671875,nan,nan,46.02986526489258,nan
1.440084457397461,1783858707.6458843,BSMC,eight,optuna_t003_r01,1783858707.5959203,-0.475991349195845,-0.40683193940267415,-0.0792745526036926,-9.560309052099333e-07,-9.309645493724794e-05,1783858707.6318054,-0.47599685192108154,-0.4068470597267151,-0.0795383941905132,nan,nan,nan,nan,nan,nan,nan,nan,1783858707.63521,0.0,0.0,1783858707.6400545,0.0,0.0,494.0,1783858707.641051,28038.064453125,nan,nan,50.997474670410156,nan
1.4801068305969238,1783858707.6859066,BSMC,eight,optuna_t003_r01,1783858707.6465418,-0.47599251413326793,-0.40683472752133615,-0.07938046128952389,-1.3389263877452205e-06,-0.0003445673850405825,1783858707.6795313,-0.47599685192108154,-0.4068470597267151,-0.0795383941905132,nan,nan,nan,nan,nan,nan,nan,nan,1783858707.6759763,0.0,0.0,1783858707.6400545,0.0,0.0,494.0,1783858707.641051,28038.064453125,nan,nan,50.997474670410156,nan
1.520185947418213,1783858707.7259858,BSMC,eight,optuna_t003_r01,1783858707.6963034,-0.47599343492823404,-0.4068369824181414,-0.0794529072015672,-1.449619941578033e-06,-0.0004741550869391526,1783858707.6795313,-0.47599685192108154,-0.4068470597267151,-0.0795383941905132,nan,nan,nan,nan,nan,nan,nan,nan,1783858707.715933,0.0,0.0,1783858707.689972,0.0,0.0,494.0,1783858707.6892447,28038.11328125,nan,nan,49.12415313720703,nan
1.5600709915161133,1783858707.7658708,BSMC,eight,optuna_t003_r01,1783858707.746269,-0.47599407602077565,-0.4068385295103387,-0.07950064096065917,-1.361199715148424e-06,-0.0005225615099550621,1783858707.7291884,-0.4759964048862457,-0.40684545040130615,-0.07953478958389364,nan,nan,nan,nan,nan,nan,nan,nan,1783858707.7549624,0.0,0.0,1783858707.740268,0.0,0.0,496.0,1783858707.741012,28038.1640625,nan,nan,51.02126693725586,nan
1.6001973152160645,1783858707.8059971,BSMC,eight,optuna_t003_r01,1783858707.7964416,-0.4759945870017909,-0.40683980675603804,-0.07953115318785495,-1.2303177866042545e-06,-0.0005208241495544117,1783858707.781914,-0.4759964048862457,-0.40684545040130615,-0.07953478958389364,nan,nan,nan,nan,nan,nan,nan,nan,1783858707.7952397,0.0,0.0,1783858707.7893515,0.0,0.0,493.0,1783858707.7897127,28038.212890625,nan,nan,49.26021194458008,nan
1.6403069496154785,1783858707.8461068,BSMC,eight,optuna_t003_r01,1783858707.7964416,-0.4759945870017909,-0.40683980675603804,-0.07953115318785495,-1.2303177866042545e-06,-0.0005208241495544117,1783858707.8311472,-0.4759964048862457,-0.40684545040130615,-0.07953478958389364,nan,nan,nan,nan,nan,nan,nan,nan,1783858707.8349674,0.0,0.0,1783858707.839486,0.0,0.0,494.0,1783858707.8396516,28038.263671875,nan,nan,50.025352478027344,nan
1.6798911094665527,1783858707.885691,BSMC,eight,optuna_t003_r01,1783858707.8462274,-0.47599498678513225,-0.4068408437796913,-0.07954978145449931,-1.0699549705216546e-06,-0.0004899157056855922,1783858707.8807056,-0.4759964048862457,-0.40684545040130615,-0.07953478958389364,nan,nan,nan,nan,nan,nan,nan,nan,1783858707.875908,0.0,0.0,1783858707.839486,0.0,0.0,494.0,1783858707.8396516,28038.263671875,nan,nan,50.025352478027344,nan
1.7199835777282715,1783858707.9257834,BSMC,eight,optuna_t003_r01,1783858707.8961847,-0.4759952997390685,-0.4068416881734574,-0.07956036541780949,-9.090666946610499e-07,-0.0004433932910199541,1783858707.8807056,-0.4759964048862457,-0.40684545040130615,-0.07953478958389364,nan,nan,nan,nan,nan,nan,nan,nan,1783858707.915022,0.0,0.0,1783858707.8897943,0.0,0.0,495.0,1783858707.8920906,28038.314453125,nan,nan,50.14315414428711,nan
1.7599976062774658,1783858707.9657974,BSMC,eight,optuna_t003_r01,1783858707.9466197,-0.4759955474023658,-0.40684238623097474,-0.07956463460793457,-7.606243018087898e-07,-0.0003872002856094173,1783858707.9346921,-0.4759964048862457,-0.40684545040130615,-0.07953478958389364,nan,nan,nan,nan,nan,nan,nan,nan,1783858707.9552884,0.0,0.0,1783858707.9400246,0.0,0.0,494.0,1783858707.9406512,28038.36328125,nan,nan,50.23573303222656,nan
1.8008339405059814,1783858708.0066338,BSMC,eight,optuna_t003_r01,1783858707.9962697,-0.4759953708875567,-0.406838429847191,-0.07945842003117344,-6.185611265933179e-07,-6.590915819136143e-05,1783858707.9795182,-0.47599440813064575,-0.40682077407836914,-0.07925167558882705,nan,nan,nan,nan,nan,nan,nan,nan,1783858707.995596,0.0,0.0,1783858707.9903727,0.0,0.0,491.0,1783858707.9908614,28038.4140625,nan,nan,50.364219665527344,nan
1.8401992321014404,1783858708.045999,BSMC,eight,optuna_t003_r01,1783858707.9962697,-0.4759953708875567,-0.406838429847191,-0.07945842003117344,-6.185611265933179e-07,-6.590915819136143e-05,1783858708.0309815,-0.47599396109580994,-0.40682053565979004,-0.07928448881971756,nan,nan,nan,nan,nan,nan,nan,nan,1783858708.0352032,0.0,0.0,1783858708.0409513,0.0,0.0,493.0,1783858708.0413399,28038.46484375,nan,nan,50.90390396118164,nan
1.8805577754974365,1783858708.0863576,BSMC,eight,optuna_t003_r01,1783858708.0461075,-0.47599512390892895,-0.4068351340831358,-0.07939348189761518,-4.3175594648554666e-07,0.00010634158398122642,1783858708.0828352,-0.47599396109580994,-0.40682053565979004,-0.07928448881971756,nan,nan,nan,nan,nan,nan,nan,nan,1783858708.0750387,0.0,0.0,1783858708.0409513,0.0,0.0,493.0,1783858708.0413399,28038.46484375,nan,nan,50.90390396118164,nan
1.9201087951660156,1783858708.1259086,BSMC,eight,optuna_t003_r01,1783858708.0960321,-0.4759949168902475,-0.40683242875868036,-0.07934769860349995,-3.0112920975232856e-07,0.00020532740668293212,1783858708.0828352,-0.47599396109580994,-0.40682053565979004,-0.07928448881971756,nan,nan,nan,nan,nan,nan,nan,nan,1783858708.1150575,0.0,0.0,1783858708.090251,0.0,0.0,495.0,1783858708.0912235,28038.513671875,nan,nan,49.20570373535156,nan
1.9603571891784668,1783858708.166157,BSMC,eight,optuna_t003_r01,1783858708.146006,-0.47599474693242383,-0.40683024203191603,-0.0793165513344173,-2.084196300990667e-07,0.0002524513722636928,1783858708.1306498,-0.47599396109580994,-0.40682053565979004,-0.07928448881971756,nan,nan,nan,nan,nan,nan,nan,nan,1783858708.1553154,0.0,0.0,1783858708.1413755,0.0,0.0,494.0,1783858708.142055,28038.564453125,nan,nan,50.9754638671875,nan
2.0005037784576416,1783858708.2063036,BSMC,eight,optuna_t003_r01,1783858708.1963365,-0.47599460630707785,-0.40682845797227,-0.07929568236550427,-1.4331688650762374e-07,0.00026675776627964966,1783858708.1803474,-0.47599396109580994,-0.40682053565979004,-0.07928448881971756,nan,nan,nan,nan,nan,nan,nan,nan,1783858708.1952055,0.0,0.0,1783858708.1905324,0.0,0.0,491.0,1783858708.1909492,28038.615234375,nan,nan,49.264469146728516,nan
2.0403008460998535,1783858708.2461007,BSMC,eight,optuna_t003_r01,1783858708.1963365,-0.47599460630707785,-0.40682845797227,-0.07929568236550427,-1.4331688650762374e-07,0.00026675776627964966,1783858708.2296667,-0.47599396109580994,-0.40682053565979004,-0.07928448881971756,nan,nan,nan,nan,nan,nan,nan,nan,1783858708.234849,0.0,0.0,1783858708.240898,0.0,0.0,495.0,1783858708.2412827,28038.6640625,nan,nan,50.287296295166016,nan
2.080808162689209,1783858708.286608,BSMC,eight,optuna_t003_r01,1783858708.2457376,-0.4759944892883677,-0.4068269922161514,-0.07928269382940197,-9.702515307637825e-08,0.00025961378714742505,1783858708.2296667,-0.47599396109580994,-0.40682053565979004,-0.07928448881971756,nan,nan,nan,nan,nan,nan,nan,nan,1783858708.280235,0.0,0.0,1783858708.240898,0.0,0.0,495.0,1783858708.2412827,28038.6640625,nan,nan,50.287296295166016,nan
2.1200945377349854,1783858708.3258944,BSMC,eight,optuna_t003_r01,1783858708.295959,-0.47599439071500055,-0.4068257699580878,-0.07927574924899744,-6.493629175990599e-08,0.00023784517189802046,1783858708.290147,-0.47599396109580994,-0.40682053565979004,-0.07928448881971756,1783858708.3162193,-0.47599439071500055,-0.4068257699580878,-0.07927574924899744,nan,nan,nan,nan,1783858708.3164344,0.0,0.0,1783858708.2918751,0.0,0.0,492.0,1783858708.2920933,28038.71484375,nan,nan,50.08980178833008,nan
2.1603150367736816,1783858708.3661149,BSMC,eight,optuna_t003_r01,1783858708.346492,-0.47599431458415087,-0.4068248140351717,-0.07927032098365905,-6.157451385010352e-08,0.0002211148200691173,1783858708.3308854,-0.47599396109580994,-0.40682053565979004,-0.07928448881971756,1783858708.3553848,-0.47599431458415087,-0.4068248140351717,-0.07927032098365905,nan,nan,nan,nan,1783858708.3555093,0.0,0.0,1783858708.345317,0.0,0.0,493.0,1783858708.3458579,28038.76953125,nan,nan,54.16934585571289,nan
2.2002344131469727,1783858708.4060342,BSMC,eight,optuna_t003_r01,1783858708.396257,-0.47599424914988886,-0.40682402883446134,-0.07926902933693455,-2.8259384767398746e-08,0.0001869449964102744,1783858708.3818688,-0.47599396109580994,-0.40682053565979004,-0.07928448881971756,1783858708.3960688,-0.47599431458415087,-0.4068248140351717,-0.07927032098365905,nan,nan,nan,nan,1783858708.395037,0.0,0.0,1783858708.3912244,0.0,0.0,495.0,1783858708.3915539,28038.814453125,nan,nan,46.16054153442383,nan
2.24052357673645,1783858708.4463234,BSMC,eight,optuna_t003_r01,1783858708.396257,-0.47599424914988886,-0.40682402883446134,-0.07926902933693455,-2.8259384767398746e-08,0.0001869449964102744,1783858708.4300828,-0.47599440813064575,-0.40682053565979004,-0.07928298793055628,1783858708.4357533,-0.47599424914988886,-0.40682402883446134,-0.07926902933693455,nan,nan,nan,nan,1783858708.4353902,0.0,0.0,1783858708.3912244,0.0,0.0,495.0,1783858708.3915539,28038.814453125,nan,nan,46.16054153442383,nan
2.2799413204193115,1783858708.4857411,BSMC,eight,optuna_t003_r01,1783858708.4461894,-0.4759942941776733,-0.40682338491229725,-0.07926777444083413,-1.2196422342339583e-07,0.0001661738830219747,1783858708.4824288,-0.47599440813064575,-0.40682053565979004,-0.07928298793055628,1783858708.4752424,-0.4759942941776733,-0.40682338491229725,-0.07926777444083413,nan,nan,nan,nan,1783858708.4754293,0.0,0.0,1783858708.4580083,0.0,0.0,497.0,1783858708.4584553,28038.8828125,nan,nan,66.82006072998047,nan
2.3201355934143066,1783858708.5259354,BSMC,eight,optuna_t003_r01,1783858708.496046,-0.47599432805328135,-0.40682285871799795,-0.07926828067181459,-1.557590814793075e-07,0.00013982164455695023,1783858708.4824288,-0.47599440813064575,-0.40682053565979004,-0.07928298793055628,1783858708.514795,-0.47599432805328135,-0.40682285871799795,-0.07926828067181459,nan,nan,nan,nan,1783858708.5148737,0.0,0.0,1783858708.514436,0.0,0.0,492.0,1783858708.5149457,28038.9375,nan,nan,56.27199172973633,nan
2.360137939453125,1783858708.5659378,BSMC,eight,optuna_t003_r01,1783858708.5461967,-0.47599435356012665,-0.4068224326188548,-0.07926925346783134,-1.603914982238736e-07,0.0001161795819754668,1783858708.5303946,-0.47599440813064575,-0.40682053565979004,-0.07928298793055628,1783858708.5557985,-0.47599435356012665,-0.4068224326188548,-0.07926925346783134,nan,nan,nan,nan,1783858708.556154,0.0,0.0,1783858708.559792,0.0,0.0,494.0,1783858708.5600936,28038.984375,nan,nan,45.685733795166016,nan
2.4003183841705322,1783858708.6061182,BSMC,eight,optuna_t003_r01,1783858708.596086,-0.4759943725369668,-0.406822083845658,-0.07927071096460993,-1.5359469864862782e-07,9.501715535191731e-05,1783858708.5800335,-0.47599440813064575,-0.40682053565979004,-0.07928298793055628,1783858708.5959933,-0.47599435356012665,-0.4068224326188548,-0.07926925346783134,nan,nan,nan,nan,1783858708.5951707,0.0,0.0,1783858708.5993087,0.0,0.0,495.0,1783858708.596469,28039.021484375,nan,nan,36.677425384521484,nan
2.4406559467315674,1783858708.6464558,BSMC,eight,optuna_t003_r01,1783858708.596086,-0.4759943725369668,-0.406822083845658,-0.07927071096460993,-1.5359469864862782e-07,9.501715535191731e-05,1783858708.6295226,-0.47599440813064575,-0.4068198502063751,-0.07928909072269533,1783858708.6361568,-0.4759943725369668,-0.406822083845658,-0.07927071096460993,nan,nan,nan,nan,1783858708.6356595,0.0,0.0,1783858708.6421344,0.0,0.0,493.0,1783858708.6425529,28039.06640625,nan,nan,45.4458122253418,nan
2.4799647331237793,1783858708.6857646,BSMC,eight,optuna_t003_r01,1783858708.646369,-0.4759943849666425,-0.4068216737257069,-0.07927483382358237,-1.096393893979558e-07,6.868707575331653e-05,1783858708.6798651,-0.47599440813064575,-0.4068198502063751,-0.07928909072269533,1783858708.676438,-0.4759943849666425,-0.4068216737257069,-0.07927483382358237,nan,nan,nan,nan,1783858708.6757696,0.0,0.0,1783858708.6421344,0.0,0.0,493.0,1783858708.6425529,28039.06640625,nan,nan,45.4458122253418,nan
2.5201497077941895,1783858708.7259495,BSMC,eight,optuna_t003_r01,1783858708.6963308,-0.4759943994363844,-0.40682133775270846,-0.07927788013427066,-1.435310032482985e-07,5.2201396523469255e-05,1783858708.6798651,-0.47599440813064575,-0.4068198502063751,-0.07928909072269533,1783858708.7158177,-0.4759943994363844,-0.40682133775270846,-0.07927788013427066,nan,nan,nan,nan,1783858708.7153027,0.0,0.0,1783858708.6984189,0.0,0.0,495.0,1783858708.6986976,28039.123046875,nan,nan,56.52305603027344,nan
2.5600430965423584,1783858708.765843,BSMC,eight,optuna_t003_r01,1783858708.746107,-0.4759944043304664,-0.40682106085468145,-0.07928073233370998,-9.033716247478011e-08,3.626867191219675e-05,1783858708.7333431,-0.47599440813064575,-0.4068198502063751,-0.07928909072269533,1783858708.755189,-0.4759944043304664,-0.40682106085468145,-0.07928073233370998,nan,nan,nan,nan,1783858708.754872,0.0,0.0,1783858708.7448168,0.0,0.0,492.0,1783858708.7449894,28039.16796875,nan,nan,44.52289962768555,nan
2.600210428237915,1783858708.8060102,BSMC,eight,optuna_t003_r01,1783858708.7959929,-0.4759944121169116,-0.4068208372040641,-0.07928267143319737,-1.1064259693480357e-07,2.673198795228265e-05,1783858708.7809741,-0.47599440813064575,-0.4068198502063751,-0.07928909072269533,1783858708.7954438,-0.4759944043304664,-0.40682106085468145,-0.07928073233370998,nan,nan,nan,nan,1783858708.7950573,0.0,0.0,1783858708.8000615,0.0,0.0,496.0,1783858708.8004293,28039.224609375,nan,nan,56.96171188354492,nan
2.640455722808838,1783858708.8462555,BSMC,eight,optuna_t003_r01,1783858708.7959929,-0.4759944121169116,-0.4068208372040641,-0.07928267143319737,-1.1064259693480357e-07,2.673198795228265e-05,1783858708.83214,-0.47599440813064575,-0.4068198502063751,-0.07928909072269533,1783858708.8350842,-0.4759944121169116,-0.4068208372040641,-0.07928267143319737,nan,nan,nan,nan,1783858708.834674,0.0,0.0,1783858708.8428793,0.0,0.0,494.0,1783858708.8432148,28039.267578125,nan,nan,42.75634002685547,nan
2.680349826812744,1783858708.8861496,BSMC,eight,optuna_t003_r01,1783858708.8458965,-0.4759944132518709,-0.406820654756869,-0.07928434243442234,-6.561999642746247e-08,1.802866441576553e-05,1783858708.8821185,-0.47599440813064575,-0.4068198502063751,-0.07928909072269533,1783858708.8756986,-0.4759944132518709,-0.406820654756869,-0.07928434243442234,nan,nan,nan,nan,1783858708.8752127,0.0,0.0,1783858708.8428793,0.0,0.0,494.0,1783858708.8432148,28039.267578125,nan,nan,42.75634002685547,nan
2.7199740409851074,1783858708.9257739,BSMC,eight,optuna_t003_r01,1783858708.896532,-0.47599441704544704,-0.40682050579263335,-0.07928553800206349,-7.759535890477692e-08,1.2648989959492672e-05,1783858708.8821185,-0.47599440813064575,-0.4068198502063751,-0.07928909072269533,1783858708.9152656,-0.47599441704544704,-0.40682050579263335,-0.07928553800206349,nan,nan,nan,nan,1783858708.9148433,0.0,0.0,1783858708.9030857,0.0,0.0,495.0,1783858708.9033995,28039.326171875,nan,nan,60.192073822021484,nan
2.7599728107452393,1783858708.9657726,BSMC,eight,optuna_t003_r01,1783858708.9460561,-0.47599441779618934,-0.40682038526812675,-0.079286489942194,-6.265912299277455e-08,8.349683277728682e-06,1783858708.9303265,-0.47599440813064575,-0.4068198502063751,-0.07928909072269533,1783858708.955059,-0.47599441779618934,-0.40682038526812675,-0.079286489942194,nan,nan,nan,nan,1783858708.9551804,0.0,0.0,1783858708.945327,0.0,0.0,497.0,1783858708.9456506,28039.369140625,nan,nan,42.205387115478516,nan
2.800058126449585,1783858709.005858,BSMC,eight,optuna_t003_r01,1783858708.9958532,-0.47599441792061875,-0.40682028690187,-0.07928721722409893,-5.107194370904763e-08,5.260665510453883e-06,1783858708.9798236,-0.47599440813064575,-0.4068198502063751,-0.07928909072269533,1783858708.9957354,-0.47599441779618934,-0.40682038526812675,-0.079286489942194,nan,nan,nan,nan,1783858708.9953132,0.0,0.0,1783858708.9967742,0.0,0.0,493.0,1783858708.9970417,28039.419921875,nan,nan,51.42620849609375,nan
2.8409159183502197,1783858709.0467157,BSMC,eight,optuna_t003_r01,1783858708.9958532,-0.47599441792061875,-0.40682028690187,-0.07928721722409893,-5.107194370904763e-08,5.260665510453883e-06,1783858709.0299304,-0.47599440813064575,-0.4068198502063751,-0.07928909072269533,1783858709.0352545,-0.47599441792061875,-0.40682028690187,-0.07928721722409893,nan,nan,nan,nan,1783858709.0349522,0.0,0.0,1783858708.9967742,0.0,0.0,493.0,1783858708.9970417,28039.419921875,nan,nan,51.42620849609375,nan
2.8799402713775635,1783858709.08574,BSMC,eight,optuna_t003_r01,1783858709.0467224,-0.4759944176411732,-0.4068202065215182,-0.07928776612667245,-4.106490564263802e-08,3.0746674842214663e-06,1783858709.0825078,-0.47599440813064575,-0.4068198502063751,-0.07928909072269533,1783858709.0758154,-0.4759944176411732,-0.4068202065215182,-0.07928776612667245,nan,nan,nan,nan,1783858709.0751958,0.0,0.0,1783858709.0473387,0.0,0.0,494.0,1783858709.047445,28039.470703125,nan,nan,50.344791412353516,nan
2.9203717708587646,1783858709.1261716,BSMC,eight,optuna_t003_r01,1783858709.0960922,-0.47599441699523143,-0.40682014027687025,-0.07928818819418465,-3.278919486457307e-08,1.5394889214268775e-06,1783858709.0825078,-0.47599440813064575,-0.4068198502063751,-0.07928909072269533,1783858709.115717,-0.47599441699523143,-0.40682014027687025,-0.07928818819418465,nan,nan,nan,nan,1783858709.115015,0.0,0.0,1783858709.098417,0.0,0.0,493.0,1783858709.0981019,28039.521484375,nan,nan,50.89292526245117,nan
2.9600160121917725,1783858709.1658158,BSMC,eight,optuna_t003_r01,1783858709.1462097,-0.47599441623771477,-0.4068200864151589,-0.07928849065465857,-2.5951715146449358e-08,5.344612446152802e-07,1783858709.1331801,-0.47599440813064575,-0.4068198502063751,-0.07928909072269533,1783858709.1558566,-0.47599441623771477,-0.4068200864151589,-0.07928849065465857,nan,nan,nan,nan,1783858709.1551242,0.0,0.0,1783858709.1501338,0.0,0.0,494.0,1783858709.1507843,28039.57421875,nan,nan,52.23966979980469,nan
3.000025987625122,1783858709.2058258,BSMC,eight,optuna_t003_r01,1783858709.1965148,-0.4759944149879197,-0.40682004258011156,-0.0792887068770198,-1.4434851343974811e-08,-9.858897841061882e-08,1783858709.1836395,-0.47599440813064575,-0.4068198502063751,-0.07928909072269533,1783858709.1952968,-0.47599441623771477,-0.4068200864151589,-0.07928849065465857,nan,nan,nan,nan,1783858709.19544,0.0,0.0,1783858709.1941335,0.0,0.0,494.0,1783858709.1945212,28039.6171875,nan,nan,43.89226531982422,nan
3.0404605865478516,1783858709.2462604,BSMC,eight,optuna_t003_r01,1783858709.1965148,-0.4759944149879197,-0.40682004258011156,-0.0792887068770198,-1.4434851343974811e-08,-9.858897841061882e-08,1783858709.2319393,-0.47599440813064575,-0.4068198502063751,-0.07928909072269533,1783858709.2354176,-0.4759944149879197,-0.40682004258011156,-0.0792887068770198,nan,nan,nan,nan,1783858709.2348576,0.0,0.0,1783858709.1941335,0.0,0.0,494.0,1783858709.1945212,28039.6171875,nan,nan,43.89226531982422,nan
3.080203056335449,1783858709.2860029,BSMC,eight,optuna_t003_r01,1783858709.2461543,-0.47599441460341546,-0.4068200071366156,-0.07928885816626816,-1.608531605670972e-08,-4.72498902666862e-07,1783858709.279812,-0.47599440813064575,-0.4068198502063751,-0.07928909072269533,1783858709.2756722,-0.47599441460341546,-0.4068200071366156,-0.07928885816626816,nan,nan,nan,nan,1783858709.2759042,0.0,0.0,1783858709.252233,0.0,0.0,494.0,1783858709.252692,28039.67578125,nan,nan,58.14746856689453,nan
3.120256185531616,1783858709.326056,BSMC,eight,optuna_t003_r01,1783858709.2960162,-0.4759944135582039,-0.40681997838834927,-0.07928896164020871,-8.790868739931431e-09,-6.504313690097552e-07,1783858709.279812,-0.47599440813064575,-0.4068198502063751,-0.07928909072269533,1783858709.3155813,-0.4759944135582039,-0.40681997838834927,-0.07928896164020871,nan,nan,nan,nan,1783858709.3151283,0.0,0.0,1783858709.2940676,0.0,0.0,493.0,1783858709.2943814,28039.71875,nan,nan,41.91542053222656,nan
3.159996271133423,1783858709.365796,BSMC,eight,optuna_t003_r01,1783858709.3461044,-0.47599441308678325,-0.40681995476267346,-0.0792890352056924,-9.720466185749144e-09,-7.554483438121725e-07,1783858709.3309853,-0.47599440813064575,-0.4068198502063751,-0.07928909072269533,1783858709.355751,-0.47599441308678325,-0.40681995476267346,-0.0792890352056924,nan,nan,nan,nan,1783858709.35518,0.0,0.0,1783858709.3453825,0.0,0.0,492.0,1783858709.3457487,28039.76953125,nan,nan,51.08811569213867,nan
3.2005228996276855,1783858709.4063227,BSMC,eight,optuna_t003_r01,1783858709.397166,-0.4759944122571732,-0.4068199355603297,-0.07928908073218832,-5.2986498242771985e-09,-7.389818181128563e-07,1783858709.3797667,-0.47599440813064575,-0.4068198502063751,-0.07928909072269533,1783858709.395578,-0.47599441308678325,-0.40681995476267346,-0.0792890352056924,nan,nan,nan,nan,1783858709.395784,0.0,0.0,1783858709.395951,0.0,0.0,494.0,1783858709.3960245,28039.818359375,nan,nan,49.216522216796875,nan
3.2398123741149902,1783858709.4456122,BSMC,eight,optuna_t003_r01,1783858709.397166,-0.4759944122571732,-0.4068199355603297,-0.07928908073218832,-5.2986498242771985e-09,-7.389818181128563e-07,1783858709.4288657,-0.47599440813064575,-0.4068198502063751,-0.07928909072269533,1783858709.4357245,-0.4759944122571732,-0.4068199355603297,-0.07928908073218832,nan,nan,nan,nan,1783858709.435341,0.0,0.0,1783858709.4450634,0.0,0.0,491.0,1783858709.445415,28039.869140625,nan,nan,50.59322738647461,nan
3.2803938388824463,1783858709.4861937,BSMC,eight,optuna_t003_r01,1783858709.446242,-0.475994411809443,-0.40681991989090355,-0.0792891113131681,-5.814126395642009e-09,-7.248819173062312e-07,1783858709.4798837,-0.47599440813064575,-0.4068198502063751,-0.07928909072269533,1783858709.4758668,-0.475994411809443,-0.40681991989090355,-0.0792891113131681,nan,nan,nan,nan,1783858709.4751241,0.0,0.0,1783858709.4450634,0.0,0.0,491.0,1783858709.445415,28039.869140625,nan,nan,50.59322738647461,nan
3.319985866546631,1783858709.5257857,BSMC,eight,optuna_t003_r01,1783858709.4962065,-0.4759944111712408,-0.4068199070619445,-0.07928912582075583,-3.1426938044232776e-09,-6.381996604264623e-07,1783858709.4798837,-0.47599440813064575,-0.4068198502063751,-0.07928909072269533,1783858709.5153913,-0.4759944111712408,-0.4068199070619445,-0.07928912582075583,nan,nan,nan,nan,1783858709.514868,0.0,0.0,1783858709.4948642,0.0,0.0,494.0,1783858709.4953156,28039.91796875,nan,nan,49.68239974975586,nan
3.359987258911133,1783858709.565787,BSMC,eight,optuna_t003_r01,1783858709.5460293,-0.4759944107911685,-0.4068198965519239,-0.07928913502127607,-3.431782706647853e-09,-5.806909981498407e-07,1783858709.5304375,-0.47599440813064575,-0.4068198502063751,-0.07928909072269533,1783858709.5555043,-0.4759944107911685,-0.4068198965519239,-0.07928913502127607,nan,nan,nan,nan,1783858709.5547664,0.0,0.0,1783858709.5450065,0.0,0.0,494.0,1783858709.5453587,28039.96875,nan,nan,50.228759765625,nan
3.400036334991455,1783858709.6058362,BSMC,eight,optuna_t003_r01,1783858709.596189,-0.4759944103782258,-0.4068198879968583,-0.07928913714335636,-2.6181532954865964e-09,-4.999380897650054e-07,1783858709.5805008,-0.47599440813064575,-0.4068198502063751,-0.07928909072269533,1783858709.5958862,-0.4759944107911685,-0.4068198965519239,-0.07928913502127607,nan,nan,nan,nan,1783858709.5952897,0.0,0.0,1783858709.595457,0.0,0.0,492.0,1783858709.5959983,28040.01953125,nan,nan,50.216796875,nan
3.4402759075164795,1783858709.6460757,BSMC,eight,optuna_t003_r01,1783858709.596189,-0.4759944103782258,-0.4068198879968583,-0.07928913714335636,-2.6181532954865964e-09,-4.999380897650054e-07,1783858709.62915,-0.47599440813064575,-0.4068198502063751,-0.07928909072269533,1783858709.6353557,-0.4759944103782258,-0.4068198879968583,-0.07928913714335636,nan,nan,nan,nan,1783858709.6350143,0.0,0.0,1783858709.6457474,0.0,0.0,494.0,1783858709.5959983,28040.01953125,nan,nan,50.216796875,nan
3.48038649559021,1783858709.6861863,BSMC,eight,optuna_t003_r01,1783858709.6459732,-0.4759944100236951,-0.4068198810502399,-0.07928913596086579,-1.9926542943057837e-09,-4.233185297688457e-07,1783858709.6819441,-0.47599685192108154,-0.40684637427330017,-0.07953239217218516,1783858709.6769302,-0.4759944100236951,-0.4068198810502399,-0.07928913596086579,nan,nan,nan,nan,1783858709.6765146,0.0,0.0,1783858709.6457474,0.0,0.0,494.0,1783858709.6462808,28040.0703125,nan,nan,50.51852798461914,nan
3.5202910900115967,1783858709.726091,BSMC,eight,optuna_t003_r01,1783858709.6960359,-0.47599487411673125,-0.40682479173446745,-0.07938459580787338,-7.332036494526039e-08,-0.00024466912890395287,1783858709.6819441,-0.47599685192108154,-0.40684637427330017,-0.07953239217218516,1783858709.715548,-0.47599487411673125,-0.40682479173446745,-0.07938459580787338,nan,nan,nan,nan,1783858709.7152164,0.0,0.0,1783858709.6979625,0.0,0.0,493.0,1783858709.6980832,28040.12109375,nan,nan,51.45452117919922,nan
3.5603926181793213,1783858709.7661924,BSMC,eight,optuna_t003_r01,1783858709.7465065,-0.4759952484220166,-0.4068287691967928,-0.07945038104648429,-1.0625500511706219e-07,-0.00037584309508485974,1783858709.730234,-0.47599685192108154,-0.40684637427330017,-0.07953239217218516,1783858709.7556505,-0.4759952484220166,-0.4068287691967928,-0.07945038104648429,nan,nan,nan,nan,1783858709.75535,0.0,0.0,1783858709.746295,0.0,0.0,496.0,1783858709.746658,28040.169921875,nan,nan,49.109920501708984,nan
3.600027084350586,1783858709.805827,BSMC,eight,optuna_t003_r01,1783858709.7960315,-0.475995238365946,-0.40683083227035216,-0.07946520717205684,9.710698506047201e-08,-0.000358424143231228,1783858709.7834876,-0.47599533200263977,-0.40683984756469727,-0.0794577920004896,1783858709.7953084,-0.4759952484220166,-0.4068287691967928,-0.07945038104648429,nan,nan,nan,nan,1783858709.7949395,0.0,0.0,1783858709.7966552,0.0,0.0,496.0,1783858709.7972627,28040.220703125,nan,nan,50.53394317626953,nan
3.640023946762085,1783858709.8458238,BSMC,eight,optuna_t003_r01,1783858709.7960315,-0.475995238365946,-0.40683083227035216,-0.07946520717205684,9.710698506047201e-08,-0.000358424143231228,1783858709.8294115,-0.47599589824676514,-0.4068495035171509,-0.07984954677749648,1783858709.8356187,-0.475995238365946,-0.40683083227035216,-0.07946520717205684,nan,nan,nan,nan,1783858709.8359747,0.0,0.0,1783858709.7966552,0.0,0.0,496.0,1783858709.7972627,28040.220703125,nan,nan,50.53394317626953,nan
3.679962635040283,1783858709.8857625,BSMC,eight,optuna_t003_r01,1783858709.8463285,-0.47599533073865224,-0.4068342562020135,-0.07962541795151501,2.3872960715181517e-07,-0.0007125459343753219,1783858709.8822293,-0.47599589824676514,-0.4068508446216583,-0.07982683210613264,1783858709.8763623,-0.47599533073865224,-0.4068342562020135,-0.07962541795151501,nan,nan,nan,nan,1783858709.8760414,0.0,0.0,1783858709.846326,0.0,0.0,494.0,1783858709.8464115,28040.26953125,nan,nan,49.38722229003906,nan
3.720273971557617,1783858709.9260738,BSMC,eight,optuna_t003_r01,1783858709.896146,-0.47599540834550064,-0.406837353028135,-0.07972702696664145,3.3101326294240803e-07,-0.0008682272824814752,1783858709.8822293,-0.47599589824676514,-0.4068508446216583,-0.07982683210613264,1783858709.915498,-0.47599540834550064,-0.406837353028135,-0.07972702696664145,nan,nan,nan,nan,1783858709.915145,0.0,0.0,1783858709.8981876,0.0,0.0,493.0,1783858709.8985033,28040.322265625,nan,nan,52.10574722290039,nan
3.7599804401397705,1783858709.9657803,BSMC,eight,optuna_t003_r01,1783858709.9462564,-0.47599480508174946,-0.4068427159211575,-0.07978653532781477,1.2246917640518643e-06,-0.0008914122872659386,1783858709.9326754,-0.47599300742149353,-0.4068663418292999,-0.07980751212323227,1783858709.9556146,-0.47599480508174946,-0.4068427159211575,-0.07978653532781477,nan,nan,nan,nan,1783858709.9553218,0.0,0.0,1783858709.9464784,0.0,0.0,493.0,1783858709.94717,28040.37109375,nan,nan,48.08803939819336,nan
3.8001515865325928,1783858710.0059514,BSMC,eight,optuna_t003_r01,1783858709.995952,-0.4759943382110838,-0.4068470658092447,-0.07982407475895598,1.6260561035646827e-06,-0.0008555603711009724,1783858709.980381,-0.47599300742149353,-0.4068663418292999,-0.07980751212323227,1783858709.9960513,-0.47599480508174946,-0.4068427159211575,-0.07978653532781477,nan,nan,nan,nan,1783858709.995653,0.0,0.0,1783858710.0008812,0.0,0.0,496.0,1783858710.0012164,28040.42578125,nan,nan,54.54592514038086,nan
3.8400168418884277,1783858710.0458167,BSMC,eight,optuna_t003_r01,1783858709.995952,-0.4759943382110838,-0.4068470658092447,-0.07982407475895598,1.6260561035646827e-06,-0.0008555603711009724,1783858710.0296109,-0.47599777579307556,-0.4068681597709656,-0.07972904471152745,1783858710.0359342,-0.4759943382110838,-0.4068470658092447,-0.07982407475895598,nan,nan,nan,nan,1783858710.0354338,0.0,0.0,1783858710.0008812,0.0,0.0,496.0,1783858710.0012164,28040.42578125,nan,nan,54.54592514038086,nan
3.880202293395996,1783858710.086002,BSMC,eight,optuna_t003_r01,1783858710.0463064,-0.4759950034815103,-0.40685092419730484,-0.07981656639627425,7.713295414243481e-07,-0.0007082938341611003,1783858710.0805252,-0.47599777579307556,-0.4068681597709656,-0.07972904471152745,1783858710.0757854,-0.4759950034815103,-0.40685092419730484,-0.07981656639627425,nan,nan,nan,nan,1783858710.075237,0.0,0.0,1783858710.047293,0.0,0.0,494.0,1783858710.0475695,28040.470703125,nan,nan,46.306617736816406,nan
3.9200727939605713,1783858710.1258726,BSMC,eight,optuna_t003_r01,1783858710.0970807,-0.47599555043239544,-0.4068540956748293,-0.0798063874824719,2.511895697056344e-07,-0.0005760524782538559,1783858710.0805252,-0.47599777579307556,-0.4068681597709656,-0.07972904471152745,1783858710.115393,-0.47599555043239544,-0.4068540956748293,-0.0798063874824719,nan,nan,nan,nan,1783858710.1150703,0.0,0.0,1783858710.0972586,0.0,0.0,492.0,1783858710.098575,28040.521484375,nan,nan,49.89360427856445,nan
3.9606895446777344,1783858710.1664894,BSMC,eight,optuna_t003_r01,1783858710.1466968,-0.47599599731643144,-0.40685670263730794,-0.07979443121706836,-5.8842717634412827e-08,-0.0004604969774301059,1783858710.1324809,-0.47599777579307556,-0.4068681597709656,-0.07972904471152745,1783858710.155701,-0.47599599731643144,-0.40685670263730794,-0.07979443121706836,nan,nan,nan,nan,1783858710.1553013,0.0,0.0,1783858710.146953,0.0,0.0,491.0,1783858710.1478915,28040.5703125,nan,nan,49.58460998535156,nan
4.000070810317993,1783858710.2058706,BSMC,eight,optuna_t003_r01,1783858710.196353,-0.4759960557092249,-0.40685885975248076,-0.07979437598805511,6.937659712190675e-08,-0.000392178365429728,1783858710.1809564,-0.4759964048862457,-0.4068683981895447,-0.07975519146019233,1783858710.1957064,-0.47599599731643144,-0.40685670263730794,-0.07979443121706836,nan,nan,nan,nan,1783858710.1958432,0.0,0.0,1783858710.1974053,0.0,0.0,494.0,1783858710.1977446,28040.62109375,nan,nan,50.58800506591797,nan
4.040186405181885,1783858710.2459862,BSMC,eight,optuna_t003_r01,1783858710.196353,-0.4759960557092249,-0.40685885975248076,-0.07979437598805511,6.937659712190675e-08,-0.000392178365429728,1783858710.2301016,-0.4759964048862457,-0.4068683981895447,-0.07975519146019233,1783858710.2361276,-0.4759960557092249,-0.40685885975248076,-0.07979437598805511,nan,nan,nan,nan,1783858710.2355003,0.0,0.0,1783858710.1974053,0.0,0.0,494.0,1783858710.1977446,28040.62109375,nan,nan,50.58800506591797,nan
4.0803680419921875,1783858710.2861679,BSMC,eight,optuna_t003_r01,1783858710.246704,-0.47599610516936364,-0.406860610356969,-0.0797925393362632,1.3434707709519384e-07,-0.0003291760166745855,1783858710.2797472,-0.475996196269989,-0.4068686068058014,-0.07975152640107251,1783858710.2757342,-0.47599610516936364,-0.406860610356969,-0.0797925393362632,nan,nan,nan,nan,1783858710.275308,0.0,0.0,1783858710.2482495,0.0,0.0,495.0,1783858710.2484288,28040.671875,nan,nan,50.01564407348633,nan
4.120056390762329,1783858710.3258562,BSMC,eight,optuna_t003_r01,1783858710.2960513,-0.47599610207950904,-0.40686208090351933,-0.07978753939773489,2.0848523878247082e-07,-0.0002681167792248038,1783858710.2797472,-0.475996196269989,-0.4068686068058014,-0.07975152640107251,1783858710.2757342,-0.47599610516936364,-0.406860610356969,-0.0797925393362632,nan,nan,nan,nan,1783858710.3152308,0.0,0.0,1783858710.2974422,0.0,0.0,497.0,1783858710.2975228,28040.720703125,nan,nan,49.83536148071289,nan
4.16012167930603,1783858710.3659215,BSMC,eight,optuna_t003_r01,1783858710.3459847,-0.4759957195059081,-0.40686423394953714,-0.0797536062608574,6.780911902815883e-07,-0.00014161251311263994,1783858710.330645,-0.4759944975376129,-0.4068737328052521,-0.07967751311237532,1783858710.3549433,-0.4759319976108539,-0.4068275387063642,-0.07931664065244237,1783858710.3556137,6.0595870026942395e-05,4.165526757198371e-05,0.00043696560841502424,1783858710.3557265,0.0019088857835400088,7.894606372642862e-05,1783858710.356676,0.0,0.0,493.0,1783858710.3569636,28040.78125,nan,nan,59.70286560058594,nan
4.200063228607178,1783858710.405863,BSMC,eight,optuna_t003_r01,1783858710.3960588,-0.47599542036844794,-0.40686598590098155,-0.07972878409155484,8.775747409390272e-07,-5.6913432586094945e-05,1783858710.3798954,-0.4759944975376129,-0.4068737328052521,-0.07967751311237532,1783858710.3953357,-0.475833725402017,-0.40683534971613194,-0.07931667377703766,1783858710.3961437,0.00015917800353889083,4.1698343183468113e-05,0.00043693248381973526,1783858710.3962631,0.0030873337502558313,8.057767913906084e-05,1783858710.3975914,0.0,0.0,492.0,1783858710.3978581,28040.822265625,nan,nan,40.75692367553711,nan
4.240435838699341,1783858710.4462357,BSMC,eight,optuna_t003_r01,1783858710.3960588,-0.47599542036844794,-0.40686598590098155,-0.07972878409155484,8.775747409390272e-07,-5.6913432586094945e-05,1783858710.432657,-0.4759944975376129,-0.4068737328052521,-0.07967751311237532,1783858710.435108,-0.47569267085427086,-0.4068465612208432,-0.0793167722793997,1783858710.4352005,0.00030024071717001913,4.3475260622213995e-05,0.0004120118121551386,1783858710.4352896,0.004264492679340397,7.680804306241302e-05,1783858710.3975914,0.0,0.0,492.0,1783858710.3978581,28040.822265625,nan,nan,40.75692367553711,nan
4.280055999755859,1783858710.4858558,BSMC,eight,optuna_t003_r01,1783858710.4463851,-0.47599518574621524,-0.40686742976564555,-0.07971047507779097,9.475395954445845e-07,-1.4034644180180804e-06,1783858710.4824924,-0.4759944975376129,-0.4068737328052521,-0.07967751311237532,1783858710.4752908,-0.47550339230084154,-0.4068616057669886,-0.07931699883811794,1783858710.4759157,0.000489768161469752,4.4965096279560544e-05,0.0003934762396730351,1783858710.476008,0.005484409312914841,7.217782372023309e-05,1783858710.4486775,0.0,0.0,492.0,1783858710.4489794,28040.873046875,nan,nan,50.84683609008789,nan
4.320097208023071,1783858710.525897,BSMC,eight,optuna_t003_r01,1783858710.495937,-0.475995006987081,-0.4068685999161286,-0.07969769056172539,9.167050787022111e-07,3.153262308140442e-05,1783858710.4824924,-0.4759944975376129,-0.4068737328052521,-0.07967751311237532,1783858710.5151784,-0.4752709247802499,-0.40688008320422275,-0.07931742508555774,1783858710.5157304,0.0007226980623769265,4.619977047040062e-05,0.0003802654761676516,1783858710.5158918,0.006710771198851689,6.616500400502807e-05,1783858710.4985816,0.0,0.0,492.0,1783858710.4989767,28040.921875,nan,nan,50.060245513916016,nan
4.360408067703247,1783858710.566208,BSMC,eight,optuna_t003_r01,1783858710.5464942,-0.47599487061359674,-0.4068695475481766,-0.07968882221217748,8.344603687893856e-07,4.943957937263441e-05,1783858710.5308943,-0.4759944975376129,-0.4068737328052521,-0.07967751311237532,1783858710.5551128,-0.47499039310007185,-0.40690238113249044,-0.07931815669746943,1783858710.5555284,0.001003903531280395,4.723155003594539e-05,0.0003706655147080462,1783858710.5556135,0.007969247229412283,5.799087649459124e-05,1783858710.5481253,0.0,0.0,496.0,1783858710.5488076,28040.97265625,nan,nan,49.67955017089844,nan
4.400030136108398,1783858710.60583,BSMC,eight,optuna_t003_r01,1783858710.5963404,-0.4759947674813059,-0.4068703247988369,-0.07968280290350821,7.343649521074383e-07,5.751521822606071e-05,1783858710.5826936,-0.4759944975376129,-0.4068737328052521,-0.07967751311237532,1783858710.5952203,-0.4746688495712593,-0.40692793916750564,-0.0793192874971127,1783858710.5955923,0.0013264611847654596,4.735093705622237e-05,0.000369534715064776,1783858710.5956945,0.009229217215420438,4.830182139003743e-05,1783858710.5481253,0.0,0.0,496.0,1783858710.5488076,28040.97265625,nan,nan,49.67955017089844,nan
4.440097332000732,1783858710.6458972,BSMC,eight,optuna_t003_r01,1783858710.5963404,-0.4759947674813059,-0.4068703247988369,-0.07968280290350821,7.343649521074383e-07,5.751521822606071e-05,1783858710.630526,-0.4759944975376129,-0.4068737328052521,-0.07967751311237532,1783858710.634935,-0.47429851689740055,-0.40695737575241037,-0.07932097665686255,1783858710.6353061,0.0016977975150224808,4.8244273244377693e-05,0.0003618262466456579,1783858710.6357615,0.010521767228280196,3.370038334799005e-05,1783858710.6104584,0.0,19.0,503.0,1783858710.6110518,28041.03515625,nan,nan,62.18292999267578,nan
4.480090618133545,1783858710.6858904,BSMC,eight,optuna_t003_r01,1783858710.6464982,-0.4759398818561467,-0.4068753311318095,-0.07974299931286621,0.0005766225074216545,-0.0005824494166731901,1783858710.6823845,-0.4759944975376129,-0.4068737328052521,-0.07967751311237532,1783858710.6754658,-0.4738824361031065,-0.40699044956276514,-0.07932336843090648,1783858710.6757686,0.0020600777886007407,4.914045953038882e-05,0.00041963088195973164,1783858710.6758542,0.011810994898619134,2.9068397029317436e-05,1783858710.6559691,0.0,25.0,495.0,1783858710.6563506,28041.080078125,nan,nan,45.477989196777344,nan
4.520460605621338,1783858710.7262604,BSMC,eight,optuna_t003_r01,1783858710.6964583,-0.4758515029415664,-0.4068829071357691,-0.07984579132468311,0.0013376481300758647,-0.0015585691309852306,1783858710.6823845,-0.4759944975376129,-0.4068737328052521,-0.07967751311237532,1783858710.7150881,-0.47342601214240004,-0.4070267314934073,-0.07932659328948755,1783858710.7154088,0.0024292348004742517,5.009338135526567e-05,0.0005191980351955672,1783858710.7154937,0.013090737820774955,3.014982652357951e-05,1783858710.6989946,0.0,6.0,488.0,1783858710.6992915,28041.123046875,nan,nan,43.31237030029297,nan
4.5600903034210205,1783858710.7658901,BSMC,eight,optuna_t003_r01,1783858710.746284,-0.4758103085525347,-0.40688661681446503,-0.0798970509075355,0.0014539755040848185,-0.0019140960467270737,1783858710.7302332,-0.4759944975376129,-0.4068737328052521,-0.07967751311237532,1783858710.7549214,-0.4729236654962959,-0.4070666657882284,-0.07933086973187542,1783858710.7552984,0.0028918045394951764,5.091436378958642e-05,0.0005661811756600827,1783858710.7553942,0.014412410859774207,1.552693783497713e-05,1783858710.7482421,0.0,0.0,495.0,1783858710.7487628,28041.171875,nan,nan,49.23220443725586,nan
4.60008692741394,1783858710.8058867,BSMC,eight,optuna_t003_r01,1783858710.7962728,-0.4758096091025633,-0.40688701033887026,-0.0799001550212783,0.001203021188355779,-0.001820202683090705,1783858710.7814283,-0.4759944975376129,-0.4068737328052521,-0.07967751311237532,1783858710.7950554,-0.47237412498696646,-0.40711035449294847,-0.07933642066430013,1783858710.7954082,0.0034430788612455046,5.122499681584067e-05,0.0005606302432353688,1783858710.7954974,0.015775884238732312,-1.636317806742286e-05,1783858710.7985017,0.0,0.0,498.0,1783858710.7988102,28041.22265625,nan,nan,50.26469802856445,nan
4.640884160995483,1783858710.846684,BSMC,eight,optuna_t003_r01,1783858710.7962728,-0.4758096091025633,-0.40688701033887026,-0.0799001550212783,0.001203021188355779,-0.001820202683090705,1783858710.8308096,-0.4759944975376129,-0.4068737328052521,-0.07967751311237532,1783858710.835035,-0.4717810420829462,-0.40715750857869265,-0.07934343462752312,1783858710.8354144,0.004037304465789852,5.19054891811024e-05,0.0005567203937551779,1783858710.8355305,0.017154250610079278,-5.3608569090660534e-05,1783858710.7985017,0.0,0.0,498.0,1783858710.7988102,28041.22265625,nan,nan,50.26469802856445,nan
4.6799094676971436,1783858710.8857093,BSMC,eight,optuna_t003_r01,1783858710.8468313,-0.47582469972243185,-0.40688607565729323,-0.0798854936979155,0.000895549886407707,-0.0015840594303279626,1783858710.8814049,-0.4759944975376129,-0.4068737328052521,-0.07967751311237532,1783858710.8750622,-0.47114232302518244,-0.4072082961004947,-0.07935217635470437,1783858710.876126,0.00469315726763843,5.246341748156938e-05,0.0005333173432111316,1783858710.8765318,0.01855952889422029,-0.00010204033120666098,1783858710.8494005,0.0,0.0,500.0,1783858710.8498092,28041.2734375,nan,nan,50.86207580566406,nan
4.720700025558472,1783858710.9264998,BSMC,eight,optuna_t003_r01,1783858710.8962562,-0.47584701261495105,-0.40688451361899697,-0.07986045277303123,0.0006257777102591677,-0.0013167419923178416,1783858710.8814049,-0.4759944975376129,-0.4068737328052521,-0.07967751311237532,1783858710.9154181,-0.47045503939500183,-0.4072629519578565,-0.07936295907344026,1783858710.9158928,0.005404978326879704,5.291565863703592e-05,0.0004974936995909701,1783858710.9160352,0.01999379907824968,-0.00016092431421933938,1783858710.8991044,0.0,12.0,501.0,1783858710.8992016,28041.322265625,nan,nan,49.58941650390625,nan
4.7604076862335205,1783858710.9662075,BSMC,eight,optuna_t003_r01,1783858710.9465427,-0.47583461289208306,-0.4068856899422143,-0.07987596318381415,0.0007683529291753527,-0.0014607310199103581,1783858710.9304278,-0.4759944975376129,-0.4068737328052521,-0.07967751311237532,1783858710.9549751,-0.46972855226307186,-0.4073207341171506,-0.07937590820208518,1783858710.9554484,0.006121304765387378,5.355192389103859e-05,0.0005000549817289757,1783858710.9558146,0.021420387880499884,-0.00021708993008744728,1783858710.9513772,0.0,25.0,492.0,1783858710.9517004,28041.375,nan,nan,52.42372512817383,nan
4.801167726516724,1783858711.0069675,BSMC,eight,optuna_t003_r01,1783858710.9962115,-0.4757744511059405,-0.40689065908946187,-0.07994404629252694,0.001377227174986602,-0.0021466926442674705,1783858710.9835346,-0.4759944975376129,-0.4068737328052521,-0.07967751311237532,1783858710.995424,-0.46894704709273716,-0.4073829034653567,-0.07939161836441343,1783858710.9957943,0.006905278751005542,5.393791640813947e-05,0.0004843448194007255,1783858710.995886,0.02288978319729576,-0.0002866092317694021,1783858710.9991088,0.0,12.0,500.0,1783858710.9994683,28041.423828125,nan,nan,47.77688217163086,nan
4.841104507446289,1783858711.0469043,BSMC,eight,optuna_t003_r01,1783858710.9962115,-0.4757744511059405,-0.40689065908946187,-0.07994404629252694,0.001377227174986602,-0.0021466926442674705,1783858711.029463,-0.4759944975376129,-0.4068737328052521,-0.07967751311237532,1783858711.0349185,-0.4681373667373046,-0.40744732798694855,-0.0794098416540292,1783858711.0352354,0.0076571478437639255,5.4998307551762924e-05,0.0005342046384977372,1783858711.0353186,0.024321781296260538,-0.00034515610837862416,1783858710.9991088,0.0,12.0,500.0,1783858710.9994683,28041.423828125,nan,nan,47.77688217163086,nan
4.880020380020142,1783858711.0858202,BSMC,eight,optuna_t003_r01,1783858711.0470517,-0.47573341843616535,-0.40689406763364816,-0.07999659685591064,0.0016123661213135266,-0.0025371407934496795,1783858711.0807512,-0.4759944975376129,-0.4068737328052521,-0.07967751311237532,1783858711.075581,-0.467264600334134,-0.40751678970946215,-0.07943170413815659,1783858711.075791,0.008491497169293738,5.602368139265941e-05,0.000564892717754048,1783858711.075878,0.025812494703675144,-0.0004186504420248833,1783858711.053983,0.0,6.0,507.0,1783858711.054284,28041.478515625,nan,nan,54.771358489990234,nan
4.920097351074219,1783858711.1258972,BSMC,eight,optuna_t003_r01,1783858711.096371,-0.47572490260989087,-0.40689484753990934,-0.0800090459837087,0.0015263388455915472,-0.0025763744563490404,1783858711.0807512,-0.4759944975376129,-0.4068737328052521,-0.07967751311237532,1783858711.114813,-0.46636105737273353,-0.4075887221962744,-0.0794567640540158,1783858711.1153152,0.009389347177898699,5.6738320961218186e-05,0.0005522819296928938,1783858711.115433,0.027311240348105042,-0.000511762725681648,1783858711.0999959,0.0,25.0,517.0,1783858711.1003366,28041.5234375,nan,nan,46.097782135009766,nan
4.960132360458374,1783858711.1659322,BSMC,eight,optuna_t003_r01,1783858711.1461897,-0.47567330000339947,-0.4068990652824916,-0.08007303506026073,0.0019131190844291735,-0.003111941808864281,1783858711.129474,-0.4759944975376129,-0.4068737328052521,-0.07967751311237532,1783858711.1548414,-0.465407471859478,-0.4076646646267136,-0.07948589022893471,1783858711.1552362,0.010294173439800767,5.799161752846659e-05,0.0005871448313260197,1783858711.1553273,0.028819127849994217,-0.0006012469571603754,1783858711.1556149,-15.0,51.0,534.0,1783858711.155884,28041.580078125,nan,nan,55.63943862915039,nan
5.000041246414185,1783858711.205841,BSMC,eight,optuna_t003_r01,1783858711.1964886,-0.47557832068547135,-0.4069067643665452,-0.08028798351852345,0.002687783636667678,-0.005117752322187895,1783858711.1809335,-0.4759944975376129,-0.4068737328052521,-0.07967751311237532,1783858711.1952217,-0.46439948023692595,-0.4077449717737583,-0.07951966972761693,1783858711.1956239,0.011305358890742504,5.856851035755727e-05,0.0005533653326438015,1783858711.1958635,0.03038174233591901,-0.0007217034963738789,1783858711.200202,46.0,70.0,503.0,1783858711.2004929,28041.625,nan,nan,44.43925857543945,nan
5.0402257442474365,1783858711.2460256,BSMC,eight,optuna_t003_r01,1783858711.1964886,-0.47557832068547135,-0.4069067643665452,-0.08028798351852345,0.002687783636667678,-0.005117752322187895,1783858711.232782,-0.47598952054977417,-0.406874418258667,-0.07975019062633165,1783858711.2344606,-0.46336888834888246,-0.4078271165577816,-0.07955738675005285,1783858711.23479,0.012243915351372354,6.183046243064306e-05,0.0007305967684706066,1783858711.234867,0.03188906288621546,-0.0007865494200971484,1783858711.200202,46.0,70.0,503.0,1783858711.2004929,28041.625,nan,nan,44.43925857543945,nan
5.080035209655762,1783858711.285835,BSMC,eight,optuna_t003_r01,1783858711.2460146,-0.4752519187216599,-0.40693310861249693,-0.08042244886164218,0.0056958105496299725,-0.006046391917201661,1783858711.282347,-0.4759211242198944,-0.4068259000778198,-0.07945334830045284,1783858711.2752748,-0.46226795990636077,-0.407914912756663,-0.07960123183522694,1783858711.2757657,0.013020866816229607,6.444570502436506e-05,0.0008212170264152442,1783858711.2759979,0.03335521755020371,-0.0008898150109015064,1783858711.2584503,140.0,89.0,511.0,1783858711.2588365,28041.681640625,nan,nan,58.1634521484375,nan
5.120277404785156,1783858711.3260772,BSMC,eight,optuna_t003_r01,1783858711.2961297,-0.4745301301486091,-0.4069810665945323,-0.08014355392630186,0.012171603692291031,-0.003708265585726002,1783858711.282347,-0.4759211242198944,-0.4068259000778198,-0.07945334830045284,1783858711.3153424,-0.461126914079002,-0.4080059616777175,-0.07965055121868937,1783858711.3158364,0.013442245581091408,5.1426430359912236e-05,0.0004930027076124888,1783858711.3159463,0.03466625763348825,-0.0011369187065905315,1783858711.3016193,156.0,102.0,500.0,1783858711.3020222,28041.724609375,nan,nan,43.10166931152344,nan
5.160635471343994,1783858711.3664353,BSMC,eight,optuna_t003_r01,1783858711.346227,-0.47358598844324085,-0.40706679760905823,-0.10029284984977554,0.018852095144544972,-0.053190397082085804,1783858711.33379,-0.4756748378276825,-0.40683820843696594,-0.13237631523924012,1783858711.354777,-0.4599624691796691,-0.4080989384679086,-0.07970495288022639,1783858711.355102,0.01365840242801152,0.0003370978966234434,0.020587896969549158,1783858711.3551908,0.03586371962721478,0.005173521896739686,1783858711.3516345,124.0,108.0,523.0,1783858711.3519926,28041.775390625,nan,nan,50.133846282958984,nan
5.200037717819214,1783858711.4058375,BSMC,eight,optuna_t003_r01,1783858711.3967452,-0.47267906449507374,-0.40710599832024275,-0.09399213261479654,0.023735815603068644,-0.028142992728061485,1783858711.3841162,-0.47545310854911804,-0.40668219327926636,-0.07999188188705669,1783858711.3952897,-0.45872675384432876,-0.4081976784180608,-0.07976718506362546,1783858711.3957417,0.014897794471108443,0.00036257987573369956,0.02052566478615009,1783858711.395928,0.03752047539965399,0.005113093873038513,1783858711.40084,78.0,115.0,513.0,1783858711.401265,28041.82421875,nan,nan,49.31137466430664,nan
5.24004340171814,1783858711.4458432,BSMC,eight,optuna_t003_r01,1783858711.3967452,-0.47267906449507374,-0.40710599832024275,-0.09399213261479654,0.023735815603068644,-0.028142992728061485,1783858711.4310272,-0.4751349091529846,-0.4067416489124298,-0.07819491508111229,1783858711.4348948,-0.45745838028817754,-0.40829911146610964,-0.0798358858386219,1783858711.4352674,0.015265478163362226,0.00024067228509126281,0.014156246776174636,1783858711.4358847,0.03880343582308793,0.002922395678902026,1783858711.40084,78.0,115.0,513.0,1783858711.401265,28041.82421875,nan,nan,49.31137466430664,nan
5.280243396759033,1783858711.4860432,BSMC,eight,optuna_t003_r01,1783858711.4467614,-0.47190681726140293,-0.40714350685606016,-0.08894554822238714,0.02610445848985398,-0.01165099777666831,1783858711.482286,-0.474898099899292,-0.4068698585033417,-0.07647565448826563,1783858711.4760602,-0.4561410560467638,-0.40840455537485415,-0.0799124161990068,1783858711.4763768,0.01581545521775357,0.00014438247470984432,0.009033132023380339,1783858711.4764626,0.04016413518205325,0.0010653956531716511,1783858711.4628184,46.0,115.0,514.0,1783858711.463348,28041.88671875,nan,nan,61.9202880859375,nan
5.320581674575806,1783858711.5263815,BSMC,eight,optuna_t003_r01,1783858711.4962218,-0.47137741327421934,-0.40718038344276336,-0.08474516133957205,0.026358891212822293,-0.0011217411899385379,1783858711.482286,-0.474898099899292,-0.4068698585033417,-0.07647565448826563,1783858711.5149019,-0.45479282854564385,-0.4085125816457706,-0.07999621090955766,1783858711.5152688,0.01663782952076383,7.636432016753245e-05,0.004748950430014388,1783858711.515376,0.04162580767285545,-0.0005726507669370114,1783858711.5034678,78.0,115.0,519.0,1783858711.5038881,28041.927734375,nan,nan,40.512672424316406,nan
5.360022306442261,1783858711.5658221,BSMC,eight,optuna_t003_r01,1783858711.5461488,-0.4707396480020807,-0.40725369532182426,-0.08251282346327452,0.02691203459160621,0.0030999189510403044,1783858711.531531,-0.47412583231925964,-0.4070773422718048,-0.07830215372718131,1783858711.5550365,-0.45337890681100246,-0.408625997957783,-0.08009003882761345,1783858711.5553622,0.017414779694589516,6.322513085822343e-05,0.0024227846356610627,1783858711.5554454,0.043083943748945634,-0.001585060016505561,1783858711.5034678,78.0,115.0,519.0,1783858711.5038881,28041.927734375,nan,nan,40.512672424316406,nan
5.400176525115967,1783858711.6059763,BSMC,eight,optuna_t003_r01,1783858711.5961227,-0.46981296001181416,-0.4073545084079283,-0.08214502739533372,0.03034858625472192,0.0035970610010403635,1783858711.580779,-0.47345781326293945,-0.4071602523326874,-0.08183634261222252,1783858711.594896,-0.45193825289991807,-0.40874170041387226,-0.080191914187141,1783858711.595402,0.018860068244805447,6.665390360814432e-05,0.002320909276133515,1783858711.5956423,0.044806682941073823,-0.0018439524767760612,1783858711.56682,156.0,128.0,533.0,1783858711.5670896,28041.990234375,nan,nan,63.47875213623047,nan
5.440417766571045,1783858711.6462176,BSMC,eight,optuna_t003_r01,1783858711.5961227,-0.46981296001181416,-0.4073545084079283,-0.08214502739533372,0.03034858625472192,0.0035970610010403635,1783858711.631067,-0.4710400700569153,-0.4075714349746704,-0.08596295691212397,1783858711.6351786,-0.45043364282332055,-0.40886270209576026,-0.08030508179037077,1783858711.6362169,0.019437721342104537,8.70167739804857e-05,0.0018399456049629501,1783858711.6358507,0.04617944240348185,-0.0022560351359237046,1783858711.6086888,171.0,140.0,519.0,1783858711.6092646,28042.033203125,nan,nan,41.69632339477539,nan
5.480071067810059,1783858711.685871,BSMC,eight,optuna_t003_r01,1783858711.646389,-0.46832927681917574,-0.407539428967526,-0.08340250385021879,0.03470695948878352,0.0006254050146533973,1783858711.681671,-0.46959739923477173,-0.40797001123428345,-0.08116434658970646,1783858711.675951,-0.44890013766796544,-0.4089862093470848,-0.08042755070128071,1783858711.676036,0.01948212924794872,0.00017680947370117724,0.0029749531489380726,1783858711.6761105,0.047315645838534794,-0.002079099363117231,1783858711.652758,109.0,147.0,533.0,1783858711.6530654,28042.076171875,nan,nan,44.31747817993164,nan
5.520291328430176,1783858711.7260911,BSMC,eight,optuna_t003_r01,1783858711.6966376,-0.46687353563228223,-0.4077580662163645,-0.0825952682881748,0.03685694834484,0.001978933394846367,1783858711.681671,-0.46959739923477173,-0.40797001123428345,-0.08116434658970646,1783858711.7152634,-0.44731691957525305,-0.40911392471607705,-0.08056155189256566,1783858711.7155845,0.019601806776428785,0.0002622116947143653,0.0020337163956091475,1783858711.7156699,0.04848611929642462,-0.0026818539228740477,1783858711.7080476,93.0,160.0,528.0,1783858711.7083926,28042.1328125,nan,nan,55.02646255493164,nan
5.560346603393555,1783858711.7661464,BSMC,eight,optuna_t003_r01,1783858711.7461514,-0.46539618050705517,-0.40799711813814743,-0.08403337353872008,0.03811093997418236,-0.0038754067184196012,1783858711.7296078,-0.46796125173568726,-0.4082808494567871,-0.08580905792293841,1783858711.7555132,-0.4456895172665793,-0.4092454334133944,-0.08070731465241887,1783858711.7559652,0.019741900539300736,0.0004101587452382059,0.003326058886301206,1783858711.756055,0.049663308915989024,-0.0024517131334265384,1783858711.7526584,140.0,153.0,527.0,1783858711.7529993,28042.17578125,nan,nan,44.65304946899414,nan
5.600345611572266,1783858711.8061454,BSMC,eight,optuna_t003_r01,1783858711.7961555,-0.46379377255449256,-0.4082227939242039,-0.08609923818690718,0.039902860877080205,-0.009619955416582286,1783858711.7807744,-0.4664381742477417,-0.40837040543556213,-0.08863079451449722,1783858711.795023,-0.4440151540795761,-0.4093809932686306,-0.08086578806212252,1783858711.795345,0.021421733505859478,0.00041561409175561127,0.003167585476597553,1783858711.7954357,0.051486092892542946,-0.002812197840051929,1783858711.802657,171.0,147.0,519.0,1783858711.8029666,28042.2265625,nan,nan,50.16648864746094,nan
5.64050555229187,1783858711.8463054,BSMC,eight,optuna_t003_r01,1783858711.7961555,-0.46379377255449256,-0.4082227939242039,-0.08609923818690718,0.039902860877080205,-0.009619955416582286,1783858711.8295825,-0.46299803256988525,-0.40908104181289673,-0.0904827317963788,1783858711.8349836,-0.44229740205676393,-0.4095203512263405,-0.08103735094442344,1783858711.835358,0.021528323278718748,0.0005557844320616544,0.005061887242483743,1783858711.8357408,0.05264689282156589,-0.0023601985383370763,1783858711.802657,171.0,147.0,519.0,1783858711.8029666,28042.2265625,nan,nan,50.16648864746094,nan
5.680476665496826,1783858711.8862765,BSMC,eight,optuna_t003_r01,1783858711.846441,-0.4616295076388241,-0.40856005296076453,-0.08810709083436427,0.042689183564141635,-0.013131045610549449,1783858711.8815124,-0.4614390730857849,-0.4094635248184204,-0.08871399747183284,1783858711.8758883,-0.44054179027516527,-0.4096630954627451,-0.0812221176890211,1783858711.8759801,0.021102979981061285,0.0007568106035597455,0.006884973145343171,1783858711.8760598,0.053578822022909985,-0.0019178008944734338,1783858711.8521762,140.0,140.0,509.0,1783858711.8526297,28042.275390625,nan,nan,49.59227752685547,nan
5.720445394515991,1783858711.9262452,BSMC,eight,optuna_t003_r01,1783858711.8963082,-0.4596561556160695,-0.4088989704973773,-0.08876860005999772,0.04386667019183905,-0.012813696106236859,1783858711.8815124,-0.4614390730857849,-0.4094635248184204,-0.08871399747183284,1783858711.9150496,-0.4387265921000181,-0.4098110369234842,-0.0814231963699149,1783858711.9153929,0.020928013161853897,0.0009469737247314097,0.0073454036900828246,1783858711.9154937,0.05462364813924249,-0.0020270345826046447,1783858711.902387,93.0,134.0,529.0,1783858711.9029193,28042.326171875,nan,nan,50.12984085083008,nan
5.760560512542725,1783858711.9663603,BSMC,eight,optuna_t003_r01,1783858711.9462273,-0.45783636311859804,-0.4091775079447969,-0.08928678408717657,0.04292005269687739,-0.01320929885208964,1783858711.929901,-0.4594927728176117,-0.4095470905303955,-0.0886471039673517,1783858711.9549758,-0.4368906415151288,-0.4099610530722258,-0.08163698607303162,1783858711.9550438,0.020932153356000897,0.0010872682914608782,0.007649798014144948,1783858711.9551136,0.05572739348500783,-0.0022197483407880654,1783858711.9525833,140.0,147.0,514.0,1783858711.952983,28042.376953125,nan,nan,50.2829704284668,nan
5.799954414367676,1783858712.0057542,BSMC,eight,optuna_t003_r01,1783858711.9963837,-0.45587334114832095,-0.40954958494953686,-0.09283964225561397,0.043311794999829005,-0.020846447530406396,1783858711.9808264,-0.45744895935058594,-0.4102184772491455,-0.09706059095046658,1783858711.995364,-0.43497153809396827,-0.4101182967347901,-0.08187168480411455,1783858711.9958098,0.02285763332091665,0.0011017739880909675,0.007415099283062013,1783858711.9959068,0.05765734994132891,-0.0026868016213216312,1783858712.0034187,187.0,166.0,524.0,1783858712.0037813,28042.427734375,nan,nan,50.75461959838867,nan
5.840640306472778,1783858712.0464401,BSMC,eight,optuna_t003_r01,1783858711.9963837,-0.45587334114832095,-0.40954958494953686,-0.09283964225561397,0.043311794999829005,-0.020846447530406396,1783858712.030284,-0.4529985189437866,-0.4107907712459564,-0.09536973362391615,1783858712.0346873,-0.43305903412552776,-0.410275461803009,-0.08211702769310569,1783858712.0350602,0.02278335047565909,0.0013922798712766083,0.010722614562508281,1783858712.0357025,0.0587161795068861,-0.001614614664904669,1783858712.0034187,187.0,166.0,524.0,1783858712.0037813,28042.427734375,nan,nan,50.75461959838867,nan
5.8813393115997314,1783858712.0871391,BSMC,eight,optuna_t003_r01,1783858712.0460992,-0.45317192353409635,-0.40998410335558744,-0.09446500141608333,0.04641519061903362,-0.021631893122650687,1783858712.0809255,-0.4508786201477051,-0.411426305770874,-0.09570872985107526,1783858712.0756972,-0.4310725607184265,-0.4104392176488308,-0.08238400349513464,1783858712.0761166,0.02204376123814635,0.0016314277042282054,0.012080997920948687,1783858712.0758398,0.05951165821474715,-0.0013737447873807002,1783858712.0534856,124.0,172.0,515.0,1783858712.0538163,28042.4765625,nan,nan,50.08182144165039,nan
5.920369863510132,1783858712.1261697,BSMC,eight,optuna_t003_r01,1783858712.0964746,-0.45058517367347517,-0.4104564105020234,-0.09582011827269049,0.047755340381761435,-0.022904575292781587,1783858712.0809255,-0.4508786201477051,-0.411426305770874,-0.09570872985107526,1783858712.1152718,-0.4290307696855391,-0.41060810327033337,-0.08267135592797781,1783858712.1156993,0.021470041834251413,0.001911189578928767,0.013148762344712683,1783858712.115799,0.06038016923765876,-0.0012573295104945969,1783858712.1037543,124.0,172.0,512.0,1783858712.1040678,28042.52734375,nan,nan,50.17095947265625,nan
5.9603049755096436,1783858712.1661048,BSMC,eight,optuna_t003_r01,1783858712.1459517,-0.44818567757313627,-0.4108645017434631,-0.09638720383862773,0.048274192445407184,-0.022552899040810884,1783858712.1309073,-0.44873297214508057,-0.4115954339504242,-0.09489348659236609,1783858712.1584232,-0.4268930865605574,-0.41078556851502357,-0.08298631701582382,1783858712.1576748,0.021186161852617597,0.002127723769241841,0.013400886822803909,1783858712.1585298,0.0613948177399637,-0.001532950036204153,1783858712.154223,187.0,179.0,500.0,1783858712.1546273,28042.578125,nan,nan,50.41445541381836,nan
6.00028133392334,1783858712.2060812,BSMC,eight,optuna_t003_r01,1783858712.1960669,-0.44560925322317074,-0.4113257806540585,-0.097548133896721,0.05050776731425657,-0.022599020654215284,1783858712.1831663,-0.4465196132659912,-0.4121633768081665,-0.09737001843199455,1783858712.1951363,-0.4248668437317936,-0.41095442200273596,-0.0832982409611114,1783858712.1956265,0.023219249695094892,0.0021546556499845867,0.013088962877516333,1783858712.1957383,0.06329684670534523,-0.002088764011156538,1783858712.154223,187.0,179.0,500.0,1783858712.1546273,28042.578125,nan,nan,50.41445541381836,nan
6.040692567825317,1783858712.2464924,BSMC,eight,optuna_t003_r01,1783858712.1960669,-0.44560925322317074,-0.4113257806540585,-0.097548133896721,0.05050776731425657,-0.022599020654215284,1783858712.2319171,-0.4423777163028717,-0.41311267018318176,-0.10088755451095144,1783858712.2353127,-0.42270662992260977,-0.4111351560193969,-0.08364519521440682,1783858712.2350235,0.022775177538424504,0.002420285084857238,0.013902938682314181,1783858712.2354293,0.06420417487559128,-0.0021296894859839577,1783858712.2077534,203.0,185.0,553.0,1783858712.2083306,28042.630859375,nan,nan,53.41688919067383,nan
6.08012843132019,1783858712.2859282,BSMC,eight,optuna_t003_r01,1783858712.2466545,-0.44246947950071225,-0.4119077626026421,-0.09955649221523692,0.05387443487379442,-0.024061459026649693,1783858712.2818365,-0.4404700696468353,-0.4132431447505951,-0.09941784021823964,1783858712.276849,-0.4204819431242409,-0.41132209035549966,-0.0840181157012525,1783858712.2769847,0.021820450463797582,0.0027681599384209213,0.015538376513984417,1783858712.277353,0.0649036772489803,-0.0017954552330099209,1783858712.263058,140.0,198.0,524.0,1783858712.2631545,28042.685546875,nan,nan,54.9451904296875,nan
6.120191812515259,1783858712.3259916,BSMC,eight,optuna_t003_r01,1783858712.296119,-0.4396966748482965,-0.4123934840258058,-0.10046357667709015,0.05507523126776228,-0.024163256956868332,1783858712.2818365,-0.4404700696468353,-0.4132431447505951,-0.09941784021823964,1783858712.3149881,-0.4182634580121534,-0.41150935331653865,-0.08440584881456514,1783858712.3155053,0.021236472202252575,0.0030293100632239303,0.016057727862525004,1783858712.3156087,0.06573169767909746,-0.001991228438501248,1783858712.3080103,156.0,198.0,515.0,1783858712.3083806,28042.732421875,nan,nan,45.43766784667969,nan
6.1605095863342285,1783858712.3663094,BSMC,eight,optuna_t003_r01,1783858712.346303,-0.437021820562818,-0.4129265307731185,-0.10294169664903995,0.05583804454669645,-0.028454995486156827,1783858712.331433,-0.43842795491218567,-0.41391703486442566,-0.10425626263692335,1783858712.3548968,-0.41596829293640747,-0.4117040197520103,-0.08482373097069695,1783858712.355745,0.02081644885065761,0.003379499365396996,0.018117965678342993,1783858712.3559103,0.06663936681015341,-0.0014708841073160237,1783858712.3567312,249.0,198.0,541.0,1783858712.3570309,28042.78125,nan,nan,48.69742965698242,nan
6.200287103652954,1783858712.406087,BSMC,eight,optuna_t003_r01,1783858712.3959699,-0.43418918463469997,-0.4134668456782459,-0.10428350611914776,0.058999783683707424,-0.027042161469577233,1783858712.3789217,-0.436347633600235,-0.4143458902835846,-0.10415420695031719,1783858712.3947477,-0.4136521597567626,-0.41190146410839035,-0.08526279197651598,1783858712.3950682,0.023140610218534467,0.0034211060449914695,0.017678904672523962,1783858712.395156,0.06868533310010083,-0.002202707893392423,1783858712.4047182,156.0,217.0,550.0,1783858712.405121,28042.828125,nan,nan,47.92688751220703,nan
6.240360498428345,1783858712.4461603,BSMC,eight,optuna_t003_r01,1783858712.3959699,-0.43418918463469997,-0.4134668456782459,-0.10428350611914776,0.058999783683707424,-0.027042161469577233,1783858712.4295678,-0.43109244108200073,-0.41526392102241516,-0.10509601326294002,1783858712.4362779,-0.4112638027088602,-0.4121061599829168,-0.08573391572500011,1783858712.4357426,0.02265919749756863,0.003739701963161386,0.01854959039414765,1783858712.4363694,0.06956344649920294,-0.0022813359389641202,1783858712.4047182,156.0,217.0,550.0,1783858712.405121,28042.828125,nan,nan,47.92688751220703,nan
6.28035044670105,1783858712.4861503,BSMC,eight,optuna_t003_r01,1783858712.4463146,-0.43086857439214027,-0.4140862313571602,-0.10568493044039241,0.06065927144555865,-0.027812416251602835,1783858712.4799638,-0.42878958582878113,-0.4156956374645233,-0.10625046915384599,1783858712.4756687,-0.4088616704646334,-0.4123132026585245,-0.0862266883775956,1783858712.4757671,0.021697083584722134,0.004084607099622265,0.01945824206279681,1783858712.475848,0.07022264891003419,-0.0023454338876625507,1783858712.4047182,156.0,217.0,550.0,1783858712.405121,28042.828125,nan,nan,47.92688751220703,nan
6.320397138595581,1783858712.526197,BSMC,eight,optuna_t003_r01,1783858712.4964087,-0.4278003870366281,-0.41466915356733713,-0.10702255269451678,0.06155448152961277,-0.02868209781525955,1783858712.4799638,-0.42878958582878113,-0.4156956374645233,-0.10625046915384599,1783858712.514851,-0.4063882813653013,-0.41252765780301337,-0.08675404797968876,1783858712.51558,0.021060846316126754,0.0044164494605023336,0.020268504714828023,1783858712.5153494,0.07102640796754298,-0.0024851269698325973,1783858712.5145144,265.0,204.0,482.0,1783858712.5149388,28042.9375,nan,nan,27.987918853759766,nan
6.360442161560059,1783858712.566242,BSMC,eight,optuna_t003_r01,1783858712.5459895,-0.42460746567760704,-0.4152408824094851,-0.10832671147096752,0.06437226305410218,-0.02681837890230988,1783858712.5307176,-0.4261798560619354,-0.41607949137687683,-0.10825702994931902,1783858712.5546863,-0.4039045825212421,-0.41274435493603917,-0.08730413424743899,1783858712.5550084,0.020311619078223705,0.004720185465943854,0.02102257722352853,1783858712.5550988,0.07176424209268088,-0.0026703938707323587,1783858712.5145144,265.0,204.0,482.0,1783858712.5149388,28042.9375,nan,nan,27.987918853759766,nan
6.4002158641815186,1783858712.6060157,BSMC,eight,optuna_t003_r01,1783858712.5972505,-0.4216214236596443,-0.41578889873455155,-0.1097971200923922,0.06412092732901938,-0.02731936301666355,1783858712.5814197,-0.42359381914138794,-0.4165472388267517,-0.10947685557332178,1783858712.5948944,-0.40136119942785997,-0.4129677133936218,-0.08788891296842592,1783858712.5953224,0.022864242263553977,0.004773114040364297,0.020437798502541595,1783858712.5954332,0.07388991096076601,-0.0036127781788048907,1783858712.5691743,156.0,204.0,531.0,1783858712.5694516,28042.994140625,nan,nan,54.69364547729492,nan
6.44083833694458,1783858712.6466382,BSMC,eight,optuna_t003_r01,1783858712.5972505,-0.4216214236596443,-0.41578889873455155,-0.1097971200923922,0.06412092732901938,-0.02731936301666355,1783858712.6306405,-0.4178442656993866,-0.41785672307014465,-0.11278514452204588,1783858712.6346364,-0.39878304747709814,-0.41319568383495825,-0.0885040312968084,1783858712.6349578,0.022416695670808097,0.005080152101397856,0.021293088795583812,1783858712.635096,0.07474808462197569,-0.0037984273999279424,1783858712.6083772,140.0,172.0,517.0,1783858712.6086807,28043.033203125,nan,nan,39.28387451171875,nan
6.480515956878662,1783858712.6863158,BSMC,eight,optuna_t003_r01,1783858712.646846,-0.4183171334358134,-0.4164628266851478,-0.11202031736232693,0.06236365159725332,-0.030053871561257325,1783858712.6799176,-0.41490182280540466,-0.41850584745407104,-0.11572809361430167,1783858712.6750088,-0.396134077057949,-0.4134316123553911,-0.08915966786844154,1783858712.6753755,0.02170517137196701,0.005491974716800473,0.022860649493885388,1783858712.6754644,0.0755003696660955,-0.003622252831569467,1783858712.6545107,218.0,179.0,518.0,1783858712.6548903,28043.078125,nan,nan,46.05607223510742,nan
6.520148038864136,1783858712.7259479,BSMC,eight,optuna_t003_r01,1783858712.6961915,-0.4149855464717954,-0.41714859588812586,-0.11438674131123161,0.06253249359494743,-0.03116176430330629,1783858712.6799176,-0.41490182280540466,-0.41850584745407104,-0.11572809361430167,1783858712.7148144,-0.3934852384480898,-0.41366931183383543,-0.08983941429094255,1783858712.7151496,0.020962686158728358,0.005910537340658493,0.024547327020289056,1783858712.715235,0.07621689991360205,-0.00338515159995997,1783858712.6545107,218.0,179.0,518.0,1783858712.6548903,28043.078125,nan,nan,46.05607223510742,nan
6.560112953186035,1783858712.7659128,BSMC,eight,optuna_t003_r01,1783858712.7469323,-0.411639773938093,-0.41782243755594584,-0.11583021135992336,0.06280811626842188,-0.030800627092732832,1783858712.729782,-0.41198575496673584,-0.4190636873245239,-0.11511980616675774,1783858712.7556386,-0.3907216188360179,-0.4139192818993297,-0.09057457987590489,1783858712.756979,0.020326893196082396,0.006294541281880891,0.02525563148401846,1783858712.7562742,0.0770013559261213,-0.0037052001361907406,1783858712.7579768,171.0,217.0,547.0,1783858712.75828,28043.181640625,nan,nan,103.5880126953125,nan
6.600956201553345,1783858712.806756,BSMC,eight,optuna_t003_r01,1783858712.7963123,-0.40819667644586893,-0.4185234038923163,-0.11626804525386163,0.06535496585073365,-0.028823760720995087,1783858712.780969,-0.40888750553131104,-0.4197947382926941,-0.1138547434335486,1783858712.794967,-0.3880259966919844,-0.4141651103460824,-0.09131743856920205,1783858712.7953043,0.023032863187820374,0.006361896849210298,0.024512772790721313,1783858712.795408,0.07895770632738022,-0.004840573946352077,1783858712.7662032,218.0,249.0,525.0,1783858712.7666922,28043.189453125,nan,nan,7.791615962982178,nan
6.64007043838501,1783858712.8458703,BSMC,eight,optuna_t003_r01,1783858712.7963123,-0.40819667644586893,-0.4185234038923163,-0.11626804525386163,0.06535496585073365,-0.028823760720995087,1783858712.8292997,-0.40251922607421875,-0.42115160822868347,-0.12078207691415935,1783858712.835572,-0.3852280991826534,-0.4144224393058544,-0.0921156730510061,1783858712.836093,0.022337766907527853,0.0067377757175992896,0.02415237220285553,1783858712.8363316,0.07857702539417197,-0.005614121777352778,1783858712.8086302,249.0,262.0,520.0,1783858712.8090801,28043.232421875,nan,nan,42.27045822143555,nan
6.680453538894653,1783858712.8862534,BSMC,eight,optuna_t003_r01,1783858712.846015,-0.403857380440606,-0.41939987110897675,-0.11909079168243249,0.06976860928954808,-0.0325002575799779,1783858712.8820567,-0.39946627616882324,-0.42160964012145996,-0.11996272790705989,1783858712.8757162,-0.3824933739019939,-0.41467617240420535,-0.09292291940256814,1783858712.8758018,0.02065146652560602,0.007228487751742633,0.02616787227986435,1783858712.8759308,0.07777608776750378,-0.005091894577776489,1783858712.855822,234.0,256.0,543.0,1783858712.856288,28043.279296875,nan,nan,47.27371597290039,nan
6.720879793167114,1783858712.9266796,BSMC,eight,optuna_t003_r01,1783858712.896964,-0.39966977450365015,-0.420214355290403,-0.12062654387844343,0.07304719637318938,-0.03237486293014532,1783858712.8820567,-0.39946627616882324,-0.42160964012145996,-0.11996272790705989,1783858712.9153984,-0.3797236348922262,-0.41493546208779103,-0.09376802718039258,1783858712.9157546,0.019165968206043812,0.0076407369780614725,0.026858516698050856,1783858712.9158566,0.07705756598400312,-0.0053042790831357425,1783858712.905304,265.0,249.0,550.0,1783858712.905717,28043.330078125,nan,nan,49.762088775634766,nan
6.76030421257019,1783858712.966104,BSMC,eight,optuna_t003_r01,1783858712.9463806,-0.3956297264270817,-0.4210274971781811,-0.12174027570458053,0.07605122843637215,-0.030382783743376628,1783858712.9326901,-0.3962279260158539,-0.4223794639110565,-0.1208126502438879,1783858712.9546273,-0.3770184783909868,-0.41519102244794703,-0.09462045328018708,1783858712.9550142,0.01776472223157411,0.008053423791948665,0.027119822424393453,1783858712.9550998,0.07637459583725922,-0.005733228658817338,1783858712.9554608,218.0,243.0,556.0,1783858712.955657,28043.37890625,nan,nan,50.50996780395508,nan
6.799949645996094,1783858713.0057495,BSMC,eight,optuna_t003_r01,1783858712.996699,-0.3918330013020817,-0.4217895034456134,-0.12256597517426127,0.07680659259763026,-0.028546131813546937,1783858712.9816165,-0.39327898621559143,-0.4229406714439392,-0.1210348021773963,1783858712.9950209,-0.3742601011358275,-0.415454044857753,-0.09551744961262044,1783858712.9953642,0.020534625571015208,0.008127324806780177,0.026222826091960083,1783858712.9954612,0.0774370887455922,-0.00687229939545937,1783858713.0052385,218.0,230.0,504.0,1783858713.0055542,28043.4296875,nan,nan,49.619651794433594,nan
6.8402323722839355,1783858713.0460322,BSMC,eight,optuna_t003_r01,1783858712.996699,-0.3918330013020817,-0.4217895034456134,-0.12256597517426127,0.07680659259763026,-0.028546131813546937,1783858713.030057,-0.38817742466926575,-0.42409294843673706,-0.12182485396980063,1783858713.0347004,-0.37152936773221223,-0.41571692945545413,-0.09643341644742653,1783858713.03505,0.019408890708495538,0.00850932738065499,0.02613255872683473,1783858713.0351627,0.07686376064873142,-0.007510451914694819,1783858713.0052385,218.0,230.0,504.0,1783858713.0055542,28043.4296875,nan,nan,49.619651794433594,nan
6.879992961883545,1783858713.0857928,BSMC,eight,optuna_t003_r01,1783858713.0461938,-0.3878571032123063,-0.4226171395785001,-0.12330740807704098,0.07678084644507863,-0.026765391073661878,1783858713.0798664,-0.3849092721939087,-0.4246242046356201,-0.12207231019192662,1783858713.075005,-0.3687834064150147,-0.4159838650325768,-0.09738286808917085,1783858713.0756962,0.01811301462502447,0.008928882455842706,0.025924539987870133,1783858713.0758004,0.07621596554709635,-0.008210890651001456,1783858713.0557601,203.0,230.0,530.0,1783858713.0561728,28043.478515625,nan,nan,50.12660217285156,nan
6.921466112136841,1783858713.127266,BSMC,eight,optuna_t003_r01,1783858713.0959952,-0.38409088750011944,-0.4233821164157597,-0.12384961799066088,0.07583643828830688,-0.02506047622048352,1783858713.0798664,-0.3849092721939087,-0.4246242046356201,-0.12207231019192662,1783858713.1146774,-0.3660682060137267,-0.41625043718274807,-0.09834999369946062,1783858713.11497,0.017003636095910896,0.009303453990877203,0.025499624291200257,1783858713.1150534,0.07564510435539765,-0.009033684439870862,1783858713.1067932,218.0,236.0,519.0,1783858713.1071796,28043.53125,nan,nan,51.21090316772461,nan
6.959856986999512,1783858713.1656568,BSMC,eight,optuna_t003_r01,1783858713.1462493,-0.38034824910476606,-0.4242078347106969,-0.12591663240762865,0.07540693209506917,-0.027373921719314773,1783858713.1293638,-0.3814701735973358,-0.42562970519065857,-0.1266976955699081,1783858713.1549232,-0.36332762306677396,-0.416522229912704,-0.09935505297908766,1783858713.1553054,0.01592068298922644,0.009762278678293396,0.026561579428540996,1783858713.1553848,0.07507887211476715,-0.00906696368402744,1783858713.1561651,273.0,249.0,533.0,1783858713.1567366,28043.580078125,nan,nan,49.25647735595703,nan
7.000055551528931,1783858713.2058554,BSMC,eight,optuna_t003_r01,1783858713.1963859,-0.3763953978070394,-0.4250813995889468,-0.1278090274853135,0.07721203270109317,-0.027845457023069755,1783858713.1799138,-0.37761473655700684,-0.4265490174293518,-0.1285008100769342,1783858713.195465,-0.3605827025077519,-0.41679728197387295,-0.10039116067352605,1783858713.1958568,0.018678414110951017,0.009834122759240595,0.025525471734102606,1783858713.1959925,0.07612288375005465,-0.010301345712174979,1783858713.1561651,273.0,249.0,533.0,1783858713.1567366,28043.580078125,nan,nan,49.25647735595703,nan
7.040280103683472,1783858713.24608,BSMC,eight,optuna_t003_r01,1783858713.1963859,-0.3763953978070394,-0.4250813995889468,-0.1278090274853135,0.07721203270109317,-0.027845457023069755,1783858713.2296598,-0.36983224749565125,-0.42814815044403076,-0.12841909041954377,1783858713.2348804,-0.35789037352350794,-0.41706989461218547,-0.10143641960004779,1783858713.2351718,0.01733293153693581,0.010304834790653205,0.026372607885265714,1783858713.2353904,0.07544342921664214,-0.0104453414508603,1783858713.2109208,226.0,262.0,571.0,1783858713.211317,28043.634765625,nan,nan,55.057071685791016,nan
7.080309629440308,1783858713.2861094,BSMC,eight,optuna_t003_r01,1783858713.2459888,-0.3716321751519013,-0.4261032103405784,-0.12908562264377654,0.07914650167824579,-0.02776626232278969,1783858713.2791955,-0.3658185303211212,-0.42891669273376465,-0.12992301106601079,1783858713.2750373,-0.35517409465120725,-0.4173478539517658,-0.10252046029413596,1783858713.2754169,0.015194094997785453,0.010801118296765265,0.026565162349640584,1783858713.2757757,0.07442886305376063,-0.010939597216036906,1783858713.2567189,226.0,243.0,530.0,1783858713.2571461,28043.6796875,nan,nan,45.613460540771484,nan
7.1205267906188965,1783858713.3263266,BSMC,eight,optuna_t003_r01,1783858713.2960606,-0.3670290895915832,-0.42708061005518283,-0.13045492501321698,0.07971478486692704,-0.027851602746860278,1783858713.2791955,-0.3658185303211212,-0.42891669273376465,-0.12992301106601079,1783858713.3149552,-0.35247973318158454,-0.4176265506464319,-0.10362539592028419,1783858713.3155353,0.013195894514867279,0.0112663827026183,0.026829529092932788,1783858713.315672,0.073471285189454,-0.01140454468517664,1783858713.3064559,210.0,236.0,533.0,1783858713.306853,28043.73046875,nan,nan,49.61479949951172,nan
7.160233497619629,1783858713.3660333,BSMC,eight,optuna_t003_r01,1783858713.346085,-0.36275451262341407,-0.428010140115724,-0.1317233798677785,0.07899144982029092,-0.027862324911497642,1783858713.3333766,-0.3620384633541107,-0.42970722913742065,-0.13108913748009948,1783858713.3557024,-0.3497393562011575,-0.4179131360587946,-0.10477989482287421,1783858713.356085,0.011576237630521555,0.01171898075530261,0.026943485044904274,1783858713.3566642,0.07266773611121925,-0.011970322700181205,1783858713.3572001,218.0,243.0,516.0,1783858713.3574493,28043.78125,nan,nan,51.12483596801758,nan
7.2001402378082275,1783858713.40594,BSMC,eight,optuna_t003_r01,1783858713.3970063,-0.35858548828443454,-0.42890854725549304,-0.13343481232990548,0.07838160111292837,-0.029002668318928886,1783858713.382733,-0.3585343658924103,-0.4304136335849762,-0.13340050144172605,1783858713.395355,-0.34705647741567786,-0.41819684858773415,-0.10594056881772951,1783858713.3957155,0.014273138264804494,0.011790102801520326,0.02578281105004898,1783858713.3966494,0.07367524134976085,-0.013282466460936303,1783858713.3572001,218.0,243.0,516.0,1783858713.3574493,28043.78125,nan,nan,51.12483596801758,nan
7.240567684173584,1783858713.4463675,BSMC,eight,optuna_t003_r01,1783858713.3970063,-0.35858548828443454,-0.42890854725549304,-0.13343481232990548,0.07838160111292837,-0.029002668318928886,1783858713.4332297,-0.35170212388038635,-0.4318675100803375,-0.1355820433208437,1783858713.4346373,-0.3444029240247094,-0.41848059800178894,-0.10711855548587668,1783858713.436401,0.012669166246752966,0.012222089888034544,0.026316256844028798,1783858713.4351397,0.07287601689088553,-0.013624308684779199,1783858713.4083843,249.0,243.0,505.0,1783858713.4086711,28043.83203125,nan,nan,51.14077377319336,nan
7.280175447463989,1783858713.4859753,BSMC,eight,optuna_t003_r01,1783858713.446499,-0.3538544337792612,-0.42992519150278824,-0.13523054073347698,0.07944611826663267,-0.029551087584370465,1783858713.4821086,-0.34816429018974304,-0.4326365888118744,-0.1368107074121628,1783858713.4749072,-0.34170891205501014,-0.41877195028266,-0.10834545736891577,1783858713.4761345,0.010530970421134565,0.012688859273307837,0.02688508336456122,1783858713.4754133,0.07184814418038754,-0.013958428373175992,1783858713.4566538,210.0,236.0,528.0,1783858713.4570065,28043.880859375,nan,nan,48.13716125488281,nan
7.320784330368042,1783858713.5265841,BSMC,eight,optuna_t003_r01,1783858713.4965444,-0.3494123853891224,-0.43088929348282795,-0.1369155095718885,0.078996161093458,-0.03019461341243535,1783858713.4821086,-0.34816429018974304,-0.4326365888118744,-0.1368107074121628,1783858713.5152636,-0.3389873467389378,-0.41906972227533135,-0.10961703827503579,1783858713.5155854,0.008714246721281065,0.013131854342306995,0.02729847129685271,1783858713.5160773,0.0709510798816347,-0.014394799465056948,1783858713.5107715,234.0,224.0,529.0,1783858713.5111008,28043.935546875,nan,nan,54.10590744018555,nan
7.3603410720825195,1783858713.566141,BSMC,eight,optuna_t003_r01,1783858713.546233,-0.3450839455947086,-0.4318315981826579,-0.13851620384221763,0.07853076457624175,-0.029843055459062875,1783858713.529324,-0.34433677792549133,-0.43346717953681946,-0.13839686668025053,1783858713.5548131,-0.336352706800518,-0.41936136214894365,-0.11087922563519725,1783858713.5551653,0.006925799220884609,0.013556349905845585,0.027636978207020383,1783858713.5555906,0.07006757717139715,-0.014858242011293297,1783858713.5587907,195.0,224.0,529.0,1783858713.5591273,28043.982421875,nan,nan,47.9256591796875,nan
7.400150299072266,1783858713.60595,BSMC,eight,optuna_t003_r01,1783858713.595948,-0.3410165406706876,-0.4327312986850389,-0.13950477556026636,0.07694885024679395,-0.028671592600297426,1783858713.5812716,-0.3405216634273529,-0.4342782497406006,-0.13827383023520384,1783858713.5955498,-0.3336568019946034,-0.419663312285189,-0.11220303775419971,1783858713.5961428,0.009637573909062867,0.013629525365445328,0.026313166088017925,1783858713.596251,0.07106711036082553,-0.016290772982502418,1783858713.5587907,195.0,224.0,529.0,1783858713.5591273,28043.982421875,nan,nan,47.9256591796875,nan
7.440392971038818,1783858713.6461928,BSMC,eight,optuna_t003_r01,1783858713.595948,-0.3410165406706876,-0.4327312986850389,-0.13950477556026636,0.07694885024679395,-0.028671592600297426,1783858713.6298532,-0.3330208361148834,-0.43621376156806946,-0.14174456663999538,1783858713.6350412,-0.33100739917748406,-0.4199636187170943,-0.11353630719992269,1783858713.6357238,0.008136521875791086,0.014035440034412719,0.025968468360343666,1783858713.636227,0.0702990231221047,-0.01713131861329332,1783858713.6144576,187.0,224.0,516.0,1783858713.6149187,28044.0390625,nan,nan,55.85653305053711,nan
7.479947090148926,1783858713.685747,BSMC,eight,optuna_t003_r01,1783858713.6461873,-0.33623493796362575,-0.4338409014140573,-0.1415121539068411,0.07579939099603916,-0.030720188622263396,1783858713.67995,-0.3292234241962433,-0.4367966949939728,-0.1462344122074688,1783858713.6754003,-0.32832439385875106,-0.4202714253446595,-0.11491962061697603,1783858713.6760988,0.005917625988037932,0.014549539219467571,0.026592533289865078,1783858713.676563,0.06922384254987642,-0.017463361016070277,1783858713.657201,249.0,217.0,530.0,1783858713.6576922,28044.08203125,nan,nan,42.64902114868164,nan
7.520243883132935,1783858713.7260437,BSMC,eight,optuna_t003_r01,1783858713.6971045,-0.3315058999101691,-0.43488480712948246,-0.14437131571878517,0.0761817222211554,-0.03305431089437369,1783858713.67995,-0.3292234241962433,-0.4367966949939728,-0.1462344122074688,1783858713.7151802,-0.3256950069072168,-0.4205767734880784,-0.11630815163872554,1783858713.7155702,0.0036919383724289176,0.01499519573828553,0.028063164080059627,1783858713.7159255,0.06814437779562199,-0.017368592799706855,1783858713.7159977,187.0,224.0,564.0,1783858713.71569,28044.138671875,nan,nan,58.42215347290039,nan
7.560366153717041,1783858713.766166,BSMC,eight,optuna_t003_r01,1783858713.7459068,-0.32726044760132605,-0.43586943472021,-0.14573045795581,0.07510836817463858,-0.03249332196312417,1783858713.730613,-0.3255622088909149,-0.4377368688583374,-0.1448299107810609,1783858713.755049,-0.32306469593537646,-0.4208859756851292,-0.1177302420519033,1783858713.7554476,0.001975451348010031,0.01543392265983955,0.02800021590390669,1783858713.755539,0.06727832975735512,-0.018076059401813453,1783858713.7575808,187.0,224.0,503.0,1783858713.7578895,28044.181640625,nan,nan,42.0857048034668,nan
7.600308418273926,1783858713.8061082,BSMC,eight,optuna_t003_r01,1783858713.7960653,-0.32311084813929886,-0.43682627176791905,-0.14729612140337425,0.07389393227407437,-0.03286297842216491,1783858713.7819433,-0.32178032398223877,-0.43854278326034546,-0.14658742033589336,1783858713.7956367,-0.3203974428693972,-0.4212034397994338,-0.1192066348265397,1783858713.7961888,0.004660532397851095,0.015507149278164935,0.02652382312927029,1783858713.7972136,0.0682545433443794,-0.019615345239312573,1783858713.7575808,187.0,224.0,503.0,1783858713.7578895,28044.181640625,nan,nan,42.0857048034668,nan
7.641089916229248,1783858713.8468897,BSMC,eight,optuna_t003_r01,1783858713.7960653,-0.32311084813929886,-0.43682627176791905,-0.14729612140337425,0.07389393227407437,-0.03286297842216491,1783858713.8292427,-0.3142777681350708,-0.43994417786598206,-0.1485747665625894,1783858713.835152,-0.3177908122470413,-0.4215175928223286,-0.12068342464037773,1783858713.835676,0.0030156639529043705,0.015923699440683572,0.02661269676299652,1783858713.8361182,0.06741409570619575,-0.020259064801507066,1783858713.808437,249.0,217.0,502.0,1783858713.8089068,28044.232421875,nan,nan,50.83422088623047,nan
7.680346488952637,1783858713.8861463,BSMC,eight,optuna_t003_r01,1783858713.8470504,-0.3180171063332288,-0.4379149472479049,-0.14889624656209965,0.07512074105860062,-0.031674530793424645,1783858713.8803034,-0.31086263060569763,-0.4405982196331024,-0.14967310654955948,1783858713.8755612,-0.31516544045538963,-0.42183799855773485,-0.12220532996425448,1783858713.8756523,0.0004351513902728357,0.01632209915215372,0.026690916597845168,1783858713.8760662,0.06617774666901106,-0.02092731084973056,1783858713.8587625,171.0,211.0,529.0,1783858713.859123,28044.283203125,nan,nan,50.12749481201172,nan
7.719956159591675,1783858713.925756,BSMC,eight,optuna_t003_r01,1783858713.896089,-0.3135994076590684,-0.4388762864112744,-0.1503460774575495,0.07379638814510041,-0.03160416182441946,1783858713.8803034,-0.31086263060569763,-0.4405982196331024,-0.14967310654955948,1783858713.9152777,-0.31252221848017914,-0.42216472755458545,-0.12377315602725503,1783858713.9156163,-0.0014380248154039579,0.01668438253511282,0.026572921430294466,1783858713.9156926,0.06523433005660997,-0.021719350470985416,1783858713.9087067,156.0,198.0,505.0,1783858713.9092002,28044.33203125,nan,nan,49.934974670410156,nan
7.760395526885986,1783858713.9661953,BSMC,eight,optuna_t003_r01,1783858713.9464047,-0.30943914354388236,-0.43980545135623117,-0.15227201077326294,0.07114250612400616,-0.03316069083540485,1783858713.929441,-0.3073272407054901,-0.44143223762512207,-0.1520398677356454,1783858713.9550915,-0.3099262078321415,-0.4224897636683279,-0.12534832493539816,1783858713.9554014,-0.0031079454534844015,0.01704144790750092,0.02692368583786478,1783858713.9554899,0.06437537228738889,-0.022267839505821695,1783858713.9604237,234.0,192.0,526.0,1783858713.9608161,28044.384765625,nan,nan,51.968223571777344,nan
7.800167560577393,1783858714.0059674,BSMC,eight,optuna_t003_r01,1783858713.9959576,-0.3054159774542503,-0.4407322535430283,-0.15223492380410186,0.07054830196970421,-0.027687214186274307,1783858713.9797795,-0.3040335774421692,-0.442355215549469,-0.14950487469506415,1783858713.9951885,-0.30733460187212963,-0.4228184385073525,-0.1269563737807643,1783858713.9955258,-0.0004964721687854639,0.017109681953845133,0.025315636992498638,1783858713.995617,0.06531154843095634,-0.023891209246980953,1783858713.9604237,234.0,192.0,526.0,1783858713.9608161,28044.384765625,nan,nan,51.968223571777344,nan
7.840631008148193,1783858714.0464308,BSMC,eight,optuna_t003_r01,1783858713.9959576,-0.3054159774542503,-0.4407322535430283,-0.15223492380410186,0.07054830196970421,-0.027687214186274307,1783858714.0305157,-0.2976032793521881,-0.4438847303390503,-0.1547245397876435,1783858714.0347826,-0.30474417013107635,-0.42315124431238915,-0.1285998219053408,1783858714.035215,-0.0020020799792130374,0.017479556241624776,0.023635101898761057,1783858714.0353117,0.06451966767745305,-0.02548772769584716,1783858714.0135784,171.0,198.0,538.0,1783858714.0140414,28044.4375,nan,nan,52.97343063354492,nan
7.880311489105225,1783858714.0861113,BSMC,eight,optuna_t003_r01,1783858714.046509,-0.3009336187000727,-0.44178616268342824,-0.15420371145986936,0.06951675564338415,-0.029018585833634956,1783858714.0812593,-0.2942446172237396,-0.4447517395019531,-0.15726885197060467,1783858714.0768006,-0.30215019325206405,-0.4234888913319109,-0.13028236513741287,1783858714.075748,-0.004012477296547646,0.017893300939074912,0.023921346322456488,1783858714.076902,0.06351015038103824,-0.026082927948779207,1783858714.0710936,156.0,211.0,497.0,1783858714.0716295,28044.494140625,nan,nan,57.20227813720703,nan
7.920236587524414,1783858714.1260364,BSMC,eight,optuna_t003_r01,1783858714.0968356,-0.29675972051494465,-0.4427976592624469,-0.1565858927199655,0.06798663656484094,-0.03232777129671432,1783858714.0812593,-0.2942446172237396,-0.4447517395019531,-0.15726885197060467,1783858714.1149035,-0.2995721576494682,-0.42382891064296907,-0.13199176771495402,1783858714.115284,-0.005736143613415826,0.018298084142085974,0.024594125005011486,1783858714.1153712,0.06261848144698315,-0.02648983041833758,1783858714.1170213,234.0,211.0,483.0,1783858714.1172824,28044.541015625,nan,nan,46.44955825805664,nan
7.959857225418091,1783858714.165657,BSMC,eight,optuna_t003_r01,1783858714.1462967,-0.29266888315073086,-0.4438137931419958,-0.15950560199673425,0.0689172335441021,-0.03501733606051964,1783858714.131967,-0.2909267246723175,-0.44567063450813293,-0.16135714165372148,1783858714.1547332,-0.29700715124922134,-0.42417171102329093,-0.13373001584571576,1783858714.1551116,-0.007402951761639501,0.018703696566913314,0.025775586151018492,1783858714.1552079,0.06174792303252443,-0.026646459232498594,1783858714.1652632,187.0,204.0,501.0,1783858714.1172824,28044.541015625,nan,nan,46.44955825805664,nan
8.000351428985596,1783858714.2061512,BSMC,eight,optuna_t003_r01,1783858714.1960633,-0.2887815873938417,-0.44479089818461015,-0.16172906635134368,0.06868117389544358,-0.035921469504668437,1783858714.1810508,-0.28763315081596375,-0.44650691747665405,-0.1620946186543396,1783858714.1949155,-0.29443943979989246,-0.4245194691258086,-0.1355082469554082,1783858714.1952956,-0.004812600567351469,0.01876818280677798,0.02399735504132605,1783858714.1953857,0.06266331973977782,-0.02839177558118741,1783858714.1652632,187.0,204.0,501.0,1783858714.165893,28044.58984375,nan,nan,48.18474578857422,nan
8.040767669677734,1783858714.2465675,BSMC,eight,optuna_t003_r01,1783858714.1960633,-0.2887815873938417,-0.44479089818461015,-0.16172906635134368,0.06868117389544358,-0.035921469504668437,1783858714.2296035,-0.2811097502708435,-0.44783836603164673,-0.16185377856666178,1783858714.2352567,-0.29184349322342373,-0.4248758310589666,-0.1373455727657079,1783858714.235671,-0.006228771657323443,0.019162138961218333,0.024383493585635768,1783858714.2357702,0.06189155972529537,-0.028986190514330226,1783858714.2130778,171.0,204.0,508.0,1783858714.2133968,28044.63671875,nan,nan,47.7780876159668,nan
8.080193042755127,1783858714.2859929,BSMC,eight,optuna_t003_r01,1783858714.2471604,-0.2843048183306667,-0.4458502451961032,-0.16316361176026065,0.06828706967223921,-0.03514757547303127,1783858714.2807405,-0.27812787890434265,-0.44872498512268066,-0.164721141373095,1783858714.2760756,-0.2893232301482421,-0.42522650376876037,-0.13916809864411783,1783858714.2764878,-0.008301891988987533,0.01953462968770751,0.023995513116142814,1783858714.2761993,0.060848205625997784,-0.029961458302954283,1783858714.2676315,203.0,198.0,502.0,1783858714.2679565,28044.69140625,nan,nan,54.43730926513672,nan
8.120032548904419,1783858714.3258324,BSMC,eight,optuna_t003_r01,1783858714.2964075,-0.2802349231487896,-0.44686551445434497,-0.16496023031429916,0.06814617979499592,-0.034822949757089085,1783858714.2807405,-0.27812787890434265,-0.44872498512268066,-0.164721141373095,1783858714.314996,-0.286751741193265,-0.4255891833676233,-0.1410678019916659,1783858714.315321,-0.00992220381431741,0.019917355582600417,0.023892428322633247,1783858714.31574,0.059987873993730755,-0.030819641737681504,1783858714.3096838,171.0,198.0,510.0,1783858714.3103886,28044.734375,nan,nan,42.161563873291016,nan
8.159960269927979,1783858714.36576,BSMC,eight,optuna_t003_r01,1783858714.3460207,-0.27645257610287177,-0.4478012241525824,-0.16590113144504057,0.0671383835893825,-0.032846543027889294,1783858714.3307087,-0.2751591205596924,-0.44938284158706665,-0.1641451615765448,1783858714.3559124,-0.28418664307386216,-0.42595598039892596,-0.14300396705907625,1783858714.3565001,-0.011235426605884799,0.020268094521987152,0.02289716438596431,1783858714.3571649,0.05925525821223971,-0.03214217763996168,1783858714.3593895,187.0,185.0,486.0,1783858714.3597472,28044.783203125,nan,nan,49.847286224365234,nan
8.200021505355835,1783858714.4058213,BSMC,eight,optuna_t003_r01,1783858714.3961189,-0.27288245387439913,-0.448666714148652,-0.16638430793678438,0.06601400041526914,-0.029446476517236832,1783858714.3815207,-0.2722287178039551,-0.44997870922088623,-0.16427147737386308,1783858714.395185,-0.2816866495690468,-0.42631839760317475,-0.14493135944718938,1783858714.3957307,-0.008709908160740357,0.020323505146325523,0.02096977199785119,1783858714.3961194,0.060134548008856294,-0.033986422795018026,1783858714.3593895,187.0,185.0,486.0,1783858714.3597472,28044.783203125,nan,nan,49.847286224365234,nan
8.24013638496399,1783858714.4459362,BSMC,eight,optuna_t003_r01,1783858714.3961189,-0.27288245387439913,-0.448666714148652,-0.16638430793678438,0.06601400041526914,-0.029446476517236832,1783858714.4290984,-0.26617369055747986,-0.4516993463039398,-0.17233496156244718,1783858714.4356413,-0.27913125091054736,-0.4266939869497083,-0.14694348379723865,1783858714.4360201,-0.009801573464995644,0.02063437332628421,0.01944082413954573,1783858714.436399,0.05949048850580421,-0.035600791336131976,1783858714.4089847,210.0,172.0,508.0,1783858714.4094014,28044.833984375,nan,nan,49.503700256347656,nan
8.280051946640015,1783858714.4858518,BSMC,eight,optuna_t003_r01,1783858714.4461045,-0.26875098923411306,-0.4497215324032953,-0.16956616780157757,0.06594650562690968,-0.03231127889459414,1783858714.4803612,-0.26314467191696167,-0.4523454010486603,-0.17345522636240154,1783858714.4749513,-0.27666952119019544,-0.42706083000662465,-0.14892283543102436,1783858714.4754496,-0.011629066207751778,0.020999414291491554,0.020643332370553213,1783858714.4755416,0.05853885716048205,-0.03581629844551045,1783858714.45967,140.0,179.0,525.0,1783858714.4599805,28044.8828125,nan,nan,50.60361862182617,nan
8.320005893707275,1783858714.5258057,BSMC,eight,optuna_t003_r01,1783858714.4967384,-0.26499534639757544,-0.4506792777536709,-0.17226720097665402,0.06393741140770716,-0.03495405006543043,1783858714.4803612,-0.26314467191696167,-0.4523454010486603,-0.17345522636240154,1783858714.5154219,-0.27413264070585874,-0.42744413970692413,-0.1510055563358802,1783858714.5157168,-0.012984934582977762,0.021324944576794413,0.02126164464077382,1783858714.5158002,0.05777725516154709,-0.036374276377204445,1783858714.5096903,148.0,179.0,495.0,1783858714.5100856,28044.93359375,nan,nan,49.87319564819336,nan
8.36018967628479,1783858714.5659895,BSMC,eight,optuna_t003_r01,1783858714.546365,-0.2614770949100576,-0.4515591638468366,-0.17288474842501286,0.06195965285771318,-0.03239611970920893,1783858714.529114,-0.25995883345603943,-0.45303449034690857,-0.17045416967389662,1783858714.55486,-0.2716679033332539,-0.42782178054018305,-0.1530716591299368,1783858714.5557885,-0.01412230889202612,0.021630449235359926,0.019813089295076053,1783858714.5554228,0.057112750735849406,-0.03795022978506013,1783858714.560437,218.0,185.0,520.0,1783858714.5607314,28044.984375,nan,nan,51.02851486206055,nan
8.400034427642822,1783858714.6058342,BSMC,eight,optuna_t003_r01,1783858714.5960472,-0.25787719663846137,-0.4524384228087302,-0.17379462511520502,0.0625079303408227,-0.02949811132458954,1783858714.5816536,-0.25668060779571533,-0.4537588357925415,-0.17264943870686783,1783858714.5955179,-0.2691428149367373,-0.42821413174239975,-0.15523282117461948,1783858714.595974,-0.011567368813234124,0.021678324802051552,0.01765192725039338,1783858714.5960772,0.05798888937364541,-0.03997152402372992,1783858714.560437,218.0,185.0,520.0,1783858714.5607314,28044.984375,nan,nan,51.02851486206055,nan
8.440110206604004,1783858714.64591,BSMC,eight,optuna_t003_r01,1783858714.5960472,-0.25787719663846137,-0.4524384228087302,-0.17379462511520502,0.0625079303408227,-0.02949811132458954,1783858714.6305804,-0.2506859302520752,-0.45509421825408936,-0.17099811295312786,1783858714.6348815,-0.2666937313555661,-0.42860006954451835,-0.1573728367260423,1783858714.6351924,-0.012805872696194584,0.021954680486313875,0.016421788389162723,1783858714.6352823,0.057277370132059795,-0.04145983586927225,1783858714.613777,156.0,198.0,519.0,1783858714.614096,28045.037109375,nan,nan,53.27693557739258,nan
8.479991674423218,1783858714.6857915,BSMC,eight,optuna_t003_r01,1783858714.6460676,-0.2537796159124483,-0.4534084889400525,-0.173808781291162,0.06274940383561764,-0.026031098836113892,1783858714.6794586,-0.2476697862148285,-0.45581939816474915,-0.17296318251564405,1783858714.676271,-0.26418781465981345,-0.42900058302218935,-0.15960822736480806,1783858714.6777432,-0.014472361883511033,0.022240216140420224,0.014200553926353943,1783858714.6779313,0.05638010645175064,-0.0434680836233203,1783858714.6609633,156.0,185.0,475.0,1783858714.6614337,28045.083984375,nan,nan,46.87830352783203,nan
8.519997358322144,1783858714.7257972,BSMC,eight,optuna_t003_r01,1783858714.6962366,-0.2499562105226691,-0.45432371387378095,-0.17450923694552448,0.06210906497029029,-0.025013624903872038,1783858714.6794586,-0.2476697862148285,-0.45581939816474915,-0.17296318251564405,1783858714.714952,-0.2617765310312855,-0.42939145264341566,-0.1618037919880072,1783858714.7152996,-0.015969651996063566,0.02250128534351354,0.01270544495751727,1783858714.7153883,0.05555787298960075,-0.045096563438754,1783858714.7112958,210.0,172.0,519.0,1783858714.7116463,28045.134765625,nan,nan,50.64274978637695,nan
8.560122966766357,1783858714.7659228,BSMC,eight,optuna_t003_r01,1783858714.7463503,-0.24626502241305945,-0.4552148560477404,-0.17533624828982114,0.06238988010993927,-0.02287340843932056,1783858714.7302809,-0.24480615556240082,-0.4565368890762329,-0.1746585157519045,1783858714.7553513,-0.2592864481404591,-0.42980085934292345,-0.16411801210526045,1783858714.7556393,-0.017254978722308197,0.02275290016194254,0.011218236184560693,1783858714.7557154,0.05481523106792215,-0.04676556040882266,1783858714.7604847,124.0,179.0,518.0,1783858714.7607853,28045.18359375,nan,nan,49.18083572387695,nan
8.600294351577759,1783858714.8060942,BSMC,eight,optuna_t003_r01,1783858714.7960076,-0.24300333510930433,-0.4560004291454543,-0.17557477546723949,0.060460120109160645,-0.021266020535513967,1783858714.7800326,-0.24215154349803925,-0.45708993077278137,-0.17358800024124327,1783858714.795613,-0.25683386400993474,-0.4302099483443089,-0.16644499774682242,1783858714.7959924,-0.014768636584985331,0.022777910250451033,0.008891250542998719,1783858714.7960804,0.055653937004359215,-0.048894329902486815,1783858714.7604847,124.0,179.0,518.0,1783858714.7607853,28045.18359375,nan,nan,49.18083572387695,nan
8.640429258346558,1783858714.846229,BSMC,eight,optuna_t003_r01,1783858714.7960076,-0.24300333510930433,-0.4560004291454543,-0.17557477546723949,0.060460120109160645,-0.021266020535513967,1783858714.8316658,-0.2367616593837738,-0.45852598547935486,-0.17644669751390096,1783858714.8346334,-0.2544433229112045,-0.43061439343819796,-0.16875960721699848,1783858714.83499,-0.01569839597594331,0.022997488854659864,0.006815168250241005,1783858714.835616,0.05506322393876603,-0.05084003096731066,1783858714.813582,132.0,166.0,475.0,1783858714.814881,28045.23828125,nan,nan,53.19009017944336,nan
8.680344581604004,1783858714.8861444,BSMC,eight,optuna_t003_r01,1783858714.846449,-0.23936227972705196,-0.45691054830600464,-0.17680084727991985,0.058603017288113984,-0.022514468652750114,1783858714.881145,-0.23418642580509186,-0.4592382311820984,-0.17526982912036282,1783858714.8747203,-0.2520183440473647,-0.43103054168905597,-0.17115549981132017,1783858714.875075,-0.017010580525178946,0.0232506098150049,0.005645347468599682,1783858714.8751574,0.0543061756906952,-0.05236035322142994,1783858714.8627038,218.0,166.0,520.0,1783858714.863053,28045.287109375,nan,nan,48.789772033691406,nan
8.720015525817871,1783858714.9258153,BSMC,eight,optuna_t003_r01,1783858714.8962703,-0.23580823468917955,-0.45780087107697776,-0.17684703664215612,0.05924291777838494,-0.01852403652874635,1783858714.881145,-0.23418642580509186,-0.4592382311820984,-0.17526982912036282,1783858714.9151082,-0.24957794733658517,-0.4314554388502347,-0.17361647139904424,1783858714.9154177,-0.018189814274151412,0.02351207014020484,0.003230565243111882,1783858714.9155002,0.053601072572581364,-0.05450396662818866,1783858714.9170656,203.0,179.0,532.0,1783858714.9173615,28045.341796875,nan,nan,54.65235137939453,nan
8.760135889053345,1783858714.9659357,BSMC,eight,optuna_t003_r01,1783858714.945944,-0.23231172619404888,-0.4586427800248762,-0.17700408842421503,0.06035479399606337,-0.015254993388689733,1783858714.9293466,-0.2313314527273178,-0.4597972333431244,-0.17595187379871524,1783858714.9558508,-0.24714726511713317,-0.43188486175579155,-0.17611849776527733,1783858714.956361,-0.01931531114208431,0.023727582277127093,0.0008855906589377016,1783858714.9564939,0.05291630374009292,-0.05663044912795977,1783858714.9604506,124.0,172.0,562.0,1783858714.9617603,28045.384765625,nan,nan,43.321922302246094,nan
8.80000925064087,1783858715.005809,BSMC,eight,optuna_t003_r01,1783858714.9961808,-0.22914394973881988,-0.4594441164778408,-0.17827178244226874,0.058835300200107146,-0.017033268478563096,1783858714.9820266,-0.22847320139408112,-0.4605787992477417,-0.17867503898431852,1783858714.9948685,-0.2447883594904233,-0.4323076638922678,-0.17859628687135565,1783858714.995201,-0.016918814386044593,0.023726745244570274,-0.0015921984471406192,1783858714.995441,0.05371089438597875,-0.05885017526419261,1783858714.9604506,124.0,172.0,562.0,1783858714.9617603,28045.384765625,nan,nan,43.321922302246094,nan
8.84024977684021,1783858715.0460496,BSMC,eight,optuna_t003_r01,1783858714.9961808,-0.22914394973881988,-0.4594441164778408,-0.17827178244226874,0.058835300200107146,-0.017033268478563096,1783858715.0289285,-0.22293443977832794,-0.4620210528373718,-0.17937430323633088,1783858715.0351384,-0.24238225771438437,-0.4327452064363949,-0.18117520465061576,1783858715.0355515,-0.017762993623967684,0.023928239654684106,-0.0029034222083470233,1783858715.0360365,0.05314049020801547,-0.06049091417297384,1783858715.0108426,124.0,166.0,524.0,1783858715.0114627,28045.435546875,nan,nan,50.304901123046875,nan
8.880084991455078,1783858715.0858848,BSMC,eight,optuna_t003_r01,1783858715.0462723,-0.22555704874102733,-0.4603599259795591,-0.17946790706170415,0.057212927825880444,-0.018910446034281037,1783858715.0806806,-0.2201647013425827,-0.4626024663448334,-0.18017020980016235,1783858715.0759528,-0.2399597789743907,-0.4331922731073302,-0.18382551357638113,1783858715.076417,-0.019020995754052285,0.024160333633567448,-0.004357606514676982,1783858715.0765564,0.0523923805960932,-0.06221466545852683,1783858715.0610266,187.0,166.0,521.0,1783858715.0613854,28045.484375,nan,nan,50.0250129699707,nan
8.920287609100342,1783858715.1260874,BSMC,eight,optuna_t003_r01,1783858715.0959475,-0.2220738580448562,-0.4612260713592158,-0.1803715244300875,0.05730100798368179,-0.018441527033359773,1783858715.0806806,-0.2201647013425827,-0.4626024663448334,-0.18017020980016235,1783858715.1145954,-0.2376551292967068,-0.4336238219359097,-0.18639824329834354,1783858715.1148915,-0.02028020584538736,0.024359257745646998,-0.006026718868256036,1783858715.1157124,0.051651791799589994,-0.06400994475279559,1783858715.1115937,124.0,166.0,548.0,1783858715.1121643,28045.53515625,nan,nan,50.81889343261719,nan
8.960363388061523,1783858715.1661632,BSMC,eight,optuna_t003_r01,1783858715.1462638,-0.21885554423850156,-0.46205486285220676,-0.18133751669829462,0.0559258792495874,-0.01919847299228568,1783858715.1297486,-0.217539444565773,-0.46336236596107483,-0.18087432632236244,1783858715.1551168,-0.2352813709063965,-0.43407479558532636,-0.1891016965587875,1783858715.1555116,-0.021202572457286684,0.024558967143925026,-0.007764179860492881,1783858715.1564462,0.051043237774083226,-0.06588201078831753,1783858715.1611745,124.0,172.0,499.0,1783858715.1614888,28045.5859375,nan,nan,49.638465881347656,nan
9.000283002853394,1783858715.2060828,BSMC,eight,optuna_t003_r01,1783858715.196349,-0.21583609250900693,-0.4628221142602625,-0.18240373320844047,0.05450385315226778,-0.02067367802539466,1783858715.18187,-0.21483783423900604,-0.46393752098083496,-0.18189539559427678,1783858715.1952913,-0.23292168071765204,-0.43452975728210425,-0.19184430486867243,1783858715.1957526,-0.018799523051376527,0.02453702437411959,-0.010506788170377812,1783858715.1961935,0.051826210201913775,-0.06829220438193855,1783858715.1611745,124.0,172.0,499.0,1783858715.1614888,28045.5859375,nan,nan,49.638465881347656,nan
9.040184020996094,1783858715.2459838,BSMC,eight,optuna_t003_r01,1783858715.196349,-0.21583609250900693,-0.4628221142602625,-0.18240373320844047,0.05450385315226778,-0.02067367802539466,1783858715.2293923,-0.20986275374889374,-0.46519118547439575,-0.18139089545651815,1783858715.2347524,-0.23060899478978045,-0.43498223860425683,-0.19458695908281676,1783858715.2351289,-0.01957781244940293,0.02469831123852688,-0.012183225874376286,1783858715.2355423,0.05127826363630165,-0.07014118421727869,1783858715.1611745,124.0,172.0,499.0,1783858715.1614888,28045.5859375,nan,nan,49.638465881347656,nan
9.080185890197754,1783858715.2859857,BSMC,eight,optuna_t003_r01,1783858715.2460942,-0.21223347909936122,-0.46371692993478975,-0.18276367307961083,0.05570594277007812,-0.018948478723352653,1783858715.2813735,-0.2071905881166458,-0.4657784104347229,-0.18342282933410944,1783858715.2749517,-0.22827925036498248,-0.4354447872713234,-0.19740590968345395,1783858715.2755709,-0.020916934264214922,0.024884989195869508,-0.014642236603843116,1783858715.2774508,0.05049030748427787,-0.07237889614436481,1783858715.2655559,218.0,192.0,516.0,1783858715.2658617,28045.689453125,nan,nan,4.26604700088501,nan
9.120028734207153,1783858715.3258286,BSMC,eight,optuna_t003_r01,1783858715.2959538,-0.20858128842593227,-0.46460108095354663,-0.18351440635971403,0.058873730624320594,-0.017057598987892608,1783858715.2813735,-0.2071905881166458,-0.4657784104347229,-0.18342282933410944,1783858715.315397,-0.22593953850639117,-0.4359162592112299,-0.2002949531022343,1783858715.3157265,-0.022301358790393442,0.025035519574124674,-0.016780546742520275,1783858715.3158169,0.049679809144634275,-0.07448982770077925,1783858715.3190851,140.0,185.0,518.0,1783858715.3193762,28045.744140625,nan,nan,53.51344680786133,nan
9.160830974578857,1783858715.3666308,BSMC,eight,optuna_t003_r01,1783858715.346444,-0.20522700815051254,-0.4654285804953981,-0.18365529137449488,0.058943035822254464,-0.0157628815234541,1783858715.3302364,-0.20441356301307678,-0.4665030837059021,-0.1820785315718729,1783858715.3552582,-0.22362871030265133,-0.4363888895944815,-0.20320684171929249,1783858715.35581,-0.02339559758065184,0.025190718599535897,-0.019551550344797608,1783858715.355924,0.04899022329611915,-0.0768989678801421,1783858715.3612955,93.0,140.0,519.0,1783858715.3615987,28045.78515625,nan,nan,42.25468063354492,nan
9.201008081436157,1783858715.406808,BSMC,eight,optuna_t003_r01,1783858715.3963933,-0.2024322959564677,-0.46615548296365256,-0.1838499491822729,0.055614016115491535,-0.015430214609489538,1783858715.3812668,-0.20212486386299133,-0.4671412408351898,-0.18228357939390955,1783858715.3951173,-0.22133502950622783,-0.4368650199112945,-0.20615607131469837,1783858715.3954742,-0.02105353715385399,0.025141478050210685,-0.022500779940203493,1783858715.3955717,0.04973920383444792,-0.07944205253513535,1783858715.3612955,93.0,140.0,519.0,1783858715.3615987,28045.78515625,nan,nan,42.25468063354492,nan
9.240035057067871,1783858715.4458349,BSMC,eight,optuna_t003_r01,1783858715.3963933,-0.2024322959564677,-0.46615548296365256,-0.1838499491822729,0.055614016115491535,-0.015430214609489538,1783858715.431379,-0.1970873475074768,-0.4684138298034668,-0.18865390506145696,1783858715.4355836,-0.21901382006848613,-0.437354126531606,-0.20920200748858286,1783858715.4360442,-0.021567426506864613,0.025284603775306273,-0.02535205830630996,1783858715.4361808,0.04928569831315707,-0.08192167505321311,1783858715.4119568,140.0,128.0,537.0,1783858715.4124792,28045.8359375,nan,nan,50.30095291137695,nan
9.280217409133911,1783858715.4860172,BSMC,eight,optuna_t003_r01,1783858715.4467673,-0.1992260378642179,-0.46699389647911327,-0.186278739067137,0.05326218484432558,-0.01959516717054348,1783858715.4826458,-0.19435979425907135,-0.4691019356250763,-0.19038683816603158,1783858715.4752045,-0.21675870459815222,-0.437836454455958,-0.21222178771941003,1783858715.4755323,-0.022629410121140663,0.0254059171396367,-0.025943048652273037,1783858715.4756234,0.048609802843434635,-0.0833235982313142,1783858715.4619036,140.0,147.0,573.0,1783858715.46235,28045.88671875,nan,nan,50.12303161621094,nan
9.320249319076538,1783858715.5260491,BSMC,eight,optuna_t003_r01,1783858715.4964163,-0.19616794189467726,-0.4677978278803762,-0.18855566952596733,0.051896192024234344,-0.022793054712749297,1783858715.4826458,-0.19435979425907135,-0.4691019356250763,-0.19038683816603158,1783858715.5151818,-0.21448846470688407,-0.4383292882571484,-0.21532367405663355,1783858715.5154693,-0.02351940326940037,0.025512233408497523,-0.026768004530666217,1783858715.5157018,0.0480015827573768,-0.08486482363872837,1783858715.5126395,93.0,166.0,581.0,1783858715.5127485,28045.935546875,nan,nan,50.58790588378906,nan
9.35999584197998,1783858715.5657957,BSMC,eight,optuna_t003_r01,1783858715.545949,-0.19334615710461422,-0.4685809103462477,-0.19013632752221415,0.050143093932605694,-0.02539124415547927,1783858715.5297065,-0.1920733004808426,-0.46989527344703674,-0.19001989172171377,1783858715.555213,-0.21223527936777195,-0.43882578994295407,-0.21846520393722535,1783858715.555577,-0.024172214105883952,0.025648980395063026,-0.028328876415011195,1783858715.5556622,0.04749082403788181,-0.08675264367866077,1783858715.562016,124.0,179.0,545.0,1783858715.562329,28045.986328125,nan,nan,49.622310638427734,nan
9.400429248809814,1783858715.606229,BSMC,eight,optuna_t003_r01,1783858715.5958774,-0.19049664208942405,-0.4693489985494908,-0.18999940740354182,0.04988476292063472,-0.023389278123156002,1783858715.5837307,-0.18937596678733826,-0.4705554246902466,-0.18698065330907485,1783858715.5949242,-0.21001933408462095,-0.4393214028428038,-0.22161756149132772,1783858715.5953486,-0.021902536272949715,0.025581096824859546,-0.031481233969113565,1783858715.5954783,0.04820332856817819,-0.08942470240853023,1783858715.562016,124.0,179.0,545.0,1783858715.562329,28045.986328125,nan,nan,49.622310638427734,nan
9.440605878829956,1783858715.6464057,BSMC,eight,optuna_t003_r01,1783858715.5958774,-0.19049664208942405,-0.4693489985494908,-0.18999940740354182,0.04988476292063472,-0.023389278123156002,1783858715.6347415,-0.18349707126617432,-0.4722736179828644,-0.19538543073916156,1783858715.6348872,-0.2077798828798774,-0.43982980615903333,-0.22486823262562738,1783858715.6355891,-0.022547162464354207,0.02572389154874607,-0.034868825222085564,1783858715.6356575,0.04768862173570587,-0.09218455742436277,1783858715.6149035,187.0,179.0,532.0,1783858715.6153538,28046.0390625,nan,nan,52.646209716796875,nan
9.480023622512817,1783858715.6858234,BSMC,eight,optuna_t003_r01,1783858715.646837,-0.18674375149487665,-0.4703720075277009,-0.19295062799773077,0.05257575477006242,-0.028044540050281924,1783858715.6347415,-0.18349707126617432,-0.4722736179828644,-0.19538543073916156,1783858715.6759183,-0.2055486507869873,-0.44034404000286875,-0.2281735432215417,1783858715.676186,-0.02421396216500502,0.02586478508185414,-0.035222915223810936,1783858715.6763122,0.04674970941823738,-0.09354787258658677,1783858715.6627252,171.0,166.0,547.0,1783858715.6630733,28046.0859375,nan,nan,47.872840881347656,nan
9.519972324371338,1783858715.7257721,BSMC,eight,optuna_t003_r01,1783858715.6964104,-0.18318988151678545,-0.4712853256316361,-0.19194203157171022,0.05433071590948762,-0.02140784896183013,1783858715.687047,-0.1804608404636383,-0.47282058000564575,-0.18810244973619566,1783858715.7150152,-0.20334039472890036,-0.4408607096290271,-0.2315119877669619,1783858715.7154481,-0.025584432162772477,0.026021861434692213,-0.03956995619525169,1783858715.7157116,0.045926511629765535,-0.09676084649124678,1783858715.7125223,78.0,153.0,527.0,1783858715.712874,28046.13671875,nan,nan,49.89860916137695,nan
9.559924125671387,1783858715.765724,BSMC,eight,optuna_t003_r01,1783858715.746018,-0.18016254579621008,-0.472086714643565,-0.19505395623102892,0.052235861325799784,-0.028115885998040612,1783858715.7332528,-0.17826847732067108,-0.47335073351860046,-0.19762859203782862,1783858715.7561274,-0.20109426180993878,-0.4413943073457041,-0.2349780998199873,1783858715.7564616,-0.026483578409583687,0.02605341965348509,-0.03992414358895838,1783858715.7565486,0.04530268553617136,-0.09819521703362216,1783858715.7633913,78.0,140.0,503.0,1783858715.7643023,28046.1875,nan,nan,50.83653259277344,nan
9.600856065750122,1783858715.806656,BSMC,eight,optuna_t003_r01,1783858715.7960196,-0.17755037646143174,-0.4728162203011501,-0.19598359327646636,0.04891985403909143,-0.028636078566315136,1783858715.780273,-0.1765516996383667,-0.4739750623703003,-0.19419773227812345,1783858715.795575,-0.19892295646547506,-0.44191803365384497,-0.23839806755873613,1783858715.7963934,-0.02425193871083741,0.02596046590307562,-0.04334411132770721,1783858715.7966053,0.045989473799172245,-0.10104475207269294,1783858715.7633913,78.0,140.0,503.0,1783858715.7643023,28046.1875,nan,nan,50.83653259277344,nan
9.640278100967407,1783858715.846078,BSMC,eight,optuna_t003_r01,1783858715.7960196,-0.17755037646143174,-0.4728162203011501,-0.19598359327646636,0.04891985403909143,-0.028636078566315136,1783858715.8297904,-0.17275407910346985,-0.47490954399108887,-0.199829215446188,1783858715.8359458,-0.1967286118290083,-0.44245538921862637,-0.24192546042652907,1783858715.8363557,-0.024723305809987012,0.026045017290483162,-0.04594186715006271,1783858715.836453,0.045540097920477134,-0.10350587635134025,1783858715.813257,148.0,134.0,541.0,1783858715.8136303,28046.236328125,nan,nan,49.594730377197266,nan
9.67993688583374,1783858715.8857367,BSMC,eight,optuna_t003_r01,1783858715.8462646,-0.1746014149138182,-0.47361603076539144,-0.19851398346408106,0.04805850313117821,-0.03137042887384316,1783858715.8808649,-0.17057383060455322,-0.4755944013595581,-0.2033112759723908,1783858715.8759012,-0.19460361888813146,-0.44298366759016916,-0.24541138320121458,1783858715.8760288,-0.025650466685303245,0.026086076676167604,-0.04689739973713353,1783858715.8761292,0.04490918912336868,-0.10520227207124605,1783858715.8666646,140.0,147.0,540.0,1783858715.86703,28046.291015625,nan,nan,53.683921813964844,nan
9.720011234283447,1783858715.925811,BSMC,eight,optuna_t003_r01,1783858715.8964326,-0.17178420366771102,-0.47440436860654833,-0.20148083369107256,0.047926427378224216,-0.03464869725195159,1783858715.8808649,-0.17057383060455322,-0.4755944013595581,-0.2033112759723908,1783858715.9151983,-0.19242756553759002,-0.4435328819432344,-0.24905442634286268,1783858715.9155803,-0.026403788768291817,0.0261158384275399,-0.04757359265179012,1783858715.9157064,0.044343697270259934,-0.10682613815468917,1783858715.9136257,132.0,166.0,565.0,1783858715.9140913,28046.337890625,nan,nan,46.97909164428711,nan
9.760101795196533,1783858715.9659016,BSMC,eight,optuna_t003_r01,1783858715.9460447,-0.16899575100938036,-0.4752397780385776,-0.20366081798651856,0.04836896135184998,-0.03608035924610851,1783858715.929788,-0.16808851063251495,-0.47659316658973694,-0.20375691570225346,1783858715.9554188,-0.1903072553067056,-0.44407622911678174,-0.2526775180306986,1783858715.9555423,-0.027174063138405053,0.026209106992914726,-0.049016700044180045,1783858715.9558764,0.04377305865497906,-0.10877271636953041,1783858715.9136257,132.0,166.0,565.0,1783858715.9140913,28046.337890625,nan,nan,46.97909164428711,nan
9.800124883651733,1783858716.0059247,BSMC,eight,optuna_t003_r01,1783858715.9961767,-0.16636638008082963,-0.4760405916981084,-0.20496575364494504,0.04760479910498251,-0.03700655884624602,1783858715.9803574,-0.16571378707885742,-0.4773247241973877,-0.20288840303580666,1783858715.9953215,-0.18816191919138361,-0.44463441535993087,-0.25641914302022206,1783858715.9956453,-0.024960168859543608,0.02609636369257995,-0.05275832503370351,1783858715.9958203,0.044441167351666,-0.11184174183623613,1783858715.9688203,78.0,179.0,558.0,1783858715.969437,28046.392578125,nan,nan,55.105777740478516,nan
9.840466737747192,1783858716.0462666,BSMC,eight,optuna_t003_r01,1783858715.9961767,-0.16636638008082963,-0.4760405916981084,-0.20496575364494504,0.04760479910498251,-0.03700655884624602,1783858716.0300345,-0.16312098503112793,-0.4779869616031647,-0.21059887828514692,1783858716.0352485,-0.1860515010448592,-0.44519197329031546,-0.2601763186590046,1783858716.0359838,-0.025551802434552767,0.02619630961383078,-0.05521056501405955,1783858716.0361683,0.04393857234646763,-0.11427522354283869,1783858716.0133054,93.0,172.0,534.0,1783858716.013696,28046.4375,nan,nan,44.501197814941406,nan
9.880233764648438,1783858716.0860336,BSMC,eight,optuna_t003_r01,1783858716.0464165,-0.16376395901503435,-0.47682433529719764,-0.20883380382073705,0.04694670011403704,-0.044446575427592255,1783858716.0810199,-0.15848425030708313,-0.4793769121170044,-0.2184639508004032,1783858716.0752385,-0.18392759602169045,-0.4457617561425583,-0.2640362311314679,1783858716.07564,-0.026165417332913807,0.02620738477736532,-0.055202427310730856,1783858716.0757706,0.04343015394062093,-0.11564961310036731,1783858716.0717597,171.0,160.0,534.0,1783858716.0721588,28046.49609375,nan,nan,58.34629440307617,nan
9.920224666595459,1783858716.1260245,BSMC,eight,optuna_t003_r01,1783858716.0960925,-0.16059270568194972,-0.4777741500045397,-0.2141854290305707,0.04875512219672176,-0.052441033153268306,1783858716.0810199,-0.15848425030708313,-0.4793769121170044,-0.2184639508004032,1783858716.1147625,-0.1818358298198235,-0.44633160483502987,-0.2679171300022609,1783858716.1150806,-0.027440877135581902,0.02620881973503729,-0.05373170097169022,1783858716.1153722,0.042650201263204277,-0.11637564302596118,1783858716.1139374,187.0,153.0,538.0,1783858716.1142802,28046.537109375,nan,nan,42.15438461303711,nan
9.960156202316284,1783858716.165956,BSMC,eight,optuna_t003_r01,1783858716.146916,-0.157531128815382,-0.4787064955193472,-0.216751172506965,0.05071603206605707,-0.050622743970494426,1783858716.1298447,-0.15658988058567047,-0.480085164308548,-0.21633662930063935,1783858716.1556673,-0.17973108740495153,-0.4469138917941533,-0.27190392091012006,1783858716.1563487,-0.02851776048302722,0.02627442007045074,-0.055152748403155066,1783858716.156459,0.041941071474210105,-0.1184203599005419,1783858716.164181,109.0,153.0,556.0,1783858716.164359,28046.587890625,nan,nan,50.1457633972168,nan
10.003072261810303,1783858716.208872,BSMC,eight,optuna_t003_r01,1783858716.1962795,-0.15495935185775717,-0.47953466538237566,-0.21894992687307976,0.050008293773979265,-0.04966216252249655,1783858716.1835518,-0.15475937724113464,-0.480718731880188,-0.21793578797762203,1783858716.1962163,-0.17765336483743369,-0.4474976663750399,-0.2759223597260987,1783858716.1966257,-0.026363108579714026,0.026151135828103654,-0.05917118721913369,1783858716.1969593,0.042579014958003224,-0.12166958113085047,1783858716.164181,109.0,153.0,556.0,1783858716.164359,28046.587890625,nan,nan,50.1457633972168,nan
10.040355205535889,1783858716.246155,BSMC,eight,optuna_t003_r01,1783858716.1962795,-0.15495935185775717,-0.47953466538237566,-0.21894992687307976,0.050008293773979265,-0.04966216252249655,1783858716.2294059,-0.1507135033607483,-0.4820586144924164,-0.22237112852601176,1783858716.2353344,-0.17561033384611574,-0.44808057887999875,-0.2799562819003677,1783858716.2357194,-0.026989938512732247,0.026217662631543875,-0.061006355027287934,1783858716.2358115,0.04205982003265586,-0.12389964928121414,1783858716.2185755,78.0,160.0,551.0,1783858716.2188904,28046.642578125,nan,nan,54.638526916503906,nan
10.08013916015625,1783858716.285939,BSMC,eight,optuna_t003_r01,1783858716.2463195,-0.15215107945855447,-0.48045386178530325,-0.22228269875998125,0.048330449256494656,-0.05318894615025659,1783858716.2804575,-0.14848271012306213,-0.4829089939594269,-0.22263005409095707,1783858716.2755117,-0.1735282564172566,-0.44868390905474764,-0.28415401913655725,1783858716.2758634,-0.027855129000404953,0.026275566208860325,-0.061871320376576,1783858716.2760832,0.04143676666313657,-0.1257529729593045,1783858716.2668636,140.0,172.0,537.0,1783858716.2671816,28046.69140625,nan,nan,48.14012908935547,nan
10.120100736618042,1783858716.3259006,BSMC,eight,optuna_t003_r01,1783858716.2964275,-0.14935336360021423,-0.481385114790523,-0.22444450889037382,0.04866083963550355,-0.052543202053198325,1783858716.2804575,-0.14848271012306213,-0.4829089939594269,-0.22263005409095707,1783858716.315155,-0.17150734134510692,-0.4492786825902775,-0.28831462928707857,1783858716.3155293,-0.02874407213438349,0.026370438670669114,-0.06387012039670475,1783858716.315614,0.0408053124751645,-0.12808159782490028,1783858716.3148003,171.0,172.0,554.0,1783858716.3152485,28046.73828125,nan,nan,48.0579719543457,nan
10.160099029541016,1783858716.3658988,BSMC,eight,optuna_t003_r01,1783858716.3460338,-0.1465326481190763,-0.48234347467302696,-0.22642459070141355,0.05033748595017471,-0.05055274608110634,1783858716.3303475,-0.14612631499767303,-0.48383352160453796,-0.2248040156360901,1783858716.3546948,-0.16951372052954683,-0.44987447940883885,-0.2925046919100466,1783858716.3550894,-0.029683608214590512,0.026481101675796183,-0.06608010120863303,1783858716.355189,0.040153046900566716,-0.1305029852111059,1783858716.3646975,124.0,172.0,532.0,1783858716.3656335,28046.7890625,nan,nan,49.808876037597656,nan
10.200879573822021,1783858716.4066794,BSMC,eight,optuna_t003_r01,1783858716.396885,-0.14377071599745186,-0.4833043058404653,-0.2300654012946465,0.05069630563529555,-0.05366922825804077,1783858716.379375,-0.1436765044927597,-0.48473435640335083,-0.23077113293723697,1783858716.3955464,-0.16745946201362288,-0.45049803029597046,-0.29691383193695237,1783858716.39602,-0.0275418001235396,0.026334637140165453,-0.07048924123553882,1783858716.3964458,0.040774041468722155,-0.1340140212005061,1783858716.3646975,124.0,172.0,532.0,1783858716.3656335,28046.7890625,nan,nan,49.808876037597656,nan
10.240331888198853,1783858716.4461317,BSMC,eight,optuna_t003_r01,1783858716.396885,-0.14377071599745186,-0.4833043058404653,-0.2300654012946465,0.05069630563529555,-0.05366922825804077,1783858716.4295034,-0.14133653044700623,-0.4855530261993408,-0.23091321341999096,1783858716.4352667,-0.16548834442843322,-0.45110575444788137,-0.30123457240368395,1783858716.435364,-0.02848799749198266,0.026397653216599155,-0.07116917110903745,1783858716.4356935,0.0401227113283659,-0.1358040565642599,1783858716.4271407,109.0,179.0,555.0,1783858716.4275615,28046.8515625,nan,nan,62.296993255615234,nan
10.280851364135742,1783858716.4866512,BSMC,eight,optuna_t003_r01,1783858716.4460483,-0.1412284359800286,-0.484210187255922,-0.23246653636174144,0.05028909776528585,-0.05433241360014568,1783858716.479289,-0.1368541717529297,-0.4871392548084259,-0.23267868901466326,1783858716.47535,-0.16348434232747397,-0.45173329276736224,-0.3057205457365453,1783858716.475724,-0.02913922272190652,0.026476022022396618,-0.07325400937480384,1783858716.475816,0.03958335014537788,-0.13825720779044895,1783858716.4649506,171.0,160.0,520.0,1783858716.465348,28046.888671875,nan,nan,37.9185905456543,nan
10.319952011108398,1783858716.5257518,BSMC,eight,optuna_t003_r01,1783858716.4968796,-0.13809287476141507,-0.48529932215987476,-0.23452256081920525,0.051439732735922256,-0.052041337110431324,1783858716.479289,-0.1368541717529297,-0.4871392548084259,-0.23267868901466326,1783858716.5154116,-0.16150593747065675,-0.45236261556057045,-0.31024413895328506,1783858716.5157912,-0.03042592662524119,0.026594381662880955,-0.07572157813407981,1783858716.5158753,0.03877721259244366,-0.14087364237679137,1783858716.5178218,164.0,153.0,556.0,1783858716.5178995,28046.94140625,nan,nan,53.12117385864258,nan
10.359786748886108,1783858716.5655866,BSMC,eight,optuna_t003_r01,1783858716.546045,-0.13529138087535725,-0.48630272237909317,-0.2373101981219283,0.05204944193629286,-0.05148462659595324,1783858716.534204,-0.134657621383667,-0.48788192868232727,-0.23758283044542616,1783858716.5551057,-0.15956302678852594,-0.45299035459727605,-0.31478116368679754,1783858716.5558646,-0.031422778044174704,0.026672751312000365,-0.07747096556486922,1783858716.555984,0.03809774781459728,-0.14318415459286843,1783858716.5651019,140.0,147.0,505.0,1783858716.5178995,28046.94140625,nan,nan,53.12117385864258,nan
10.400512456893921,1783858716.6063123,BSMC,eight,optuna_t003_r01,1783858716.596014,-0.13258860069918363,-0.4872944264333422,-0.24036320924687932,0.05154504242536819,-0.05175156473358069,1783858716.5806696,-0.1324033886194229,-0.48881879448890686,-0.24071448893731226,1783858716.5948908,-0.1576190692102832,-0.45362829296098583,-0.3194173105020007,1783858716.5953948,-0.02938332981306742,0.02650969508079959,-0.08210711238007237,1783858716.5956411,0.038676523830876046,-0.14682043012417423,1783858716.5651019,140.0,147.0,505.0,1783858716.5658145,28046.98828125,nan,nan,47.17901611328125,nan
10.44067668914795,1783858716.6464765,BSMC,eight,optuna_t003_r01,1783858716.596014,-0.13258860069918363,-0.4872944264333422,-0.24036320924687932,0.05154504242536819,-0.05175156473358069,1783858716.629687,-0.1278354674577713,-0.49065741896629333,-0.24098379749387927,1783858716.636226,-0.1556632773534296,-0.45428031340322583,-0.32418227976371006,1783858716.6365454,-0.03027050424530104,0.026571957673429247,-0.08381907051683074,1783858716.6366303,0.038036977026756666,-0.14918010548240887,1783858716.6213355,70.0,121.0,539.0,1783858716.6199365,28047.04296875,nan,nan,54.717044830322266,nan
10.480113983154297,1783858716.6859138,BSMC,eight,optuna_t003_r01,1783858716.6461947,-0.1297510526879746,-0.4883931857590018,-0.24254352885030742,0.048361608426926134,-0.05093671187770328,1783858716.6796749,-0.1254514455795288,-0.4915723204612732,-0.2420816668541638,1783858716.675477,-0.15375774875762813,-0.4549256587769548,-0.3289248496890097,1783858716.6755667,-0.031342004584989626,0.026722192407608567,-0.08638132083870227,1783858716.6760135,0.0373210974973978,-0.15187137428085862,1783858716.6665092,46.0,121.0,545.0,1783858716.6667914,28047.08984375,nan,nan,45.961669921875,nan
10.520089387893677,1783858716.7258892,BSMC,eight,optuna_t003_r01,1783858716.6964433,-0.12724928663941182,-0.4894033536024969,-0.24435948500800053,0.044186582727117334,-0.05037298831768936,1783858716.6796749,-0.1254514455795288,-0.4915723204612732,-0.2420816668541638,1783858716.7152464,-0.1518507611353214,-0.4555817080114404,-0.33377300689039724,1783858716.7153342,-0.03205326189420645,0.02686493364595076,-0.0894135218823967,1783858716.7154167,0.03675167219570336,-0.15479256749938183,1783858716.7224429,117.0,128.0,525.0,1783858716.7228189,28047.146484375,nan,nan,56.67938995361328,nan
10.560246467590332,1783858716.7660463,BSMC,eight,optuna_t003_r01,1783858716.7466598,-0.1247064707576863,-0.4904146119781592,-0.24718593722860724,0.04262333625120548,-0.05129469625721743,1783858716.7316258,-0.12309495359659195,-0.4924684166908264,-0.24689736212606264,1783858716.755177,-0.14994315698756985,-0.4562484434491405,-0.33872797400472054,1783858716.7555282,-0.032829267186557695,0.026952859214052025,-0.09154203677611329,1783858716.755609,0.036156874251820945,-0.15736735437243912,1783858716.7224429,117.0,128.0,525.0,1783858716.7228189,28047.146484375,nan,nan,56.67938995361328,nan
10.600043296813965,1783858716.805843,BSMC,eight,optuna_t003_r01,1783858716.796417,-0.12221850355778484,-0.4914344859837933,-0.2490059443005687,0.04181169853623078,-0.048754556387634554,1783858716.7828782,-0.12068381905555725,-0.49355006217956543,-0.24743313390006594,1783858716.7951674,-0.14806801655896856,-0.4569142995987715,-0.3437044427085135,1783858716.7955112,-0.030848202748751503,0.026766044513784386,-0.09651850547990629,1783858716.7955985,0.03670634600584106,-0.16120908797304537,1783858716.767041,117.0,115.0,503.0,1783858716.7671678,28047.19140625,nan,nan,44.19681167602539,nan
10.640709161758423,1783858716.846509,BSMC,eight,optuna_t003_r01,1783858716.796417,-0.12221850355778484,-0.4914344859837933,-0.2490059443005687,0.04181169853623078,-0.048754556387634554,1783858716.8305442,-0.11602997034788132,-0.4951825439929962,-0.2540188240571337,1783858716.834959,-0.1462023615792308,-0.4575873475553761,-0.3487631633528884,1783858716.835323,-0.03158545685949978,0.026892622415115856,-0.09975721905231968,1783858716.8350747,0.03612371436572894,-0.16426110425715296,1783858716.8167803,101.0,115.0,561.0,1783858716.8172722,28047.240234375,nan,nan,50.17369842529297,nan
10.680565595626831,1783858716.8863654,BSMC,eight,optuna_t003_r01,1783858716.846792,-0.11927738628357581,-0.49258730918354504,-0.2526634595644855,0.041273459706384075,-0.05126966646647884,1783858716.8806105,-0.11379124969244003,-0.4959067702293396,-0.2621295452627441,1783858716.8752384,-0.1443361134649691,-0.45827141686379247,-0.3539341148823838,1783858716.8757062,-0.03284152850337408,0.026962089667056974,-0.1012706553178983,1783858716.875851,0.03532999398367945,-0.16662593683780585,1783858716.8662083,117.0,140.0,581.0,1783858716.8667338,28047.2890625,nan,nan,49.22153091430664,nan
10.7201828956604,1783858716.9259827,BSMC,eight,optuna_t003_r01,1783858716.896089,-0.11644441246274485,-0.4936800838323336,-0.2581211562308016,0.04179914677962454,-0.05838433204573676,1783858716.8806105,-0.11379124969244003,-0.4959067702293396,-0.2621295452627441,1783858716.915613,-0.14247965955770567,-0.4589628970537336,-0.35919123226780303,1783858716.9162188,-0.03403479482024346,0.02692117922119667,-0.10107007603700141,1783858716.9163768,0.03457058247389677,-0.16831817183268208,1783858716.9171486,62.0,153.0,590.0,1783858716.9172375,28047.341796875,nan,nan,50.9476432800293,nan
10.760077714920044,1783858716.9658775,BSMC,eight,optuna_t003_r01,1783858716.946176,-0.11380429561764561,-0.49471314702493613,-0.26098359309265884,0.0412186230836453,-0.05958406794279669,1783858716.9305596,-0.11166641116142273,-0.49676084518432617,-0.25957877843648774,1783858716.9552839,-0.14065887699349083,-0.4596520251386167,-0.3644606526669555,1783858716.9556205,-0.034992050240504564,0.026944521312601662,-0.10347705957429665,1783858716.9557037,0.033900236861634875,-0.1710908288431564,1783858716.9171486,62.0,153.0,590.0,1783858716.9172375,28047.341796875,nan,nan,50.9476432800293,nan
10.800117015838623,1783858717.0059168,BSMC,eight,optuna_t003_r01,1783858716.99591,-0.11133399684710443,-0.4957300435597443,-0.263453055319647,0.04120656972483136,-0.05961317427839566,1783858716.9798741,-0.10998493432998657,-0.49767908453941345,-0.26133667326833043,1783858716.9956872,-0.13884339328358458,-0.46035021038875834,-0.3698300904213838,1783858716.9952939,-0.03305789148275429,0.026738429963272747,-0.10884649732872498,1783858716.9957747,0.03442495678759699,-0.17517245275369134,1783858716.9661436,93.0,153.0,557.0,1783858716.9664166,28047.390625,nan,nan,49.027610778808594,nan
10.840270519256592,1783858717.0460703,BSMC,eight,optuna_t003_r01,1783858716.99591,-0.11133399684710443,-0.4957300435597443,-0.263453055319647,0.04120656972483136,-0.05961317427839566,1783858717.0301228,-0.10828424990177155,-0.49817368388175964,-0.2603159731063173,1783858717.0351448,-0.13704234272771446,-0.46105404642748826,-0.3752743558886366,1783858717.0354874,-0.033851502938762615,0.026784689167885713,-0.11182130056898959,1783858717.0355759,0.0338187678299952,-0.17821335396303,1783858717.0165212,156.0,153.0,591.0,1783858717.0172067,28047.439453125,nan,nan,50.42295837402344,nan
10.880404472351074,1783858717.0862043,BSMC,eight,optuna_t003_r01,1783858717.0461264,-0.10883420032416075,-0.49669681516122055,-0.264367193153703,0.04309252031140413,-0.05400114884067466,1783858717.079575,-0.10534398257732391,-0.49974390864372253,-0.26146769317364926,1783858717.0754092,-0.1352451519338653,-0.4617677896417537,-0.38082744902721016,1783858717.075496,-0.0346202854597126,0.02681438090573293,-0.11646025587350717,1783858717.075578,0.03321228377558491,-0.1819724478784592,1783858717.0665715,140.0,166.0,564.0,1783858717.0669262,28047.490234375,nan,nan,50.11856460571289,nan
10.919997215270996,1783858717.125797,BSMC,eight,optuna_t003_r01,1783858717.0961292,-0.1061504160527445,-0.4978055548713581,-0.2651795699805709,0.04526612186005071,-0.04907794269049672,1783858717.079575,-0.10534398257732391,-0.49974390864372253,-0.26146769317364926,1783858717.1152117,-0.13345793977583478,-0.46248918104988834,-0.3864730177107449,1783858717.1166992,-0.03560880749427123,0.026925080141400982,-0.12129344773017398,1783858717.1168153,0.03251152700149474,-0.1858097092943755,1783858717.1182163,109.0,172.0,570.0,1783858717.1193168,28047.54296875,nan,nan,51.760746002197266,nan
10.96002459526062,1783858717.1658244,BSMC,eight,optuna_t003_r01,1783858717.1466913,-0.10370445623582622,-0.498824869907312,-0.26948887190402315,0.04611869736337016,-0.05463106796607088,1783858717.1289284,-0.10388530790805817,-0.500308632850647,-0.2712241847930681,1783858717.1558435,-0.13169203747904856,-0.463213650530646,-0.392176060325464,1783858717.155525,-0.036458516405404554,0.026874527546653742,-0.12268718842144083,1783858717.15594,0.03188979512196817,-0.1882713814914971,1783858717.1182163,109.0,172.0,570.0,1783858717.1193168,28047.54296875,nan,nan,51.760746002197266,nan
11.00018572807312,1783858717.2059855,BSMC,eight,optuna_t003_r01,1783858717.1961753,-0.10154726574283554,-0.4997469471530057,-0.27268893354310436,0.04616450464099134,-0.05695665882657048,1783858717.1787188,-0.10246317088603973,-0.5009216070175171,-0.2722362862066398,1783858717.1949139,-0.129958799744486,-0.46393631447299255,-0.39789824380741523,1783858717.1953113,-0.03459543506478915,0.026639401758339926,-0.12840937190339208,1783858717.195403,0.032382257380074754,-0.19254433536157514,1783858717.1671062,109.0,166.0,568.0,1783858717.1680155,28047.591796875,nan,nan,48.86609649658203,nan
11.04032278060913,1783858717.2461226,BSMC,eight,optuna_t003_r01,1783858717.1961753,-0.10154726574283554,-0.4997469471530057,-0.27268893354310436,0.04616450464099134,-0.05695665882657048,1783858717.2300744,-0.09913250058889389,-0.502374529838562,-0.2784769738267364,1783858717.2357042,-0.12821867132013037,-0.46467372222018943,-0.40377153009583233,1783858717.2353213,-0.035131892771991975,0.026594080035108138,-0.13108259655272797,1783858717.2358236,0.0318842876405158,-0.19556443928058656,1783858717.2169645,156.0,172.0,585.0,1783858717.217477,28047.640625,nan,nan,49.74655532836914,nan
11.08080530166626,1783858717.2866051,BSMC,eight,optuna_t003_r01,1783858717.2462428,-0.09900499107544172,-0.5008269321776488,-0.27701378540951116,0.04781843251072275,-0.06074916522381155,1783858717.2817047,-0.09724109619855881,-0.5032473206520081,-0.2778648305724918,1783858717.2748506,-0.1264967490383942,-0.46541544485530456,-0.4097142101791001,1783858717.2755182,-0.03612816643961605,0.026542904512986347,-0.13270042476958893,1783858717.275284,0.031201100141155,-0.19816974310415453,1783858717.2720647,156.0,172.0,583.0,1783858717.2724476,28047.6953125,nan,nan,55.0820426940918,nan
11.120547771453857,1783858717.3263476,BSMC,eight,optuna_t003_r01,1783858717.296286,-0.09654086589379834,-0.5018824609380951,-0.27946807466753304,0.04943628044497085,-0.05886046457242511,1783858717.2817047,-0.09724109619855881,-0.5032473206520081,-0.2778648305724918,1783858717.3159888,-0.12476561743245418,-0.466173534158816,-0.41582433149955605,1783858717.3161013,-0.03697980365149067,0.026537863008237225,-0.13635625683202302,1783858717.316435,0.03056275552377729,-0.20163792049665155,1783858717.3180199,140.0,153.0,525.0,1783858717.318387,28047.7421875,nan,nan,46.0677490234375,nan
11.16083025932312,1783858717.36663,BSMC,eight,optuna_t003_r01,1783858717.3459768,-0.09418743212192415,-0.5028991861557035,-0.28318213510657436,0.049695112228082455,-0.06026387314377819,1783858717.3300562,-0.09507366269826889,-0.5041287541389465,-0.2837479171946868,1783858717.3556457,-0.12307047684985589,-0.46692824914780656,-0.4219437249334612,1783858717.3560853,-0.037783394662340014,0.02646797441761744,-0.13876158982688686,1783858717.3561912,0.029956041633442818,-0.20460519904194488,1783858717.3180199,140.0,153.0,525.0,1783858717.318387,28047.7421875,nan,nan,46.0677490234375,nan
11.200281381607056,1783858717.4060812,BSMC,eight,optuna_t003_r01,1783858717.396132,-0.09219733074915586,-0.5038662187832812,-0.2874156553776179,0.04701763884869252,-0.06446541511545037,1783858717.3817496,-0.0932791456580162,-0.5052146315574646,-0.28814452910481103,1783858717.395802,-0.12140635653918003,-0.4676814125922515,-0.4280868127345529,1783858717.3954659,-0.03597511106655096,0.02620978452693173,-0.14490467762797854,1783858717.3959808,0.03042246565930439,-0.20911225416884047,1783858717.3673124,62.0,147.0,572.0,1783858717.3674004,28047.791015625,nan,nan,49.09798049926758,nan
11.240038871765137,1783858717.4458387,BSMC,eight,optuna_t003_r01,1783858717.396132,-0.09219733074915586,-0.5038662187832812,-0.2874156553776179,0.04701763884869252,-0.06446541511545037,1783858717.432685,-0.09099998325109482,-0.5060381889343262,-0.2884797838424813,1783858717.4351285,-0.11975267082092522,-0.4684422263771765,-0.43432908337811693,1783858717.435563,-0.03646682163239372,0.02615964304973991,-0.14691342800049906,1783858717.435276,0.029951954462844006,-0.21193150283344514,1783858717.417549,62.0,140.0,534.0,1783858717.4179742,28047.841796875,nan,nan,50.421260833740234,nan
11.280463218688965,1783858717.486263,BSMC,eight,optuna_t003_r01,1783858717.446385,-0.0903038267219275,-0.50476496991416,-0.29032009406562326,0.043873342653982884,-0.06516002307270549,1783858717.4807703,-0.08653480559587479,-0.5080435276031494,-0.2949910007132671,1783858717.4757857,-0.11807153549653254,-0.46922867499574267,-0.44082052395389204,1783858717.4761941,-0.03677827595021248,0.026100427683278166,-0.15050042988826878,1783858717.4762788,0.029540616288489106,-0.21545312813822665,1783858717.477511,109.0,128.0,576.0,1783858717.477762,28047.90234375,nan,nan,59.985721588134766,nan
11.320039510726929,1783858717.5258393,BSMC,eight,optuna_t003_r01,1783858717.4961286,-0.08785319447934081,-0.5058981831634165,-0.29450447442812544,0.04260859022231825,-0.06778913288572841,1783858717.4807703,-0.08653480559587479,-0.5080435276031494,-0.2949910007132671,1783858717.5152137,-0.11646540731927219,-0.4699926370262319,-0.4471641428982045,1783858717.5153036,-0.03780249360093767,0.026054528292757347,-0.15265966847007909,1783858717.5155802,0.028850216689220064,-0.2183436725271787,1783858717.517472,101.0,128.0,565.0,1783858717.517746,28047.94140625,nan,nan,40.08216857910156,nan
11.360753774642944,1783858717.5665536,BSMC,eight,optuna_t003_r01,1783858717.5461524,-0.08545079913642875,-0.5070006400742809,-0.2983541613725851,0.041766718776794824,-0.06882303738879667,1783858717.531678,-0.08418046683073044,-0.5090115666389465,-0.29825991883291697,1783858717.555826,-0.11480719705704326,-0.4707946726298539,-0.45386394073724295,1783858717.556338,-0.038702131253058825,0.02597720566056663,-0.15550977936465787,1783858717.5564454,0.02819780769624243,-0.22161781910384135,1783858717.517472,101.0,128.0,565.0,1783858717.517746,28047.94140625,nan,nan,40.08216857910156,nan
11.40031361579895,1783858717.6061134,BSMC,eight,optuna_t003_r01,1783858717.59607,-0.08307393984493247,-0.50810237383724,-0.30080100812334887,0.04133340278270311,-0.06582105070614364,1783858717.581718,-0.08192633837461472,-0.5101036429405212,-0.2984728620140062,1783858717.5953987,-0.11322023815636534,-0.47157527171963687,-0.4604240003229837,1783858717.595732,-0.03695582656608866,0.025697574775868787,-0.16206983895039864,1783858717.5958166,0.02863731465698382,-0.22634111960139192,1783858717.569742,109.0,128.0,568.0,1783858717.5701416,28047.994140625,nan,nan,52.06428527832031,nan
11.440861940383911,1783858717.6466618,BSMC,eight,optuna_t003_r01,1783858717.59607,-0.08307393984493247,-0.50810237383724,-0.30080100812334887,0.04133340278270311,-0.06582105070614364,1783858717.6321368,-0.07743377983570099,-0.5123160481452942,-0.3069756103915761,1783858717.6348677,-0.11163611502099591,-0.4723675601269164,-0.46712191419225485,1783858717.6352017,-0.037867419907508845,0.025667747685530755,-0.16632090606890595,1783858717.6352937,0.0279779034528713,-0.23012515806856296,1783858717.6195352,117.0,121.0,521.0,1783858717.620096,28048.04296875,nan,nan,49.54308319091797,nan
11.48043155670166,1783858717.6862314,BSMC,eight,optuna_t003_r01,1783858717.6479323,-0.08016545801144218,-0.509466445994124,-0.3055353343162187,0.04159705831260661,-0.06822993427634622,1783858717.6321368,-0.07743377983570099,-0.5123160481452942,-0.3069756103915761,1783858717.6749172,-0.11005148243666912,-0.47317357263006343,-0.4739767367094591,1783858717.6752687,-0.03941891758166729,0.025622178862359145,-0.1684414023932404,1783858717.6756659,0.02706446335448573,-0.233110932757993,1783858717.6687453,46.0,108.0,561.0,1783858717.6691394,28048.091796875,nan,nan,49.39224624633789,nan
11.520334482192993,1783858717.7261343,BSMC,eight,optuna_t003_r01,1783858717.695991,-0.07780256999701941,-0.5106400234477881,-0.3100209225825364,0.039247788154281656,-0.07161689906677016,1783858717.6855721,-0.0753992348909378,-0.5132347345352173,-0.3111738019270063,1783858717.7154503,-0.10848562149711236,-0.4739836707554933,-0.48090777393737044,1783858717.715112,-0.040403371480446953,0.02554810002861803,-0.17088685135483406,1783858717.7155447,0.026387947937372057,-0.23624217733715025,1783858717.723034,31.0,102.0,580.0,1783858717.721586,28048.14453125,nan,nan,52.84402847290039,nan
11.560364484786987,1783858717.7661643,BSMC,eight,optuna_t003_r01,1783858717.7463188,-0.07561097945349894,-0.5117581536741476,-0.3135875016819102,0.035869234456750256,-0.07249769541468912,1783858717.732349,-0.07344949245452881,-0.5142815113067627,-0.3123076533385661,1783858717.7553437,-0.10693026113043086,-0.47480216420402527,-0.48795276162575485,1783858717.7554636,-0.041191866705631075,0.025492600490736823,-0.17436525994384466,1783858717.7558963,0.025786185119276682,-0.2397940516070627,1783858717.723034,31.0,102.0,580.0,1783858717.721586,28048.14453125,nan,nan,52.84402847290039,nan
11.600590467453003,1783858717.8063903,BSMC,eight,optuna_t003_r01,1783858717.7961433,-0.07343715962171514,-0.5128351878565329,-0.317043790751762,0.03515890733041945,-0.07222970998958642,1783858717.7818336,-0.07172643393278122,-0.5150356292724609,-0.3157922806790814,1783858717.7953386,-0.10539020441773964,-0.4756266030639482,-0.4950916080097164,1783858717.7957058,-0.03947259660463041,0.025183433170566184,-0.18150410632780622,1783858717.795822,0.02620799923310315,-0.24482852252231313,1783858717.7723386,93.0,121.0,620.0,1783858717.7726674,28048.197265625,nan,nan,50.84096908569336,nan
11.640799522399902,1783858717.8465993,BSMC,eight,optuna_t003_r01,1783858717.7961433,-0.07343715962171514,-0.5128351878565329,-0.317043790751762,0.03515890733041945,-0.07222970998958642,1783858717.8304067,-0.06856201589107513,-0.5169410109519958,-0.3242589662071041,1783858717.834853,-0.10387219003603881,-0.47645329962939786,-0.5022928863668707,1783858717.8352787,-0.04026056779508731,0.02508026212203003,-0.18524909561510877,1783858717.8353586,0.02560725029481621,-0.24850401201607136,1783858717.8222208,101.0,147.0,655.0,1783858717.8212252,28048.244140625,nan,nan,48.54091262817383,nan
11.680501222610474,1783858717.886301,BSMC,eight,optuna_t003_r01,1783858717.8459125,-0.07091213424572372,-0.5141287285989959,-0.3224711037016855,0.03657459388168401,-0.07714604550103676,1783858717.8827477,-0.06682036072015762,-0.5177425146102905,-0.3261465777143645,1783858717.8755362,-0.10235328000228786,-0.477294893864297,-0.5096678911208029,1783858717.8760812,-0.04149357486557812,0.024971188850819406,-0.18719678741911738,1783858717.8765447,0.024833020148313702,-0.2515261328129949,1783858717.8698595,124.0,160.0,616.0,1783858717.8703442,28048.29296875,nan,nan,48.853370666503906,nan
11.720134973526001,1783858717.9259348,BSMC,eight,optuna_t003_r01,1783858717.896362,-0.06838438917026304,-0.5153902578877441,-0.3266518697724198,0.039108044418908645,-0.07786613548164148,1783858717.8827477,-0.06682036072015762,-0.5177425146102905,-0.3261465777143645,1783858717.9153705,-0.10086585612487034,-0.47813345621109327,-0.5170602611958043,1783858717.915459,-0.042718640688758185,0.024864285720714138,-0.19040839142338448,1783858717.9157698,0.02405599714322128,-0.2550239757758578,1783858717.9245782,148.0,172.0,588.0,1783858717.9249215,28048.34765625,nan,nan,54.753047943115234,nan
11.760401487350464,1783858717.9662013,BSMC,eight,optuna_t003_r01,1783858717.9463158,-0.06593647057231511,-0.5166314458622303,-0.33061969842279565,0.04245027207071258,-0.07760702640388753,1783858717.9297569,-0.06555862724781036,-0.5185931921005249,-0.3296560993094923,1783858717.9551427,-0.09939415352796419,-0.4789776443180777,-0.5245463287540753,1783858717.9554424,-0.04386918460493755,0.024753180837724043,-0.1939266303312796,1783858717.9555254,0.02330915742327748,-0.2586511706884291,1783858717.9245782,148.0,172.0,588.0,1783858717.9249215,28048.34765625,nan,nan,54.753047943115234,nan
11.800174236297607,1783858718.005974,BSMC,eight,optuna_t003_r01,1783858717.9964156,-0.06376965425246943,-0.5177335221298046,-0.3337886421856808,0.0433618619947979,-0.07715934741100748,1783858717.9806616,-0.06406830251216888,-0.5192074775695801,-0.33126507432443647,1783858717.9950738,-0.09793001520740055,-0.4798322579056651,-0.5321697029178051,1783858717.995595,-0.04220690948653661,0.02442015405715381,-0.20155000449500943,1783858717.9956975,0.023706867103822197,-0.2639059879999051,1783858717.9687212,78.0,179.0,632.0,1783858717.9704897,28048.392578125,nan,nan,44.25916290283203,nan
11.840019464492798,1783858718.0458193,BSMC,eight,optuna_t003_r01,1783858717.9964156,-0.06376965425246943,-0.5177335221298046,-0.3337886421856808,0.0433618619947979,-0.07715934741100748,1783858718.0296326,-0.06242455542087555,-0.5199110507965088,-0.33388205658586784,1783858718.0359948,-0.0964719313600439,-0.48069845358553764,-0.5399421981241169,1783858718.035679,-0.04303097990359425,0.02427694376637242,-0.20615355593843615,1783858718.03607,0.023087252181036817,-0.26799294805845836,1783858718.0188568,62.0,166.0,597.0,1783858718.019744,28048.443359375,nan,nan,50.126686096191406,nan
11.881019592285156,1783858718.0868194,BSMC,eight,optuna_t003_r01,1783858718.0460136,-0.061804778080536124,-0.5187280901946121,-0.3369227206261496,0.04263107505931935,-0.07761415189826759,1783858718.081908,-0.05960049480199814,-0.5212624669075012,-0.3339805123010205,1783858718.0765312,-0.09504346310578063,-0.4815621698479665,-0.5477380907076005,1783858718.0758116,-0.043656361006057416,0.024088129049998998,-0.2108153700814509,1783858718.0766876,0.022553973628701304,-0.27209550154156836,1783858718.0696158,117.0,153.0,600.0,1783858718.0702865,28048.494140625,nan,nan,50.527854919433594,nan
11.921746492385864,1783858718.1275463,BSMC,eight,optuna_t003_r01,1783858718.0962777,-0.059608561720477196,-0.5198180314291786,-0.33863178404044575,0.042967782573093034,-0.07282828065538743,1783858718.081908,-0.05960049480199814,-0.5212624669075012,-0.3339805123010205,1783858718.1150813,-0.09363063405859182,-0.482431637452045,-0.5556316342945447,1783858718.1151707,-0.0445096048207977,0.023961196537105114,-0.2169998502540989,1783858718.1155763,0.021913018458711016,-0.2767621466337827,1783858718.11917,93.0,147.0,621.0,1783858718.119879,28048.54296875,nan,nan,49.89987564086914,nan
11.960045337677002,1783858718.1658452,BSMC,eight,optuna_t003_r01,1783858718.1465974,-0.05768001821255133,-0.5207959388632861,-0.34132008958180765,0.04240207685097176,-0.0711335973864966,1783858718.130099,-0.05855102092027664,-0.5218246579170227,-0.3383690598327447,1783858718.1554556,-0.09220559704651285,-0.4833244589701611,-0.5637846178650427,1783858718.1567297,-0.045076800871157736,0.023753092902250847,-0.2224645282832351,1783858718.156848,0.0213949299581824,-0.2812234513830434,1783858718.11917,93.0,147.0,621.0,1783858718.119879,28048.54296875,nan,nan,49.89987564086914,nan
12.000499248504639,1783858718.206299,BSMC,eight,optuna_t003_r01,1783858718.197274,-0.055962356798200545,-0.521750081993059,-0.34487380416367525,0.0408793964550232,-0.07151112102938778,1783858718.1827693,-0.05709722265601158,-0.5228465795516968,-0.34368445349994564,1783858718.1957927,-0.09083303274059515,-0.48419996163640255,-0.5718257513555597,1783858718.1953402,-0.04349035667846946,0.02338753508745144,-0.23050566177375204,1783858718.1961625,0.02176257795299356,-0.2866160896155758,1783858718.169784,85.0,128.0,578.0,1783858718.1702583,28048.59375,nan,nan,50.42572784423828,nan
12.040137529373169,1783858718.2459373,BSMC,eight,optuna_t003_r01,1783858718.197274,-0.055962356798200545,-0.521750081993059,-0.34487380416367525,0.0408793964550232,-0.07151112102938778,1783858718.230777,-0.053727440536022186,-0.5250599384307861,-0.3529896182162439,1783858718.2351065,-0.08945487255881021,-0.48509492545873534,-0.5800926186213107,1783858718.235432,-0.04391271249087533,0.023173752268982578,-0.23521881445763543,1783858718.235516,0.021317092448228013,-0.29077376345906514,1783858718.221871,62.0,115.0,611.0,1783858718.2246172,28048.646484375,nan,nan,52.05974197387695,nan
12.079878330230713,1783858718.2856781,BSMC,eight,optuna_t003_r01,1783858718.2460058,-0.054073765854899924,-0.5228994008626469,-0.35062675755233796,0.03872286340554321,-0.07784133355072019,1783858718.2846293,-0.05167783424258232,-0.5264394283294678,-0.35978560570844453,1783858718.276223,-0.08809011054862706,-0.4859974305718132,-0.5884768207669968,1783858718.2757707,-0.044622037720588335,0.022972611243183012,-0.23785006321465887,1783858718.276322,0.02077264827111513,-0.29416706975722784,1783858718.269915,31.0,102.0,638.0,1783858718.2703328,28048.693359375,nan,nan,47.92069625854492,nan
12.120172262191772,1783858718.325972,BSMC,eight,optuna_t003_r01,1783858718.2961059,-0.052329296058618184,-0.5240449426283081,-0.3570256432789253,0.03542411709035739,-0.08520712140885682,1783858718.2846293,-0.05167783424258232,-0.5264394283294678,-0.35978560570844453,1783858718.315121,-0.0867521533489386,-0.4868984563453636,-0.5968945699354546,1783858718.3164716,-0.04523445604418014,0.022773636810704767,-0.23986892665652937,1783858718.3160918,0.020278623991580706,-0.29732256406962054,1783858718.3249295,15.0,102.0,669.0,1783858718.3257163,28048.748046875,nan,nan,54.07406997680664,nan
12.160279750823975,1783858718.3660796,BSMC,eight,optuna_t003_r01,1783858718.3460088,-0.05067340473591747,-0.5251754380879188,-0.3626893547690804,0.0318390038578277,-0.09025802283170131,1783858718.3324888,-0.04970655217766762,-0.5277658700942993,-0.3633936966964795,1783858718.3551695,-0.08542062069702469,-0.48781169855008,-0.605474156679503,1783858718.3555598,-0.04574305027982361,0.022605118898090554,-0.24278480191042262,1783858718.355656,0.01982017671821531,-0.30082533630671743,1783858718.3249295,15.0,102.0,669.0,1783858718.3257163,28048.748046875,nan,nan,54.07406997680664,nan
12.200443506240845,1783858718.4062433,BSMC,eight,optuna_t003_r01,1783858718.396297,-0.04902494621640966,-0.5262561896561502,-0.3677708531912459,0.028645747901758684,-0.09358813281933619,1783858718.3808405,-0.047535669058561325,-0.5288194417953491,-0.3667204644990203,1783858718.3951273,-0.08410753644755803,-0.48872903564010634,-0.614140014484036,1783858718.3957472,-0.044189925399453225,0.02221332725842746,-0.2514506597149556,1783858718.3958688,0.020171882936462437,-0.3064731467263383,1783858718.3699057,0.0,102.0,671.0,1783858718.3702123,28048.79296875,nan,nan,45.90251159667969,nan
12.240565776824951,1783858718.4463656,BSMC,eight,optuna_t003_r01,1783858718.396297,-0.04902494621640966,-0.5262561896561502,-0.3677708531912459,0.028645747901758684,-0.09358813281933619,1783858718.4336438,-0.045805756002664566,-0.5303786396980286,-0.3749195669684152,1783858718.436802,-0.08275844767462531,-0.48968949249966975,-0.6232639141485644,1783858718.4376702,-0.044624832909420264,0.021993106860366797,-0.2554930609573185,1783858718.4371603,0.019729192998276142,-0.3104882804972468,1783858718.4274366,0.0,102.0,711.0,1783858718.4270363,28048.849609375,nan,nan,56.93323516845703,nan
12.279927730560303,1783858718.4857275,BSMC,eight,optuna_t003_r01,1783858718.4459743,-0.047457978524260196,-0.5274011223884872,-0.3740482122868314,0.0259570799272252,-0.09993639767754267,1783858718.48311,-0.042499832808971405,-0.5323447585105896,-0.3821908075309263,1783858718.4756963,-0.08153342813066997,-0.49057798069084013,-0.631749716541883,1783858718.4758239,-0.04517401725993278,0.021826318859653457,-0.25770150425505167,1783858718.4759593,0.01927698749612007,-0.3136250971109502,1783858718.4711735,0.0,121.0,770.0,1783858718.4713485,28048.89453125,nan,nan,44.04835891723633,nan
12.320405721664429,1783858718.5262055,BSMC,eight,optuna_t003_r01,1783858718.4959912,-0.04551308333358687,-0.528722952141523,-0.38104410660186905,0.024928320284984234,-0.1076285654737178,1783858718.48311,-0.042499832808971405,-0.5323447585105896,-0.3821908075309263,1783858718.5150084,-0.08026736251988859,-0.49151321617358223,-0.6407286407304724,1783858718.5153449,-0.04609951745820842,0.021616171323423698,-0.2596845341286034,1783858718.5154212,0.018662564654400533,-0.3167978850429595,1783858718.4711735,0.0,121.0,770.0,1783858718.4713485,28048.89453125,nan,nan,44.04835891723633,nan
12.360219717025757,1783858718.5660195,BSMC,eight,optuna_t003_r01,1783858718.5460672,-0.043578725690375804,-0.5300291174944665,-0.38760477725481,0.024806695731417534,-0.11384798903984984,1783858718.5316548,-0.04081716388463974,-0.5334861874580383,-0.38695632019647763,1783858718.554942,-0.07901498875254775,-0.49245595238902773,-0.6498272709297823,1783858718.5552335,-0.047009099227495826,0.021391962641877017,-0.2622224936749723,1783858718.5554335,0.018051406976393857,-0.3201791318654329,1783858718.5288196,0.0,140.0,805.0,1783858718.5289986,28048.953125,nan,nan,57.76304626464844,nan
12.400111675262451,1783858718.6059115,BSMC,eight,optuna_t003_r01,1783858718.5960963,-0.04176264126139378,-0.5312740929175263,-0.39425917061765264,0.025442329543339484,-0.12019603408001811,1783858718.5800135,-0.03974412381649017,-0.5343348383903503,-0.39281151214310184,1783858718.5953696,-0.07776207255076167,-0.4934173064405525,-0.6591540923087339,1783858718.595873,-0.04548576317754366,0.02097549187459888,-0.2715493150539239,1783858718.595967,0.01838980353876634,-0.3260646114711432,1783858718.5752206,0.0,160.0,816.0,1783858718.5756826,28048.998046875,nan,nan,46.43675231933594,nan
12.440043687820435,1783858718.6458435,BSMC,eight,optuna_t003_r01,1783858718.5960963,-0.04176264126139378,-0.5312740929175263,-0.39425917061765264,0.025442329543339484,-0.12019603408001811,1783858718.6318183,-0.038664501160383224,-0.5350162386894226,-0.3945821437051983,1783858718.6347997,-0.07655518331123645,-0.49436123968532586,-0.6683587241645038,1783858718.6353147,-0.04630243044497442,0.020716289506577758,-0.27409955354685117,1783858718.635712,0.017824670565123654,-0.32941821353281386,1783858718.6222785,0.0,160.0,842.0,1783858718.622857,28049.046875,nan,nan,47.1019287109375,nan
12.480180978775024,1783858718.6859808,BSMC,eight,optuna_t003_r01,1783858718.646011,-0.04008726580533479,-0.5324251060401439,-0.399035669030857,0.026093825404408348,-0.1211111273015267,1783858718.6809275,-0.03715268149971962,-0.53672856092453,-0.4112928746777552,1783858718.6753683,-0.07534824331916884,-0.49532346986662135,-0.6777886342197575,1783858718.674965,-0.04690583437177361,0.020486840748912237,-0.2787529651889005,1783858718.675455,0.017326859888285966,-0.333541486401063,1783858718.6709602,0.0,172.0,853.0,1783858718.671472,28049.09375,nan,nan,48.61582565307617,nan
12.5208261013031,1783858718.726626,BSMC,eight,optuna_t003_r01,1783858718.6966288,-0.03836899676837794,-0.5337207969916758,-0.40876910670496425,0.027047073003525317,-0.1346655885619658,1783858718.6809275,-0.03715268149971962,-0.53672856092453,-0.4112928746777552,1783858718.715322,-0.07414834610749538,-0.49629890842460744,-0.6873953069952556,1783858718.7157521,-0.047705974243839135,0.0201171470269232,-0.2786262002902914,1783858718.7158918,0.016798360293734143,-0.3360044924544509,1783858718.7234752,0.0,185.0,841.0,1783858718.7237706,28049.1484375,nan,nan,53.01520538330078,nan
12.56012773513794,1783858718.7659276,BSMC,eight,optuna_t003_r01,1783858718.7461731,-0.03693718712698347,-0.5349282619425342,-0.4172107817827625,0.028017726374276564,-0.14385381389661578,1783858718.731448,-0.03693645820021629,-0.5375089645385742,-0.416591454588743,1783858718.7551317,-0.07298578470976677,-0.49726262370998053,-0.6969323065921608,1783858718.7552094,-0.048219018014174594,0.019827455532663872,-0.2797215248093982,1783858718.7552836,0.016383621235280036,-0.3388380182335044,1783858718.7234752,0.0,185.0,841.0,1783858718.7237706,28049.1484375,nan,nan,53.01520538330078,nan
12.600361108779907,1783858718.806161,BSMC,eight,optuna_t003_r01,1783858718.79595,-0.03572561133108622,-0.5361473803072226,-0.42632643537030424,0.028564852694404723,-0.15334789648384745,1783858718.7816958,-0.03661808371543884,-0.5387334227561951,-0.42605569312834707,1783858718.7948742,-0.07182444951478059,-0.4982443812182491,-0.7066935732245416,1783858718.7951963,-0.046759479005307227,0.019400497546733467,-0.28948279144177913,1783858718.7953339,0.016703769932235213,-0.3447766387717009,1783858718.771806,0.0,179.0,792.0,1783858718.772229,28049.1953125,nan,nan,48.169612884521484,nan
12.640391111373901,1783858718.846191,BSMC,eight,optuna_t003_r01,1783858718.79595,-0.03572561133108622,-0.5361473803072226,-0.42632643537030424,0.028564852694404723,-0.15334789648384745,1783858718.832154,-0.03612787649035454,-0.5395071506500244,-0.4336178484270939,1783858718.834467,-0.07068271490057704,-0.4992289106650596,-0.7165276056488236,1783858718.8348832,-0.04709498109634479,0.019158163957497334,-0.2902011702785193,1783858718.8349802,0.016371793765159903,-0.3474667641582691,1783858718.826793,0.0,160.0,805.0,1783858718.826122,28049.25,nan,nan,54.17786407470703,nan
12.67997407913208,1783858718.885774,BSMC,eight,optuna_t003_r01,1783858718.8463166,-0.034696301043973796,-0.5372740104273137,-0.4351533458005157,0.028262310786776747,-0.16004388814420376,1783858718.8822215,-0.035101551562547684,-0.5418133735656738,-0.44980493456834303,1783858718.8754468,-0.06953816491902765,-0.500235934836721,-0.7266319234481974,1783858718.8763664,-0.04720817146690819,0.018898758384963688,-0.2914785776476817,1783858718.8759515,0.016127009717819742,-0.3503862053539637,1783858718.8729436,0.0,147.0,766.0,1783858718.873078,28049.294921875,nan,nan,45.712833404541016,nan
12.720137357711792,1783858718.9259372,BSMC,eight,optuna_t003_r01,1783858718.896681,-0.0337274018255538,-0.5386163571745572,-0.446849642638467,0.027554193679991335,-0.1724561001046253,1783858718.8822215,-0.035101551562547684,-0.5418133735656738,-0.44980493456834303,1783858718.9147804,-0.06843556184748034,-0.5012258699794289,-0.7366084493601832,1783858718.9151068,-0.04745769341630213,0.01872090383504477,-0.2897588067217162,1783858718.9155002,0.015864502940283128,-0.35217501485012953,1783858718.9213917,0.0,147.0,750.0,1783858718.9220374,28049.345703125,nan,nan,49.68897247314453,nan
12.76030683517456,1783858718.9661067,BSMC,eight,optuna_t003_r01,1783858718.9462972,-0.032820022318956865,-0.5399807900052965,-0.4593844931242405,0.0268296403079468,-0.1851399527893307,1783858718.9303484,-0.0343330092728138,-0.5433341264724731,-0.4623437484235586,1783858718.9548268,-0.06733541849313371,-0.5022338262459103,-0.7468097384944836,1783858718.9551487,-0.04767390400722036,0.018529563481721262,-0.2874252453702431,1783858718.9552314,0.015623096527311907,-0.3537720309009157,1783858718.9213917,0.0,147.0,750.0,1783858718.9220374,28049.345703125,nan,nan,49.68897247314453,nan
12.800124883651733,1783858719.0059247,BSMC,eight,optuna_t003_r01,1783858718.995976,-0.03204297169289904,-0.5413685985071873,-0.4723167050556426,0.025799995432504993,-0.19663492983236336,1783858718.9838133,-0.03368748351931572,-0.5448863506317139,-0.47557663239158754,1783858718.9955802,-0.06625744200152384,-0.5032419370753597,-0.7570547348220634,1783858718.9952283,-0.046260693292402705,0.018103938956533533,-0.2976702416978229,1783858718.9956691,0.015934766845565246,-0.35975909929684896,1783858718.9737751,0.0,134.0,744.0,1783858718.9741542,28049.3984375,nan,nan,52.20933151245117,nan
12.839998960494995,1783858719.0457988,BSMC,eight,optuna_t003_r01,1783858718.995976,-0.03204297169289904,-0.5413685985071873,-0.4723167050556426,0.025799995432504993,-0.19663492983236336,1783858719.0326793,-0.03209777548909187,-0.5483459830284119,-0.5000439567393459,1783858719.0355132,-0.06517878746290362,-0.5042718700355194,-0.7675635093713585,1783858719.0355766,-0.04638517479060711,0.01796009770822993,-0.2952468043157159,1783858719.03571,0.015738365150306407,-0.3613043128343362,1783858719.021973,0.0,128.0,748.0,1783858719.0223951,28049.4453125,nan,nan,48.44508361816406,nan
12.880286693572998,1783858719.0860865,BSMC,eight,optuna_t003_r01,1783858719.0460918,-0.031102162656301436,-0.5431615450682021,-0.49018091679091574,0.02504708052308183,-0.2183317812252896,1783858719.0812652,-0.031446196138858795,-0.5500732064247131,-0.5171853372074475,1783858719.0763526,-0.06411357673894993,-0.5053107214996898,-0.7782046800500944,1783858719.076478,-0.04694386340069838,0.017852506646611373,-0.2880237632591786,1783858719.0765982,0.01541276176700939,-0.3611745250637971,1783858719.0776527,0.0,128.0,755.0,1783858719.0772533,28049.5,nan,nan,54.55729675292969,nan
12.92011046409607,1783858719.1259103,BSMC,eight,optuna_t003_r01,1783858719.0962443,-0.030250923304736957,-0.5449446319114237,-0.5084744816425247,0.024313131090266414,-0.23771306079048707,1783858719.0812652,-0.031446196138858795,-0.5500732064247131,-0.5171853372074475,1783858719.1154692,-0.06309307559321217,-0.5063271884574786,-0.7886551839639894,1783858719.1158667,-0.04748795350383442,0.017742834550198226,-0.28018070232146464,1783858719.1159604,0.01510488193832357,-0.3607550367961217,1783858719.1215303,0.0,128.0,785.0,1783858719.1219716,28049.544921875,nan,nan,45.16364288330078,nan
12.960813045501709,1783858719.1666129,BSMC,eight,optuna_t003_r01,1783858719.14609,-0.029476825214563462,-0.5466899635596,-0.5251962159716057,0.023728118705706448,-0.2502395972829643,1783858719.129052,-0.030924484133720398,-0.5516945719718933,-0.52915727479443,1783858719.1551557,-0.06208266154581571,-0.507355023935673,-0.7992597426530342,1783858719.1562195,-0.04793326520974853,0.017685590869696753,-0.2740635266814285,1783858719.1557012,0.014821133809762974,-0.36091789783229167,1783858719.1215303,0.0,128.0,785.0,1783858719.1219716,28049.544921875,nan,nan,45.16364288330078,nan
13.000331401824951,1783858719.2061312,BSMC,eight,optuna_t003_r01,1783858719.1960497,-0.028730665290201754,-0.548524206254957,-0.5406640781127604,0.02383928226432843,-0.258239332960015,1783858719.18444,-0.030300797894597054,-0.5536898970603943,-0.5425651305769194,1783858719.1950247,-0.061083028350677165,-0.5083938543967081,-0.8100139689628515,1783858719.1955283,-0.04654750528961367,0.0172879670583559,-0.2848177529912458,1783858719.19568,0.015139368318115468,-0.36693871815414636,1783858719.1784582,0.0,147.0,818.0,1783858719.1789036,28049.6015625,nan,nan,56.697425842285156,nan
13.040526151657104,1783858719.246326,BSMC,eight,optuna_t003_r01,1783858719.1960497,-0.028730665290201754,-0.548524206254957,-0.5406640781127604,0.02383928226432843,-0.258239332960015,1783858719.2299652,-0.02958713099360466,-0.5550346970558167,-0.5531385927988215,1783858719.2356286,-0.06008156373854384,-0.5094575551899321,-0.8210614987554338,1783858719.2361627,-0.04698704656881311,0.017357981267845067,-0.28039742064267337,1783858719.2362635,0.014845344903060565,-0.3676589983286709,1783858719.222758,0.0,166.0,808.0,1783858719.225587,28049.646484375,nan,nan,44.21610641479492,nan
13.080253601074219,1783858719.2860534,BSMC,eight,optuna_t003_r01,1783858719.246249,-0.027913227108654355,-0.5503052481342501,-0.5550825729462466,0.024656250294501404,-0.262867291574196,1783858719.281018,-0.028788495808839798,-0.5580414533615112,-0.5760250333517245,1783858719.2750206,-0.05911958579382198,-0.5105020290425213,-0.8319427011982176,1783858719.2762125,-0.04749777296420789,0.017380869825531244,-0.2768601282519709,1783858719.2757564,0.014519031249755888,-0.36861077085092475,1783858719.272683,0.0,160.0,794.0,1783858719.276341,28049.697265625,nan,nan,50.08982467651367,nan
13.11989450454712,1783858719.3256943,BSMC,eight,optuna_t003_r01,1783858719.296545,-0.02707359423844835,-0.5523613706297328,-0.5729139548409182,0.02549321188328087,-0.2754950071181595,1783858719.281018,-0.028788495808839798,-0.5580414533615112,-0.5760250333517245,1783858719.3153205,-0.05816218463554526,-0.5115647415469917,-0.8430458262506619,1783858719.315657,-0.04823967756961088,0.01742982803624872,-0.2701318714097437,1783858719.315752,0.01412755484659024,-0.36846224819365836,1783858719.3223796,0.0,153.0,764.0,1783858719.3227062,28049.74609375,nan,nan,49.7932243347168,nan
13.160101175308228,1783858719.365901,BSMC,eight,optuna_t003_r01,1783858719.3463216,-0.026300196754701844,-0.5543174134046737,-0.5888189643064307,0.025865227860873218,-0.28157492296781916,1783858719.329519,-0.028194870799779892,-0.5595391392707825,-0.5877354901985827,1783858719.3550942,-0.057227594178280106,-0.5126255985802111,-0.8541596056925085,1783858719.3554356,-0.04887390598719264,0.01749436047154312,-0.2653406413860779,1783858719.355528,0.013765911630649207,-0.3689251176079445,1783858719.3223796,0.0,153.0,764.0,1783858719.3227062,28049.74609375,nan,nan,49.7932243347168,nan
13.200166702270508,1783858719.4059665,BSMC,eight,optuna_t003_r01,1783858719.3964171,-0.025693859757384235,-0.5561062071302683,-0.6037306710328016,0.02572278351979523,-0.2838332189727137,1783858719.380034,-0.028079139068722725,-0.5606008172035217,-0.6007033403737511,1783858719.3953207,-0.05629098545951233,-0.5137132126406403,-0.8655826429475048,1783858719.3956432,-0.04749098651938599,0.017110076745532575,-0.2767636786410741,1783858719.3957264,0.014097425557733075,-0.3749967841451836,1783858719.3727643,0.0,147.0,765.0,1783858719.3740878,28049.796875,nan,nan,50.26547622680664,nan
13.240109205245972,1783858719.445909,BSMC,eight,optuna_t003_r01,1783858719.3964171,-0.025693859757384235,-0.5561062071302683,-0.6037306710328016,0.02572278351979523,-0.2838332189727137,1783858719.4301221,-0.02756214700639248,-0.5623021125793457,-0.6075153585084657,1783858719.435918,-0.055382268143583435,-0.5147930862172343,-0.8769511076989507,1783858719.4354804,-0.047894377476388514,0.017155295340795393,-0.273220436666149,1783858719.43616,0.01382838255255807,-0.3758178684959489,1783858719.424693,0.0,147.0,750.0,1783858719.4258482,28049.849609375,nan,nan,51.960975646972656,nan
13.280095100402832,1783858719.485895,BSMC,eight,optuna_t003_r01,1783858719.445952,-0.025129716776663626,-0.5578729474136831,-0.615426712381583,0.02551821138931354,-0.27796984479243964,1783858719.4826286,-0.026912733912467957,-0.564451277256012,-0.6252614863649792,1783858719.4757004,-0.054488269906031256,-0.5158804359890431,-0.8884228444471974,1783858719.476099,-0.04821462718431571,0.017339128671183757,-0.27299613206561446,1783858719.4757934,0.013566003386838815,-0.3776950828444123,1783858719.4747343,0.0,153.0,790.0,1783858719.4752545,28049.8984375,nan,nan,49.99732971191406,nan
13.320068597793579,1783858719.5258684,BSMC,eight,optuna_t003_r01,1783858719.4960504,-0.02455146073034272,-0.5597437391032976,-0.6290505380459545,0.02557168858432074,-0.2775475390352933,1783858719.4826286,-0.026912733912467957,-0.564451277256012,-0.6252614863649792,1783858719.5155177,-0.053609014336609334,-0.5169753325828776,-0.8999966952590432,1783858719.5159333,-0.04865950559400923,0.017485151792979634,-0.2709461572130888,1783858719.5162537,0.013272272652776036,-0.3789156124244165,1783858719.5250568,0.0,153.0,781.0,1783858719.523467,28049.947265625,nan,nan,48.66558074951172,nan
13.360738277435303,1783858719.566538,BSMC,eight,optuna_t003_r01,1783858719.5461102,-0.024053531749098994,-0.5614582219077379,-0.6422880090543339,0.02554462039421064,-0.27627948886996156,1783858719.5319834,-0.026707518845796585,-0.5654792189598083,-0.6374323120033364,1783858719.5549822,-0.05275703891268432,-0.5180617011320496,-0.9115002760459261,1783858719.5552876,-0.04897945883030244,0.01755454219327416,-0.2692122669915922,1783858719.5556922,0.013033279024775381,-0.38018251039627937,1783858719.5250568,0.0,153.0,781.0,1783858719.523467,28049.947265625,nan,nan,48.66558074951172,nan
13.400115728378296,1783858719.6059155,BSMC,eight,optuna_t003_r01,1783858719.5959508,-0.023604208192120765,-0.5632113819087639,-0.656159594954163,0.025361599629667074,-0.2768252750964703,1783858719.5792458,-0.02643388696014881,-0.5673909783363342,-0.6518525255799821,1783858719.5953765,-0.05191593873739675,-0.5191601554494414,-0.9231494650514218,1783858719.5957563,-0.04764796090425873,0.017178823328687007,-0.2808614559970879,1783858719.5958407,0.013363734294338599,-0.38599755130263264,1783858719.5874197,0.0,147.0,795.0,1783858719.5877478,28050.01171875,nan,nan,64.07575225830078,nan
13.441062211990356,1783858719.646862,BSMC,eight,optuna_t003_r01,1783858719.5959508,-0.023604208192120765,-0.5632113819087639,-0.656159594954163,0.025361599629667074,-0.2768252750964703,1783858719.6301286,-0.026075460016727448,-0.5689446926116943,-0.6638816860009434,1783858719.6366565,-0.051077601610838325,-0.520282143367263,-0.9350638889081644,1783858719.6367323,-0.04795849970494022,0.01725367131204158,-0.2789042939540014,1783858719.6368067,0.013137140452213012,-0.38711015783602976,1783858719.6277037,0.0,140.0,715.0,1783858719.628678,28050.05078125,nan,nan,40.12103271484375,nan
13.480139255523682,1783858719.685939,BSMC,eight,optuna_t003_r01,1783858719.6467419,-0.02319107788503605,-0.5649372458516955,-0.6694646271462777,0.024969795316432248,-0.2749833156786927,1783858719.6797733,-0.025535333901643753,-0.571952223777771,-0.6875619001820037,1783858719.6767743,-0.05025546671141065,-0.5214103261105826,-0.9470572996337427,1783858719.6761968,-0.0482339869422166,0.01733656218379387,-0.27759267248746505,1783858719.676914,0.0129230807184159,-0.38837721340629927,1783858719.6795018,0.0,134.0,721.0,1783858719.6817548,28050.103515625,nan,nan,51.99929428100586,nan
13.51976990699768,1783858719.7255697,BSMC,eight,optuna_t003_r01,1783858719.6962955,-0.022795756438838164,-0.5669004487568561,-0.6863398418089993,0.024567890060416542,-0.28294917572720363,1783858719.6797733,-0.025535333901643753,-0.571952223777771,-0.6875619001820037,1783858719.7156801,-0.049476278655228495,-0.5225065895739607,-0.9587214061377779,1783858719.7151842,-0.04877210384237422,0.017434072550001324,-0.2723815643287786,1783858719.7157843,0.01264285178171419,-0.3882179450853232,1783858719.7249398,0.0,115.0,700.0,1783858719.6817548,28050.103515625,nan,nan,51.99929428100586,nan
13.560262680053711,1783858719.7660625,BSMC,eight,optuna_t003_r01,1783858719.746055,-0.022461733124570865,-0.5687597630149663,-0.7009632779798723,0.02361065500324519,-0.2833532035226271,1783858719.7306683,-0.025164565071463585,-0.5735242962837219,-0.6980227681754285,1783858719.7547262,-0.04869762724995155,-0.5236299659589945,-0.97068149763318,1783858719.7550814,-0.049156677999247854,0.017568202268577564,-0.26971821965330767,1783858719.755305,0.012404747948530652,-0.3888734728867262,1783858719.7249398,0.0,115.0,700.0,1783858719.7258167,28050.1484375,nan,nan,45.217166900634766,nan
13.600971221923828,1783858719.806771,BSMC,eight,optuna_t003_r01,1783858719.7961886,-0.02220787523733487,-0.5705139511869481,-0.7145527774736566,0.02219946989319767,-0.2801977415600982,1783858719.7811904,-0.024907762184739113,-0.5749995708465576,-0.7102428206484801,1783858719.79515,-0.047924216472961495,-0.5247750789990352,-0.9828779484570195,1783858719.7956116,-0.04782707563123972,0.01719189701027943,-0.28191467047714713,1783858719.7957249,0.01274998562159835,-0.3945405762619474,1783858719.785409,0.0,102.0,693.0,1783858719.7855299,28050.20703125,nan,nan,58.18330383300781,nan
13.640095233917236,1783858719.845895,BSMC,eight,optuna_t003_r01,1783858719.7961886,-0.02220787523733487,-0.5705139511869481,-0.7145527774736566,0.02219946989319767,-0.2801977415600982,1783858719.8316844,-0.024775438010692596,-0.5761074423789978,-0.7195430036522612,1783858719.8346179,-0.047182455036991006,-0.5259025168005212,-0.9948881366638379,1783858719.83495,-0.04809842263914667,0.017333535525387984,-0.28033535919018127,1783858719.8351705,0.012559195781150532,-0.3954040172844086,1783858719.8246725,0.0,115.0,757.0,1783858719.825029,28050.248046875,nan,nan,41.77216339111328,nan
13.679816007614136,1783858719.8856158,BSMC,eight,optuna_t003_r01,1783858719.8460495,-0.022008127809163683,-0.5721334009659058,-0.7263281760349404,0.02132902799318264,-0.27328945454056647,1783858719.8845701,-0.024468358606100082,-0.5788218379020691,-0.7150923429324673,1783858719.875741,-0.046432530552356216,-0.5270733259830884,-1.007359370505565,1783858719.8761196,-0.04818582554378934,0.017466769119739777,-0.28103119447062463,1783858719.8758779,0.012425354935338683,-0.3969973817057181,1783858719.8751118,0.0,134.0,755.0,1783858719.8743646,28050.298828125,nan,nan,49.20520782470703,nan
13.720416069030762,1783858719.926216,BSMC,eight,optuna_t003_r01,1783858719.896185,-0.021751255716613016,-0.5739984421400187,-0.7313521664119906,0.021457042657698724,-0.25052653433853106,1783858719.8845701,-0.024468358606100082,-0.5788218379020691,-0.7150923429324673,1783858719.9160585,-0.045718224975937694,-0.5282194179609516,-1.0195633320375017,1783858719.915683,-0.048412684366729915,0.018065067469356676,-0.2882111656255111,1783858719.91615,0.012178074469082057,-0.4005361914335803,1783858719.8751118,0.0,134.0,755.0,1783858719.8743646,28050.298828125,nan,nan,49.20520782470703,nan
13.760302305221558,1783858719.9661021,BSMC,eight,optuna_t003_r01,1783858719.946158,-0.02145671622256019,-0.5758171240784877,-0.7502359867675596,0.02177054403803896,-0.2666261349380781,1783858719.9309905,-0.024063928052783012,-0.5802803039550781,-0.7569652431606961,1783858719.9553945,-0.045022948542727675,-0.5293659119904912,-1.03176461711501,1783858719.9555998,-0.04891032498607875,0.017912635762731857,-0.28152863034745046,1783858719.9559267,0.0119538683577538,-0.39954127639623455,1783858719.926669,0.0,134.0,720.0,1783858719.9270205,28050.3515625,nan,nan,52.84204864501953,nan
13.800201654434204,1783858720.0060015,BSMC,eight,optuna_t003_r01,1783858719.9962945,-0.021279879764080665,-0.5775436197917452,-0.7660150724204211,0.021447910949149808,-0.27195863939937026,1783858719.9791987,-0.024220528081059456,-0.5817095637321472,-0.7659711676354004,1783858719.9950826,-0.044336798645685654,-0.5305293607195221,-1.0441361651724872,1783858719.9956207,-0.04761513451220106,0.017529365280342796,-0.29390017840492755,1783858719.9954264,0.012302664800870979,-0.4048294352912222,1783858719.9744534,0.0,115.0,646.0,1783858719.9748745,28050.3984375,nan,nan,47.7852783203125,nan
13.840187072753906,1783858720.045987,BSMC,eight,optuna_t003_r01,1783858719.9962945,-0.021279879764080665,-0.5775436197917452,-0.7660150724204211,0.021447910949149808,-0.27195863939937026,1783858720.029315,-0.023883355781435966,-0.5835208296775818,-0.7763786149825227,1783858720.036083,-0.04366709902271623,-0.5316977663278944,-1.0565470029011088,1783858720.03665,-0.04791750329007845,0.017519781517142778,-0.2905319304806877,1783858720.0362632,0.012137627087749866,-0.4047538927974257,1783858720.0271764,0.0,89.0,662.0,1783858720.0280867,28050.451171875,nan,nan,52.082252502441406,nan
13.879915952682495,1783858720.0857158,BSMC,eight,optuna_t003_r01,1783858720.0463285,-0.021147211080470074,-0.5792400564650438,-0.7796398125324289,0.020309381864715027,-0.2703302266555508,1783858720.0830815,-0.023847457021474838,-0.5861002802848816,-0.7931369032969012,1783858720.075862,-0.04300642271827679,-0.5328845728604839,-1.0691363269629641,1783858720.07595,-0.04813453127255051,0.01759894578691892,-0.28949651443053526,1783858720.0760279,0.011989303414899288,-0.40535790579415143,1783858720.076156,0.0,96.0,735.0,1783858720.076226,28050.498046875,nan,nan,48.0228157043457,nan
13.92001986503601,1783858720.1258197,BSMC,eight,optuna_t003_r01,1783858720.096248,-0.021061496560161676,-0.5810991984851243,-0.7941913586262681,0.019462073074636353,-0.27115791333203837,1783858720.0830815,-0.023847457021474838,-0.5861002802848816,-0.7931369032969012,1783858720.114913,-0.04237833626032331,-0.5340466445857821,-1.0814436015070776,1783858720.1152358,-0.04850260845617308,0.017772097687106424,-0.2872522428808095,1783858720.1155913,0.011795172423881875,-0.4054367086267898,1783858720.1249707,0.0,134.0,831.0,1783858720.076226,28050.498046875,nan,nan,48.0228157043457,nan
13.960379838943481,1783858720.1661797,BSMC,eight,optuna_t003_r01,1783858720.1459885,-0.020891046608012016,-0.5828391149626723,-0.807375156247246,0.01985581497697353,-0.2694968156352097,1783858720.1324267,-0.023473814129829407,-0.5870658159255981,-0.8042653740537533,1783858720.1551368,-0.041757706332228806,-0.5352297831027867,-1.093950864435582,1783858720.1555433,-0.048823695192265815,0.017841321586802007,-0.286575708188336,1783858720.155666,0.011609299418115011,-0.40597805092456907,1783858720.1249707,0.0,134.0,831.0,1783858720.126,28050.548828125,nan,nan,50.01641082763672,nan
14.00028944015503,1783858720.2060893,BSMC,eight,optuna_t003_r01,1783858720.1960409,-0.020737133789182943,-0.5845555386820702,-0.8206002848873819,0.021555240983574968,-0.2694181123333767,1783858720.1822863,-0.023844964802265167,-0.5881999135017395,-0.8165728743551858,1783858720.195011,-0.04115079498464136,-0.536422925224289,-1.1065370805297172,1783858720.1955628,-0.047542063206155644,0.017454864657619987,-0.29916192428247124,1783858720.1956842,0.011971635467267818,-0.41088233217453723,1783858720.1797724,0.0,172.0,890.0,1783858720.1802301,28050.603515625,nan,nan,54.92911911010742,nan
14.040038347244263,1783858720.2458382,BSMC,eight,optuna_t003_r01,1783858720.1960409,-0.020737133789182943,-0.5845555386820702,-0.8206002848873819,0.021555240983574968,-0.2694181123333767,1783858720.2328491,-0.023611295968294144,-0.589242696762085,-0.8247518731332474,1783858720.2346215,-0.04056376250113641,-0.5376137651082487,-1.1190690248646422,1783858720.234889,-0.04785794204702344,0.01749979129479367,-0.2984687399772603,1783858720.2351067,0.011797559733869367,-0.4112402751168569,1783858720.2258823,0.0,198.0,907.0,1783858720.226227,28050.650390625,nan,nan,46.2027702331543,nan
14.079992532730103,1783858720.2857924,BSMC,eight,optuna_t003_r01,1783858720.2459762,-0.02048788476944981,-0.586252678381826,-0.831985671181126,0.024001217641988447,-0.26592807015312986,1783858720.2328491,-0.023611295968294144,-0.589242696762085,-0.8247518731332474,1783858720.275118,-0.03998837955754528,-0.5388190045186262,-1.1317188243091012,1783858720.275493,-0.04819810337842608,0.01752613887493476,-0.29973315312797516,1783858720.2759266,0.01159819973409255,-0.4121574580062617,1783858720.2760499,0.0,198.0,869.0,1783858720.276309,28050.69921875,nan,nan,50.325374603271484,nan
14.11993932723999,1783858720.3257391,BSMC,eight,optuna_t003_r01,1783858720.2959366,-0.020230042425369275,-0.5882405524499449,-0.8458609496933468,0.02639068116452508,-0.26979364147709434,1783858720.286143,-0.02353089489042759,-0.5920363068580627,-0.8437512774241254,1783858720.3150783,-0.0394261170305798,-0.5400362689387752,-1.1444572337161945,1783858720.3155265,-0.04881161288876086,0.017594563827267443,-0.2985962840228477,1783858720.3160975,0.011312120082721911,-0.4121888617437243,1783858720.3253512,0.0,172.0,746.0,1783858720.276309,28050.69921875,nan,nan,50.325374603271484,nan
14.16032862663269,1783858720.3661284,BSMC,eight,optuna_t003_r01,1783858720.3467236,-0.020003277708020305,-0.590153140281993,-0.8585719375204007,0.02745454237995607,-0.2691000815987828,1783858720.3326523,-0.023511379957199097,-0.5935352444648743,-0.8529422426831575,1783858720.3551598,-0.03888746941830881,-0.5412422842304134,-1.1570375259107692,1783858720.355783,-0.04936229843669059,0.017670541284758513,-0.2984655883903685,1783858720.3559253,0.011047480136896092,-0.4124510931825748,1783858720.3253512,0.0,172.0,746.0,1783858720.325957,28050.75,nan,nan,49.056480407714844,nan
14.200297355651855,1783858720.4060972,BSMC,eight,optuna_t003_r01,1783858720.395816,-0.019935671665790196,-0.5918332486635023,-0.8694085587646467,0.02653336201006516,-0.2634740838981382,1783858720.3838449,-0.023488163948059082,-0.5947962403297424,-0.8624844972681921,1783858720.3951983,-0.03835623328799226,-0.5424734270873235,-1.1698352857697003,1783858720.3956475,-0.04808326108123136,0.017268063951714506,-0.3112633482492996,1783858720.3961527,0.011424867426835288,-0.4169455097714636,1783858720.3940103,0.0,128.0,662.0,1783858720.394428,28050.818359375,nan,nan,68.51404571533203,nan
14.240003108978271,1783858720.445803,BSMC,eight,optuna_t003_r01,1783858720.395816,-0.019935671665790196,-0.5918332486635023,-0.8694085587646467,0.02653336201006516,-0.2634740838981382,1783858720.4355414,-0.023571109399199486,-0.5956442356109619,-0.8706806954675596,1783858720.4354649,-0.037844428017890064,-0.543702425247932,-1.1825626342999973,1783858720.4364986,-0.04832555393486754,0.017376436735645633,-0.3131540755353506,1783858720.4366817,0.011277676599544758,-0.41767524840745973,1783858720.4307137,0.0,96.0,706.0,1783858720.4324603,28050.85546875,nan,nan,36.82020950317383,nan
14.279910564422607,1783858720.4857104,BSMC,eight,optuna_t003_r01,1783858720.4462962,-0.019997383743177857,-0.5932632856894232,-0.878948042758492,0.024341188426576874,-0.2531302983799194,1783858720.481885,-0.023639800027012825,-0.5978520512580872,-0.8861020543101182,1783858720.4748206,-0.037358222532982294,-0.5449127186699461,-1.1950463137914298,1783858720.4752264,-0.048308782031788504,0.017476774107245255,-0.31609827103293775,1783858720.475654,0.011232978779683007,-0.4186559707290537,1783858720.4816394,0.0,108.0,721.0,1783858720.481982,28050.90625,nan,nan,50.8792839050293,nan
14.320373296737671,1783858720.526173,BSMC,eight,optuna_t003_r01,1783858720.4964292,-0.020084423665003223,-0.5948130935389482,-0.8906183548367649,0.022631449268426973,-0.24970292619629295,1783858720.481885,-0.023639800027012825,-0.5978520512580872,-0.8861020543101182,1783858720.5151625,-0.036876057837739395,-0.5461582339113287,-1.2078385082431478,1783858720.5154464,-0.04838803202889495,0.017545731673116283,-0.3172201534063829,1783858720.5155253,0.011170565998595224,-0.41895558898308405,1783858720.4816394,0.0,108.0,721.0,1783858720.481982,28050.90625,nan,nan,50.8792839050293,nan
14.360142230987549,1783858720.565942,BSMC,eight,optuna_t003_r01,1783858720.5462537,-0.020132562201732148,-0.5963682038711609,-0.9005599497051119,0.021772575842422814,-0.24287150697072435,1783858720.531295,-0.023468105122447014,-0.599433183670044,-0.8934514833887123,1783858720.5547948,-0.03641878981410335,-0.547385395618344,-1.2203849512908802,1783858720.5551054,-0.04850313157674566,0.017663604995104602,-0.3198250015857683,1783858720.55519,0.011082378157181896,-0.41963819409499087,1783858720.527203,0.0,121.0,749.0,1783858720.5292764,28050.951171875,nan,nan,45.420433044433594,nan
14.400310516357422,1783858720.6061103,BSMC,eight,optuna_t003_r01,1783858720.595956,-0.020212986405931305,-0.597968932410199,-0.9133246394540284,0.021486510526400805,-0.24454615314451936,1783858720.5801177,-0.023715108633041382,-0.6011358499526978,-0.9108288429266876,1783858720.5949721,-0.035971783867406515,-0.5486329135180097,-1.2330783806824677,1783858720.5953918,-0.047247815923563,0.01723899006691288,-0.3325184309773558,1783858720.5954843,0.011465151049291545,-0.42361400708650665,1783858720.576592,0.0,128.0,785.0,1783858720.5781956,28051.0,nan,nan,49.77470397949219,nan
14.439978837966919,1783858720.6457787,BSMC,eight,optuna_t003_r01,1783858720.595956,-0.020212986405931305,-0.597968932410199,-0.9133246394540284,0.021486510526400805,-0.24454615314451936,1783858720.6298125,-0.023538267239928246,-0.6035085320472717,-0.9243548629565825,1783858720.6349568,-0.03554230682737544,-0.5498810699596262,-1.245713806047586,1783858720.6353247,-0.047431476413623316,0.01725356846778117,-0.33238916659355766,1783858720.6355994,0.011385201217802591,-0.4232420101851838,1783858720.6287026,0.0,153.0,853.0,1783858720.6290467,28051.052734375,nan,nan,52.05454635620117,nan
14.48003077507019,1783858720.6858306,BSMC,eight,optuna_t003_r01,1783858720.6459777,-0.020199784127681017,-0.5997959950260912,-0.9265604721475,0.022281258858536383,-0.24776610258031156,1783858720.6836805,-0.024177152663469315,-0.6076529026031494,-0.9574285218994791,1783858720.67619,-0.035124186910539174,-0.5511482971321329,-1.2584734790897203,1783858720.675645,-0.04786011336177373,0.01728426619226242,-0.33191300694222026,1783858720.6763,0.011210632520098593,-0.42265929105824857,1783858720.6788797,0.0,179.0,888.0,1783858720.679222,28051.103515625,nan,nan,50.19955825805664,nan
14.519960403442383,1783858720.7257602,BSMC,eight,optuna_t003_r01,1783858720.69626,-0.020252808370728043,-0.6021917113968441,-0.9475082472958901,0.024199432764548136,-0.27092752650329893,1783858720.6836805,-0.024177152663469315,-0.6076529026031494,-0.9574285218994791,1783858720.7152326,-0.034728026049846206,-0.5524020842082633,-1.2710269124233002,1783858720.7158127,-0.04887666545614918,0.017309259843314932,-0.3235186651274101,1783858720.7159696,0.010878179361366307,-0.4194196190911392,1783858720.6788797,0.0,179.0,888.0,1783858720.679222,28051.103515625,nan,nan,50.19955825805664,nan
14.560681104660034,1783858720.766481,BSMC,eight,optuna_t003_r01,1783858720.7461832,-0.02026990929984529,-0.6045120952601665,-0.9653199448267455,0.026250813234645357,-0.28355074445729267,1783858720.7309918,-0.024306513369083405,-0.6092570424079895,-0.9677014728769828,1783858720.7548153,-0.03434653765951942,-0.5536644061490779,-1.2835919555930517,1783858720.754897,-0.04982031617021254,0.01736591634824837,-0.3182720107663062,1783858720.7551856,0.010545903108291834,-0.4171062476142734,1783858720.7263865,0.0,192.0,864.0,1783858720.7266302,28051.150390625,nan,nan,47.63509750366211,nan
14.600114583969116,1783858720.8059144,BSMC,eight,optuna_t003_r01,1783858720.7959266,-0.02032881406661204,-0.6065815490254274,-0.980472883501407,0.027052347286900837,-0.2881040891092829,1783858720.7799745,-0.02437015436589718,-0.6102993488311768,-0.9772903789608239,1783858720.7949615,-0.03397878114048089,-0.5549390127770011,-1.2962015753975162,1783858720.7954118,-0.048562984982301216,0.01694284992657602,-0.3308816305707707,1783858720.7955523,0.010952440110951329,-0.42060947421696626,1783858720.7812908,-15.0,179.0,835.0,1783858720.78138,28051.205078125,nan,nan,54.744571685791016,nan
14.640113592147827,1783858720.8459134,BSMC,eight,optuna_t003_r01,1783858720.7959266,-0.02032881406661204,-0.6065815490254274,-0.980472883501407,0.027052347286900837,-0.2881040891092829,1783858720.830424,-0.024441415444016457,-0.6110106110572815,-0.9871421710492991,1783858720.8346992,-0.033627859297471946,-0.5562153298950392,-1.308747444014958,1783858720.835006,-0.049244918977085154,0.01698701234717446,-0.328274560513551,1783858720.835088,0.010711427505821894,-0.4189858354578768,1783858720.8274326,-15.0,153.0,755.0,1783858720.8300602,28051.251953125,nan,nan,45.99850082397461,nan
14.680242776870728,1783858720.8860426,BSMC,eight,optuna_t003_r01,1783858720.8460474,-0.020460532803089758,-0.6083374614230523,-0.9936112579687604,0.026480794628139973,-0.2860571822345537,1783858720.8806329,-0.024680523201823235,-0.6133498549461365,-1.0065785655666621,1783858720.8749292,-0.03329228575216073,-0.5574985539181443,-1.3212774762670094,1783858720.8755612,-0.04960497182652169,0.016988089066418764,-0.32766621829824905,1783858720.8756657,0.010588047395421948,-0.4179357193284544,1783858720.883461,0.0,140.0,764.0,1783858720.8845434,28051.306640625,nan,nan,56.33207321166992,nan
14.720017671585083,1783858720.9258175,BSMC,eight,optuna_t003_r01,1783858720.8964975,-0.02063191191307374,-0.6102023707909847,-1.0091644629823417,0.025818867897428308,-0.28918181432536755,1783858720.8806329,-0.024680523201823235,-0.6133498549461365,-1.0065785655666621,1783858720.9152412,-0.03297146295307876,-0.5587913581799888,-1.3338138951329772,1783858720.915683,-0.050085272134292716,0.016935827490580722,-0.32464943215063546,1783858720.9157681,0.010444054353466833,-0.41602573871746173,1783858720.883461,0.0,140.0,764.0,1783858720.8845434,28051.306640625,nan,nan,56.33207321166992,nan
14.76022481918335,1783858720.9660246,BSMC,eight,optuna_t003_r01,1783858720.9466143,-0.020932591364591965,-0.6118419153762295,-1.0215252908755297,0.024731221783536317,-0.2837231627021204,1783858720.9304664,-0.025247521698474884,-0.6143523454666138,-1.0138559118187285,1783858720.9553337,-0.03266560509157834,-0.5600934784909597,-1.3463500430021056,1783858720.955692,-0.05026192010753017,0.01700893054517693,-0.3248247521265759,1783858720.9559197,0.01039763252278671,-0.4150467570325866,1783858720.927851,-7.0,134.0,800.0,1783858720.9281545,28051.3515625,nan,nan,44.323585510253906,nan
14.80007004737854,1783858721.0058699,BSMC,eight,optuna_t003_r01,1783858720.9960597,-0.021262942883932486,-0.6134111170260428,-1.0320681801757827,0.02366940997539677,-0.27521858037041075,1783858720.9807975,-0.025494273751974106,-0.6158441305160522,-1.0224782319560182,1783858720.9955146,-0.03237826791283949,-0.5613890528721207,-1.3587308763727108,1783858720.9962106,-0.049006908965571055,0.016577627096355987,-0.33720558549718116,1783858720.9968925,0.010823084824888082,-0.41807442252331684,1783858720.9863029,-15.0,140.0,777.0,1783858720.9866836,28051.41015625,nan,nan,58.30049133300781,nan
14.840914011001587,1783858721.0467138,BSMC,eight,optuna_t003_r01,1783858720.9960597,-0.021262942883932486,-0.6134111170260428,-1.0320681801757827,0.02366940997539677,-0.27521858037041075,1783858721.0307388,-0.025668470188975334,-0.6173219680786133,-1.0371437719171765,1783858721.0363612,-0.032106370626727165,-0.5626909553636446,-1.3710775216547613,1783858721.0357482,-0.049099417075726334,0.01671412477807,-0.3390093414789786,1783858721.0364575,0.010801496182860804,-0.41746997646427414,1783858721.0284336,-23.0,140.0,796.0,1783858721.028545,28051.451171875,nan,nan,41.884979248046875,nan
14.880734920501709,1783858721.0865347,BSMC,eight,optuna_t003_r01,1783858721.046042,-0.02159624267984908,-0.6149391761667815,-1.0439937960294403,0.022650044256586722,-0.27138106500113657,1783858721.0813298,-0.026457032188773155,-0.621397078037262,-1.066565492357746,1783858721.0760272,-0.03184615476854183,-0.5640191629161146,-1.3835739828870892,1783858721.0764196,-0.049169599653335117,0.016740935374248526,-0.3395801868576489,1783858721.0765097,0.010807427125468293,-0.4163919903407398,1783858721.0788155,-15.0,134.0,800.0,1783858721.0793521,28051.501953125,nan,nan,50.8334846496582,nan
14.920130014419556,1783858721.1259298,BSMC,eight,optuna_t003_r01,1783858721.0966125,-0.022009612743994815,-0.616991221548319,-1.0626701976958053,0.022184678407492983,-0.28438537073750814,1783858721.0813298,-0.026457032188773155,-0.621397078037262,-1.066565492357746,1783858721.1147196,-0.03161259607640643,-0.5652934770051239,-1.395467155018117,1783858721.1150258,-0.049838380410049316,0.01676335043597329,-0.33279695732231174,1783858721.1154187,0.010645364894797196,-0.41290352563730254,1783858721.0788155,-15.0,134.0,800.0,1783858721.0793521,28051.501953125,nan,nan,50.8334846496582,nan
14.960140466690063,1783858721.1659403,BSMC,eight,optuna_t003_r01,1783858721.1461082,-0.022449104449772838,-0.6190279424826831,-1.080141002575123,0.022205401389026234,-0.2934416183499658,1783858721.13057,-0.02698005549609661,-0.6233438849449158,-1.0812217204055687,1783858721.1550794,-0.03138717720337025,-0.5666128735455072,-1.4076802281796699,1783858721.1557539,-0.05044301785975812,0.016814593228432012,-0.32753922560454685,1783858721.15604,0.010497739328310236,-0.4097943252271333,1783858721.1279502,-15.0,147.0,814.0,1783858721.128311,28051.552734375,nan,nan,49.089412689208984,nan
15.000471830368042,1783858721.2062716,BSMC,eight,optuna_t003_r01,1783858721.1962273,-0.022955835216624042,-0.6209634047529038,-1.096844070139233,0.021176974733410594,-0.2995451368313315,1783858721.1800709,-0.027529489248991013,-0.6251308917999268,-1.0952191646217417,1783858721.1955497,-0.031176135527989896,-0.5679460989841376,-1.4199156124217036,1783858721.1956494,-0.049167637001477194,0.016372515944137342,-0.3397746098465806,1783858721.1961832,0.010951144521888473,-0.41242208550662,1783858721.182493,-46.0,140.0,925.0,1783858721.1822166,28051.60546875,nan,nan,54.09200668334961,nan
15.040212392807007,1783858721.2460122,BSMC,eight,optuna_t003_r01,1783858721.1962273,-0.022955835216624042,-0.6209634047529038,-1.096844070139233,0.021176974733410594,-0.2995451368313315,1783858721.231184,-0.028047924861311913,-0.6267125606536865,-1.1094807942731868,1783858721.235335,-0.030982763046828454,-0.5692717912256087,-1.4319751631716922,1783858721.2354069,-0.04965726128605456,0.016450254740126576,-0.33513109303245914,1783858721.2358563,0.010853544964035256,-0.4093836752151334,1783858721.228476,-78.0,140.0,1001.0,1783858721.228974,28051.65234375,nan,nan,46.23100280761719,nan
15.080258846282959,1783858721.2860587,BSMC,eight,optuna_t003_r01,1783858721.2462685,-0.02354505364289741,-0.6227217082819371,-1.1128443447439589,0.019171661704451084,-0.3041425584726223,1783858721.280794,-0.02883620373904705,-0.6292714476585388,-1.1327758885202288,1783858721.2750762,-0.030806978403291996,-0.5705868211305081,-1.4438314078440424,1783858721.2755373,-0.04997348399979394,0.01653580679737785,-0.3309870631000835,1783858721.275672,0.010825594846491935,-0.4064612388920751,1783858721.2837126,-93.0,166.0,973.0,1783858721.284033,28051.70703125,nan,nan,55.36570739746094,nan
15.120263576507568,1783858721.3260634,BSMC,eight,optuna_t003_r01,1783858721.2961645,-0.02419744721473147,-0.6246044825973543,-1.1320111677473124,0.017617396024574246,-0.31776106808259214,1783858721.280794,-0.02883620373904705,-0.6292714476585388,-1.1327758885202288,1783858721.31509,-0.03064331102113957,-0.5719334921390371,-1.45586208719532,1783858721.3158617,-0.05041984650390464,0.01654150762758956,-0.3238509194480077,1783858721.3163762,0.010779747693975892,-0.4024782332406677,1783858721.2837126,-93.0,166.0,973.0,1783858721.284033,28051.70703125,nan,nan,55.36570739746094,nan
15.160400152206421,1783858721.3662,BSMC,eight,optuna_t003_r01,1783858721.3465483,-0.02483418447984404,-0.6263946490948151,-1.1485427361550433,0.01664444334811051,-0.32314218408864187,1783858721.3304825,-0.029322197660803795,-0.63072669506073,-1.1433258750763686,1783858721.3555803,-0.03049539738498719,-0.5732858420443226,-1.4678296354717912,1783858721.3560867,-0.050764200341792284,0.01660092411711394,-0.3192868993167479,1783858721.3565218,0.010751853663280256,-0.3992659990564818,1783858721.3292022,-93.0,172.0,958.0,1783858721.3297176,28051.75390625,nan,nan,45.495849609375,nan
15.200711488723755,1783858721.4065113,BSMC,eight,optuna_t003_r01,1783858721.3968892,-0.02548247703886925,-0.6281040632213769,-1.1627254255428672,0.01631084194867658,-0.32065160767666245,1783858721.386366,-0.029849708080291748,-0.6320264339447021,-1.1557439382723527,1783858721.3948653,-0.03036657633510781,-0.5746074445957483,-1.4794140064045875,1783858721.3956711,-0.049505884110875344,0.016176815133670037,-0.3308712702495442,1783858721.3958516,0.011223600963647483,-0.40145378414931,1783858721.3790007,-62.0,153.0,934.0,1783858721.379447,28051.802734375,nan,nan,49.8058967590332,nan
15.240216732025146,1783858721.4460166,BSMC,eight,optuna_t003_r01,1783858721.3968892,-0.02548247703886925,-0.6281040632213769,-1.1627254255428672,0.01631084194867658,-0.32065160767666245,1783858721.4327846,-0.03046957217156887,-0.6332613825798035,-1.1667645943633098,1783858721.436177,-0.030251741798829557,-0.5759462818723691,-1.491036768568978,1783858721.4362385,-0.04976763741978103,0.016320609892241152,-0.32831134302611087,1783858721.4363005,0.01121519722690532,-0.3988143530813539,1783858721.4300265,-31.0,140.0,936.0,1783858721.4304416,28051.853515625,nan,nan,50.94662857055664,nan
15.280676364898682,1783858721.4864762,BSMC,eight,optuna_t003_r01,1783858721.4462545,-0.0261036544740369,-0.6297461202323901,-1.1756108328315584,0.016694568222348983,-0.3145478742506564,1783858721.4810252,-0.03154446557164192,-0.6358875036239624,-1.192208501964893,1783858721.4749258,-0.030150819284955582,-0.577309617569348,-1.5027550498300115,1783858721.4752817,-0.049953043126361216,0.01645174267224775,-0.3271442169984531,1783858721.4753675,0.011227987454303253,-0.39656105653337864,1783858721.4800038,-78.0,140.0,987.0,1783858721.4803808,28051.904296875,nan,nan,50.007057189941406,nan
15.320147514343262,1783858721.5259473,BSMC,eight,optuna_t003_r01,1783858721.4960735,-0.0268315471789481,-0.6315260327683665,-1.1935984958275756,0.015990593841132186,-0.32246696572683115,1783858721.4810252,-0.03154446557164192,-0.6358875036239624,-1.192208501964893,1783858721.5156088,-0.03006524463932153,-0.5786839611533187,-1.5144477798568774,1783858721.5161889,-0.05031831844633138,0.01645624989384449,-0.3208492840293018,1783858721.5163467,0.011224609864523604,-0.3925835151981704,1783858721.4800038,-78.0,140.0,987.0,1783858721.4803808,28051.904296875,nan,nan,50.007057189941406,nan
15.359999179840088,1783858721.565799,BSMC,eight,optuna_t003_r01,1783858721.546893,-0.02765260407046744,-0.6330564979063287,-1.2101661940783963,0.013438818447010961,-0.3262044541755638,1783858721.5310898,-0.03235767409205437,-0.6371367573738098,-1.2046208091066275,1783858721.5549545,-0.0299970910035344,-0.5800275268744686,-1.5257616502864573,1783858721.5553396,-0.05044514916231597,0.01651833265402027,-0.31559545620806095,1783858721.555427,0.011310275696656304,-0.3889400091428488,1783858721.5321255,-124.0,134.0,973.0,1783858721.5323486,28051.95703125,nan,nan,52.134544372558594,nan
15.400536298751831,1783858721.606336,BSMC,eight,optuna_t003_r01,1783858721.5960965,-0.028498968566198747,-0.6344098950479394,-1.226521578061756,0.011292984135171904,-0.33027668271281785,1783858721.579169,-0.03310566022992134,-0.6382107138633728,-1.220743523109349,1783858721.594955,-0.029943197504445018,-0.5813975896621911,-1.5371792543323322,1783858721.595306,-0.04914419906106522,0.016085313733415322,-0.32701306025393584,1783858721.5953958,0.01181938703766612,-0.39084734432559104,1783858721.5803874,-109.0,134.0,972.0,1783858721.5820997,28052.00390625,nan,nan,47.811763763427734,nan
15.44031572341919,1783858721.6461155,BSMC,eight,optuna_t003_r01,1783858721.5960965,-0.028498968566198747,-0.6344098950479394,-1.226521578061756,0.011292984135171904,-0.33027668271281785,1783858721.6323261,-0.03432511165738106,-0.6393547058105469,-1.2371422130669305,1783858721.6349165,-0.029904769292659256,-0.5827727114708708,-1.5485176360443564,1783858721.6363256,-0.04908161609564035,0.016104967087658923,-0.3219960579826005,1783858721.6353295,0.011990643203794758,-0.38718503200772575,1783858721.6350563,-93.0,147.0,941.0,1783858721.6364543,28052.05859375,nan,nan,55.07390594482422,nan
15.48000693321228,1783858721.6858068,BSMC,eight,optuna_t003_r01,1783858721.646251,-0.02942845448360121,-0.6357544925247217,-1.2427222645133573,0.010439656178737752,-0.33260903201296144,1783858721.6323261,-0.03432511165738106,-0.6393547058105469,-1.2371422130669305,1783858721.6752467,-0.029881859741978795,-0.5841475983832264,-1.5597324606555534,1783858721.6756127,-0.04900052011322484,0.016199571842899975,-0.31701019614219605,1783858721.675869,0.012171505717360772,-0.3834859658679199,1783858721.6795542,-93.0,140.0,834.0,1783858721.6804483,28052.103515625,nan,nan,44.369895935058594,nan
15.52003526687622,1783858721.725835,BSMC,eight,optuna_t003_r01,1783858721.696553,-0.030731043547426035,-0.6372965185092285,-1.2672791482975732,0.010058325433006029,-0.35550124188012766,1783858721.6858552,-0.03708649054169655,-0.6416934728622437,-1.275990489653552,1783858721.7152073,-0.02987428802275091,-0.5855246050389752,-1.5708427468207358,1783858721.715812,-0.04914941487972752,0.016291104056535853,-0.3035635985231626,1783858721.7159104,0.012346741027919286,-0.3769301952743355,1783858721.6795542,-93.0,140.0,834.0,1783858721.6804483,28052.103515625,nan,nan,44.369895935058594,nan
15.560228824615479,1783858721.7660286,BSMC,eight,optuna_t003_r01,1783858721.746006,-0.03199393461576404,-0.6388338877389259,-1.289807339608001,0.010429359224239902,-0.36830644887285247,1783858721.7319818,-0.038362082093954086,-0.6430655121803284,-1.2937654986651184,1783858721.7549443,-0.0298819885157732,-0.5869067510571322,-1.5818720600280765,1783858721.7556934,-0.04930498508762364,0.016428824845623108,-0.2920647204200755,1783858721.7559705,0.01249761046201671,-0.3709653981895201,1783858721.7379057,-46.0,115.0,787.0,1783858721.7382176,28052.162109375,nan,nan,58.51911544799805,nan
15.600004434585571,1783858721.8058043,BSMC,eight,optuna_t003_r01,1783858721.7959435,-0.03324918119953356,-0.6403339780860575,-1.310943792344231,0.011261337349224241,-0.3731133133629683,1783858721.7834833,-0.03962910547852516,-0.6441264152526855,-1.3117532763355384,1783858721.7949266,-0.029904908174485878,-0.5882915118168534,-1.5927994901311742,1783858721.7961433,-0.04798088811004633,0.016022801611817863,-0.3029921505231732,1783858721.79572,0.013043493493299564,-0.3725956293007317,1783858721.779837,-15.0,96.0,821.0,1783858721.7801735,28052.203125,nan,nan,41.97418975830078,nan
15.640305995941162,1783858721.8461058,BSMC,eight,optuna_t003_r01,1783858721.7959435,-0.03324918119953356,-0.6403339780860575,-1.310943792344231,0.011261337349224241,-0.3731133133629683,1783858721.8320584,-0.04109194874763489,-0.6452088952064514,-1.3298124180805102,1783858721.835122,-0.029943077198734402,-0.589682203539215,-1.60365043422419,1783858721.8357363,-0.04810182311835091,0.016209478742363972,-0.2927066418799589,1783858721.836711,0.013202743150322101,-0.36696882154748267,1783858721.8299093,-62.0,102.0,942.0,1783858721.8304183,28052.25390625,nan,nan,50.018882751464844,nan
15.680017948150635,1783858721.8858178,BSMC,eight,optuna_t003_r01,1783858721.8470597,-0.03457607131285004,-0.6417079685962654,-1.3313979290372593,0.010867529603518665,-0.37496313476972637,1783858721.8825352,-0.04374098405241966,-0.6464342474937439,-1.363228391502539,1783858721.8749926,-0.029996365117973628,-0.5910751364741812,-1.6143954754346532,1783858721.875733,-0.048102892531264964,0.016455063891098364,-0.28299754639739394,1783858721.8758273,0.01340623578066248,-0.36149058240568976,1783858721.882014,-93.0,128.0,1001.0,1783858721.884925,28052.306640625,nan,nan,52.37053680419922,nan
15.720430850982666,1783858721.9262307,BSMC,eight,optuna_t003_r01,1783858721.8961563,-0.03616974941360141,-0.6429804980171606,-1.3567177623618973,0.01000230364032862,-0.3924584197514909,1783858721.8825352,-0.04374098405241966,-0.6464342474937439,-1.363228391502539,1783858721.915044,-0.030065132394410526,-0.5924785520786319,-1.6250970494235113,1783858721.9154043,-0.04805220778092809,0.016694257093611234,-0.2683792870616139,1783858721.9157507,0.013678018853169407,-0.35430755694311167,1783858721.882014,-93.0,128.0,1001.0,1783858721.884925,28052.306640625,nan,nan,52.37053680419922,nan
15.76037859916687,1783858721.9661784,BSMC,eight,optuna_t003_r01,1783858721.9460156,-0.03776217077412752,-0.644161635312518,-1.3821681066171465,0.009688986295231272,-0.4081288690166227,1783858721.9312298,-0.04532226547598839,-0.6471509337425232,-1.386046454584481,1783858721.955306,-0.030149327951040694,-0.5938889277774909,-1.6357266210565788,1783858721.9558644,-0.04795349302660534,0.016904526177882316,-0.2535585144394324,1783858721.9559648,0.013968169381437936,-0.34701312403486784,1783858721.9348056,-93.0,147.0,939.0,1783858721.9348903,28052.35546875,nan,nan,49.463829040527344,nan
15.800040006637573,1783858722.0058398,BSMC,eight,optuna_t003_r01,1783858721.9962924,-0.03936083245124073,-0.6452848862029273,-1.4054153119099817,0.009809870157636598,-0.41582860011882217,1783858721.9796426,-0.04693073034286499,-0.6478864550590515,-1.4036000353608389,1783858721.9951124,-0.030247552503171987,-0.5952868858505604,-1.646139594140715,1783858721.9954717,-0.0465987496424578,0.016545910506431522,-0.2639714875235686,1783858721.995843,0.014557595200049076,-0.3484151688911604,1783858721.985998,-85.0,147.0,863.0,1783858721.9863923,28052.41015625,nan,nan,54.0191764831543,nan
15.840826511383057,1783858722.0466263,BSMC,eight,optuna_t003_r01,1783858721.9962924,-0.03936083245124073,-0.6452848862029273,-1.4054153119099817,0.009809870157636598,-0.41582860011882217,1783858722.0319896,-0.04839585721492767,-0.6487018465995789,-1.4220023247312377,1783858722.034784,-0.03036080044587436,-0.5966903057122753,-1.6564708636712993,1783858722.035295,-0.04644988281145356,0.016877269209273977,-0.25105555176131755,1783858722.0351093,0.014854454236360816,-0.34172320031980163,1783858722.0309346,-62.0,134.0,798.0,1783858722.0312796,28052.455078125,nan,nan,45.19011688232422,nan
15.879788398742676,1783858722.0855882,BSMC,eight,optuna_t003_r01,1783858722.0460403,-0.04095121625826295,-0.6463856247096921,-1.4265031272534774,0.01033091202645182,-0.41655621082280536,1783858722.0810835,-0.05103745311498642,-0.6500434875488281,-1.4574427329456963,1783858722.0759428,-0.030492963252682803,-0.5981393405780198,-1.6670101806608466,1783858722.0764642,-0.046241074739396655,0.017287047040727165,-0.24050705340736922,1783858722.0765944,0.01515744007887355,-0.3357275045192293,1783858722.085334,-39.0,115.0,738.0,1783858722.0312796,28052.455078125,nan,nan,45.19011688232422,nan
15.920308589935303,1783858722.1261084,BSMC,eight,optuna_t003_r01,1783858722.095935,-0.04273335957757714,-0.6475735930859104,-1.4532355643916597,0.01103754378635235,-0.42967542926197405,1783858722.0810835,-0.05103745311498642,-0.6500434875488281,-1.4574427329456963,1783858722.1153207,-0.03063495430872673,-0.5995369762008189,-1.6770536408869217,1783858722.115957,-0.04628602933538592,0.017649120663030274,-0.22381807649526198,1783858722.1157658,0.015397629989625908,-0.3276922462391887,1783858722.085334,-39.0,115.0,738.0,1783858722.0871859,28052.509765625,nan,nan,54.56050491333008,nan
15.960264921188354,1783858722.1660647,BSMC,eight,optuna_t003_r01,1783858722.1460087,-0.04438752815000997,-0.6485985444724215,-1.47516630927681,0.011411504672458108,-0.4274808528952324,1783858722.12983,-0.05208317190408707,-0.6503400802612305,-1.470308773377042,1783858722.1551852,-0.030792325480098803,-0.6009454667210139,-1.6870549049065802,1783858722.1552722,-0.04613721890080304,0.018083207318311655,-0.21188859562977028,1783858722.1555874,0.015677560939027283,-0.32123621144607756,1783858722.1313396,-31.0,102.0,771.0,1783858722.1320791,28052.5546875,nan,nan,45.59544372558594,nan
16.00080895423889,1783858722.2066088,BSMC,eight,optuna_t003_r01,1783858722.1964343,-0.04593282246033841,-0.649455363323948,-1.4922938280521671,0.011319823146683245,-0.4131865493113948,1783858722.1806052,-0.05303844437003136,-0.6505756974220276,-1.479952492413141,1783858722.1960356,-0.030970011347709964,-0.6024021620225566,-1.6972726545176515,1783858722.196712,-0.044704145552333284,0.01776724173950446,-0.2221063452408416,1783858722.1972554,0.016330702360866516,-0.3224944886089878,1783858722.186535,-46.0,108.0,812.0,1783858722.187088,28052.611328125,nan,nan,55.36368179321289,nan
16.040046215057373,1783858722.245846,BSMC,eight,optuna_t003_r01,1783858722.1964343,-0.04593282246033841,-0.649455363323948,-1.4922938280521671,0.011319823146683245,-0.4131865493113948,1783858722.2324052,-0.054261211305856705,-0.6509708762168884,-1.4955677823314217,1783858722.235107,-0.031155940253038944,-0.6038093999916039,-1.7070231614227727,1783858722.2354789,-0.04434655459929812,0.01831101612356839,-0.21472933337060554,1783858722.2355604,0.01666679370085831,-0.3175868698106845,1783858722.2325878,-31.0,121.0,876.0,1783858722.2312565,28052.654296875,nan,nan,44.610931396484375,nan
16.080058574676514,1783858722.2858584,BSMC,eight,optuna_t003_r01,1783858722.2459962,-0.04743156698122114,-0.6502636106699348,-1.5077548445080557,0.0119216009072001,-0.3977806390943431,1783858722.2842178,-0.05713610351085663,-0.6517467498779297,-1.528696820271439,1783858722.274969,-0.03135768178853779,-0.6052296865651592,-1.7167453691241932,1783858722.2753537,-0.04393181569898642,0.018879080349755963,-0.20899052461613743,1783858722.2754457,0.017015837015316143,-0.3132171940581344,1783858722.2810667,15.0,134.0,899.0,1783858722.281502,28052.705078125,nan,nan,49.89653015136719,nan
16.12100648880005,1783858722.3268063,BSMC,eight,optuna_t003_r01,1783858722.296655,-0.049192518020870137,-0.6512459383383424,-1.5296100626217186,0.014340313731458778,-0.3987801808413402,1783858722.2842178,-0.05713610351085663,-0.6517467498779297,-1.528696820271439,1783858722.3152525,-0.03157798229798614,-0.6066788921320416,-1.7265438891727598,1783858722.3155632,-0.0438039799893397,0.01943462923188491,-0.1969338265510412,1783858722.315647,0.017293682532693495,-0.3066011817851338,1783858722.2810667,15.0,134.0,899.0,1783858722.281502,28052.705078125,nan,nan,49.89653015136719,nan
16.160091400146484,1783858722.3658912,BSMC,eight,optuna_t003_r01,1783858722.3462589,-0.05102558083990354,-0.6521383800077578,-1.5501447198644183,0.01607741626660579,-0.3979256345474993,1783858722.330739,-0.05933520570397377,-0.6520504355430603,-1.5464059712633045,1783858722.35474,-0.03180823595005319,-0.6081010882755766,-1.7360416362077964,1783858722.3550704,-0.04363106051508566,0.0201226232397673,-0.18589691634337813,1783858722.355166,0.017577931987364386,-0.300345612828596,1783858722.3321521,-15.0,140.0,869.0,1783858722.33229,28052.755859375,nan,nan,50.82456588745117,nan
16.20021080970764,1783858722.4060106,BSMC,eight,optuna_t003_r01,1783858722.3961518,-0.052859683659080066,-0.6528536891527053,-1.570378646160072,0.015456983690336679,-0.3982118380312107,1783858722.381442,-0.06098117306828499,-0.6526315212249756,-1.5663207046373495,1783858722.396007,-0.03205734883033376,-0.6095519526701483,-1.7456116097458563,1783858722.3961163,-0.042185649713883715,0.01984360292809416,-0.19546688988143804,1783858722.3962479,0.018256788074835738,-0.30145199817628177,1783858722.383269,-78.0,140.0,920.0,1783858722.3833632,28052.806640625,nan,nan,50.35296630859375,nan
16.24026322364807,1783858722.446063,BSMC,eight,optuna_t003_r01,1783858722.3961518,-0.052859683659080066,-0.6528536891527053,-1.570378646160072,0.015456983690336679,-0.3982118380312107,1783858722.4320657,-0.06197406351566315,-0.6534473896026611,-1.5857967617835274,1783858722.4350166,-0.03232033670876,-0.6110009190047851,-1.7550503087894256,1783858722.4352884,-0.04184418760993979,0.020556826249798783,-0.1846716626293536,1783858722.4353693,0.018615341170287136,-0.2952407510655524,1783858722.4322326,-93.0,147.0,855.0,1783858722.4330504,28052.85546875,nan,nan,49.98728561401367,nan
16.279956102371216,1783858722.485756,BSMC,eight,optuna_t003_r01,1783858722.446099,-0.05454579332208074,-0.653513188384657,-1.5906023361366506,0.014117336312743953,-0.39976865057450445,1783858722.480051,-0.06341956555843353,-0.6545014381408691,-1.6063112791274763,1783858722.4757025,-0.032596784423502695,-0.6124468062500592,-1.7643521104551467,1783858722.475782,-0.041493021532499196,0.021131396010633772,-0.17374977431849617,1783858722.4760072,0.018976065112940973,-0.2890112246879806,1783858722.4322326,-93.0,147.0,855.0,1783858722.4330504,28052.85546875,nan,nan,49.98728561401367,nan
16.320175170898438,1783858722.525975,BSMC,eight,optuna_t003_r01,1783858722.4961715,-0.056187881234776284,-0.6543218708664197,-1.6113336932937021,0.014221264249261211,-0.40149195076026867,1783858722.480051,-0.06341956555843353,-0.6545014381408691,-1.6063112791274763,1783858722.5158088,-0.0328908689201122,-0.613910966085078,-1.7736540459845669,1783858722.515902,-0.04132184704680381,0.02164017016284358,-0.16232035269086476,1783858722.5162196,0.019263595301688537,-0.2825816039951352,1783858722.4322326,-93.0,147.0,855.0,1783858722.4330504,28052.85546875,nan,nan,49.98728561401367,nan
16.360161066055298,1783858722.565961,BSMC,eight,optuna_t003_r01,1783858722.5461674,-0.057720065433175524,-0.6550641321508441,-1.6277057363076939,0.014308162628755056,-0.3917506121325034,1783858722.5319455,-0.0643514096736908,-0.6549814343452454,-1.6167052111338653,1783858722.5549593,-0.033192166461382566,-0.6153430888670173,-1.7826396378144538,1783858722.5552855,-0.04105185365697052,0.022228909529097587,-0.1549339015067599,1783858722.5553665,0.019563285624431853,-0.277615112142762,1783858722.4322326,-93.0,147.0,855.0,1783858722.4330504,28052.85546875,nan,nan,49.98728561401367,nan
16.400439977645874,1783858722.6062398,BSMC,eight,optuna_t003_r01,1783858722.596162,-0.059141996857721764,-0.6557307872510127,-1.6413544134486908,0.013601170931983887,-0.37578965537872466,1783858722.580799,-0.06527932733297348,-0.6556634306907654,-1.6268287621435766,1783858722.5950723,-0.03351404352851073,-0.6168072790280924,-1.7917126523836746,1783858722.5955563,-0.03957172593057294,0.02199083477680035,-0.16400691607598075,1783858722.5960636,0.02027726742077779,-0.2786191107731851,1783858722.5887764,-31.0,121.0,746.0,1783858722.5892012,28053.013671875,nan,nan,2.753925085067749,nan
16.44017457962036,1783858722.6459744,BSMC,eight,optuna_t003_r01,1783858722.596162,-0.059141996857721764,-0.6557307872510127,-1.6413544134486908,0.013601170931983887,-0.37578965537872466,1783858722.6325228,-0.06645742058753967,-0.656152606010437,-1.6381577573881476,1783858722.6345196,-0.03384511933747242,-0.6182515139169436,-1.8005508699550001,1783858722.6350226,-0.03916943644992448,0.022591661960105865,-0.15919645650630931,1783858722.6354275,0.020621146600248247,-0.27457576207020373,1783858722.638316,0.0,115.0,711.0,1783858722.6409888,28053.0625,nan,nan,21.484172821044922,nan
16.481232404708862,1783858722.6870322,BSMC,eight,optuna_t003_r01,1783858722.6461048,-0.0605425986508483,-0.6565066683601642,-1.6527069326258428,0.014943219634232785,-0.3523973964947257,1783858722.6809342,-0.06912277638912201,-0.6572030186653137,-1.667722297488313,1783858722.675095,-0.03419811559343272,-0.6197308639819326,-1.8094911767945687,1783858722.6758308,-0.03880798288659838,0.0232471942285926,-0.15678424416872594,1783858722.6759279,0.020937750934809214,-0.27133585171912844,1783858722.6855671,0.0,115.0,764.0,1783858722.6409888,28053.0625,nan,nan,21.484172821044922,nan
16.52165150642395,1783858722.7274513,BSMC,eight,optuna_t003_r01,1783858722.695935,-0.06218345623354069,-0.6573626117026352,-1.6708051511344884,0.0159570645096764,-0.350909575781574,1783858722.6809342,-0.06912277638912201,-0.6572030186653137,-1.667722297488313,1783858722.715225,-0.03456085441845047,-0.6211936772294155,-1.8182209323690848,1783858722.7157729,-0.03874610983883821,0.023873393648992786,-0.14741578123459642,1783858722.716152,0.021167391984581178,-0.26565359453252935,1783858722.6855671,0.0,115.0,764.0,1783858722.6873634,28053.109375,nan,nan,47.05677032470703,nan
16.560239553451538,1783858722.7660394,BSMC,eight,optuna_t003_r01,1783858722.747051,-0.0637450644340546,-0.6581245041452916,-1.6890210503865366,0.01634978711269604,-0.3492053921676836,1783858722.7291355,-0.07029595971107483,-0.6574810147285461,-1.6843849339725294,1783858722.7546651,-0.03493607170588267,-0.622652586975423,-1.8268194801403435,1783858722.7549865,-0.03862231534049074,0.024423999006255515,-0.13779842975380685,1783858722.755345,0.021421768724605127,-0.25990682719360675,1783858722.732352,-15.0,115.0,781.0,1783858722.732795,28053.15625,nan,nan,46.99016571044922,nan
16.600502252578735,1783858722.806302,BSMC,eight,optuna_t003_r01,1783858722.7961183,-0.0653292593654501,-0.6588433177294507,-1.704416598912039,0.016253800127513506,-0.3431012051905426,1783858722.7798505,-0.07191316038370132,-0.6582778692245483,-1.696816078567917,1783858722.795193,-0.0353318905777075,-0.6241383671229629,-1.8354673252597244,1783858722.795639,-0.037100219900396886,0.02420619015115143,-0.14644627487318784,1783858722.796024,0.02216722817636834,-0.26085504104961676,1783858722.7831016,-31.0,121.0,792.0,1783858722.783629,28053.20703125,nan,nan,50.47265625,nan
16.64054274559021,1783858722.8463426,BSMC,eight,optuna_t003_r01,1783858722.7961183,-0.0653292593654501,-0.6588433177294507,-1.704416598912039,0.016253800127513506,-0.3431012051905426,1783858722.8339884,-0.07347770035266876,-0.6583619713783264,-1.7156252648980395,1783858722.8351858,-0.03573790942703964,-0.6256116337561202,-1.8439353514235728,1783858722.8364623,-0.036877708283146085,0.02490035025183295,-0.13951875251153378,1783858722.8365598,0.022451698827904792,-0.25605799254643496,1783858722.8326252,-7.0,140.0,751.0,1783858722.8329802,28053.255859375,nan,nan,49.63821029663086,nan
16.679938316345215,1783858722.8857381,BSMC,eight,optuna_t003_r01,1783858722.8465543,-0.06694969256162907,-0.6595133413162793,-1.720742787660628,0.01717028496660912,-0.33919044343338906,1783858722.8824394,-0.07599706947803497,-0.6593418121337891,-1.7427474729559147,1783858722.875846,-0.036162290675950365,-0.6271021569136029,-1.8523958859940057,1783858722.8763623,-0.03664668302116228,0.02560018774933179,-0.13165309833337768,1783858722.8759654,0.022745343380301455,-0.25090640173601686,1783858722.8827577,62.0,140.0,664.0,1783858722.8835618,28053.306640625,nan,nan,50.237892150878906,nan
16.72033452987671,1783858722.9261343,BSMC,eight,optuna_t003_r01,1783858722.8961294,-0.068772730167672,-0.6604549224021137,-1.7408586733914633,0.02036360035119864,-0.344203439194366,1783858722.8824394,-0.07599706947803497,-0.6593418121337891,-1.7427474729559147,1783858722.9152598,-0.036592993913048266,-0.6285683463668225,-1.8606153052566556,1783858722.91568,-0.03687280794752497,0.026318913175442736,-0.11975663186519236,1783858722.9157705,0.022862222805729113,-0.2443329530994398,1783858722.8827577,62.0,140.0,664.0,1783858722.8835618,28053.306640625,nan,nan,50.237892150878906,nan
16.76029109954834,1783858722.966091,BSMC,eight,optuna_t003_r01,1783858722.9463224,-0.07047500231678756,-0.6614026011225177,-1.75803806967521,0.02276183325562544,-0.3395478595292925,1783858722.9327402,-0.07699358463287354,-0.6599375605583191,-1.7549898987604637,1783858722.9549477,-0.03703443387338945,-0.6300270263890367,-1.8686929269505304,1783858722.9555564,-0.03705212134624742,0.027015525377397324,-0.11065485727532032,1783858722.9558184,0.022981572824658677,-0.23879354076959058,1783858722.9350624,54.0,121.0,708.0,1783858722.9353852,28053.359375,nan,nan,52.42441940307617,nan
16.80060863494873,1783858723.0064085,BSMC,eight,optuna_t003_r01,1783858722.996225,-0.07206471650704338,-0.6621904441669303,-1.7726635160489745,0.023048984361607686,-0.33071694377256095,1783858722.983099,-0.07807761430740356,-0.6604235768318176,-1.7657044745363641,1783858722.9950843,-0.037500112619747394,-0.6315218692806125,-1.8768693499938123,1783858722.995437,-0.035496720291615644,0.02683625038038317,-0.11883128031860223,1783858722.9956818,0.023755299170113542,-0.23969297738716994,1783858722.9831877,0.0,128.0,763.0,1783858722.9840677,28053.40625,nan,nan,47.616294860839844,nan
16.840078830718994,1783858723.0458786,BSMC,eight,optuna_t003_r01,1783858722.996225,-0.07206471650704338,-0.6621904441669303,-1.7726635160489745,0.023048984361607686,-0.33071694377256095,1783858723.031601,-0.07914364337921143,-0.6611465215682983,-1.7726427479747775,1783858723.0350034,-0.037975432565999195,-0.6330052661076323,-1.8848833656971573,1783858723.035427,-0.03542740713812665,0.02754546644069537,-0.11221984964818277,1783858723.0355434,0.023971405367254714,-0.2350619086325306,1783858723.0338876,15.0,147.0,748.0,1783858723.0344121,28053.45703125,nan,nan,51.11483383178711,nan
16.880484342575073,1783858723.0862842,BSMC,eight,optuna_t003_r01,1783858723.0462236,-0.0735712038265182,-0.6630151432315077,-1.7843086610517709,0.02372861835609681,-0.31627912736647107,1783858723.0802436,-0.08096082508563995,-0.6625126004219055,-1.7930192014258939,1783858723.0755188,-0.03846254328210494,-0.6344848522505065,-1.8927794694078486,1783858723.0756853,-0.03532175191897499,0.028266046594064426,-0.10847080835607771,1783858723.075829,0.0241891433622641,-0.23149750830387428,1783858723.0843117,15.0,140.0,752.0,1783858723.0844793,28053.5078125,nan,nan,50.12493896484375,nan
16.92062544822693,1783858723.1264253,BSMC,eight,optuna_t003_r01,1783858723.0964627,-0.07515755953141784,-0.6639802221389779,-1.799061403257634,0.02430329185723697,-0.3116709620147361,1783858723.0802436,-0.08096082508563995,-0.6625126004219055,-1.7930192014258939,1783858723.11531,-0.038969388065871,-0.6359843885190016,-1.9006846017397248,1783858723.1156971,-0.035458581316260854,0.02891434704667093,-0.10162319848209078,1783858723.115819,0.0243197429371712,-0.22680117420861723,1783858723.0843117,15.0,140.0,752.0,1783858723.0844793,28053.5078125,nan,nan,50.12493896484375,nan
16.960039138793945,1783858723.165839,BSMC,eight,optuna_t003_r01,1783858723.14615,-0.07665553600687704,-0.6647830749331392,-1.8116509190005086,0.02424872027510785,-0.3023245855573048,1783858723.1329753,-0.08199737221002579,-0.6629419922828674,-1.8039562774869395,1783858723.1555521,-0.039490281762989105,-0.63748644824654,-1.9085064466494495,1783858723.1561599,-0.035373821514360096,0.029581323549675426,-0.0968555276489409,1783858723.156395,0.02453414324175903,-0.22287909001881484,1783858723.1379576,15.0,128.0,661.0,1783858723.138319,28053.5625,nan,nan,53.92572021484375,nan
17.00034809112549,1783858723.206148,BSMC,eight,optuna_t003_r01,1783858723.196434,-0.07810900054468757,-0.6655081941433172,-1.8229743247122159,0.02390737229473674,-0.28973097807347803,1783858723.182116,-0.08324050903320312,-0.6634000539779663,-1.8137245228481693,1783858723.195431,-0.04001439659076175,-0.6389610022362894,-1.916092715667185,1783858723.1959865,-0.03381681279811384,0.029424066820375388,-0.10444179666667643,1783858723.1961546,0.02531381123846127,-0.22374422618214335,1783858723.1838543,31.0,108.0,578.0,1783858723.1841078,28053.607421875,nan,nan,45.613739013671875,nan
17.04071617126465,1783858723.246516,BSMC,eight,optuna_t003_r01,1783858723.196434,-0.07810900054468757,-0.6655081941433172,-1.8229743247122159,0.02390737229473674,-0.28973097807347803,1783858723.2328048,-0.08433154225349426,-0.6640468835830688,-1.828949376749052,1783858723.2364972,-0.04058080187174137,-0.6405162551533669,-1.9239968516357804,1783858723.2368078,-0.0335652741224388,0.030105399568832514,-0.1010225269235645,1783858723.2369063,0.025599169793304788,-0.22029887786334273,1783858723.2387707,15.0,89.0,673.0,1783858723.2392833,28053.662109375,nan,nan,54.976200103759766,nan
17.080254077911377,1783858723.286054,BSMC,eight,optuna_t003_r01,1783858723.2465665,-0.07948771743802717,-0.6661158939602715,-1.8352268384419355,0.022498373183134492,-0.2808075961106718,1783858723.2830613,-0.08670897781848907,-0.6654260158538818,-1.847911495872551,1783858723.275231,-0.0411191487365172,-0.6419603437241048,-1.9312482210232513,1783858723.2760346,-0.033343933922573295,0.030721649402034517,-0.09602138258131587,1783858723.2757776,0.025865759834423234,-0.21644627396527244,1783858723.2841523,15.0,115.0,719.0,1783858723.2842648,28053.708984375,nan,nan,45.462562561035156,nan
17.120136260986328,1783858723.325936,BSMC,eight,optuna_t003_r01,1783858723.296564,-0.08107009095423663,-0.6668890119505441,-1.8498319499229106,0.022027526843297056,-0.27981355552249687,1783858723.2830613,-0.08670897781848907,-0.6654260158538818,-1.847911495872551,1783858723.3149934,-0.04168976011722633,-0.6434573133605779,-1.9386775411266224,1783858723.3152955,-0.033371869041573646,0.031403396509222796,-0.08884559120371183,1783858723.315381,0.026040471200683486,-0.21172057008957595,1783858723.2841523,15.0,115.0,719.0,1783858723.2842648,28053.708984375,nan,nan,45.462562561035156,nan
17.160207748413086,1783858723.3660076,BSMC,eight,optuna_t003_r01,1783858723.345883,-0.08257278526815404,-0.6678008142254744,-1.8610339580338906,0.02309037640120745,-0.2712680538979331,1783858723.3313472,-0.08771173655986786,-0.666493833065033,-1.8538859572784867,1783858723.3550735,-0.04227516763732425,-0.6449596093372709,-1.9460453255875296,1783858723.3555603,-0.03341826120844699,0.03207551161352634,-0.08501136755363903,1783858723.3560548,0.026194819835453936,-0.20825180075562624,1783858723.3423858,31.0,140.0,778.0,1783858723.3429413,28053.765625,nan,nan,58.0406494140625,nan
17.200387477874756,1783858723.4061873,BSMC,eight,optuna_t003_r01,1783858723.3966274,-0.08403645389009,-0.6687439414217045,-1.8722186895044426,0.024194199766157966,-0.2641247719682514,1783858723.3824828,-0.08881688117980957,-0.6672207713127136,-1.8649130984455682,1783858723.3949523,-0.04287008227023731,-0.6464539424637067,-1.9532882924301154,1783858723.3966825,-0.031816174598744563,0.031933126894439015,-0.09225433439622477,1783858723.39681,0.026999633108046543,-0.20912325425148653,1783858723.3853235,15.0,153.0,836.0,1783858723.3856509,28053.80859375,nan,nan,43.32390213012695,nan
17.239856719970703,1783858723.4456565,BSMC,eight,optuna_t003_r01,1783858723.3966274,-0.08403645389009,-0.6687439414217045,-1.8722186895044426,0.024194199766157966,-0.2641247719682514,1783858723.430845,-0.08994974941015244,-0.6679233908653259,-1.8743837835881452,1783858723.4356205,-0.04348296543973629,-0.6479615862748305,-1.960510758969371,1783858723.435713,-0.031884855175504274,0.032555302507900154,-0.08829206946492851,1783858723.4357998,0.027145870907988354,-0.20566294085419698,1783858723.4450536,0.0,172.0,815.0,1783858723.445433,28053.869140625,nan,nan,59.5957145690918,nan
17.28026270866394,1783858723.4860625,BSMC,eight,optuna_t003_r01,1783858723.4464364,-0.08543123846054067,-0.6695943438014924,-1.882610127709968,0.0242006531763536,-0.2569775657723934,1783858723.4804006,-0.0922984704375267,-0.6694175004959106,-1.8957982530451885,1783858723.4749684,-0.04410762745061686,-0.6494671472776254,-1.9676396856792207,1783858723.475377,-0.03183412042423793,0.03315620068139556,-0.0850295579692526,1783858723.4759538,0.02733872293370042,-0.20249354110077,1783858723.4857652,15.0,166.0,733.0,1783858723.445433,28053.869140625,nan,nan,59.5957145690918,nan
17.320215702056885,1783858723.5260155,BSMC,eight,optuna_t003_r01,1783858723.4961352,-0.0870845761968694,-0.6707656334004714,-1.8972159547182545,0.026492212661865862,-0.2632463645266854,1783858723.4804006,-0.0922984704375267,-0.6694175004959106,-1.8957982530451885,1783858723.5149562,-0.04474418307108463,-0.650971183469546,-1.974679651740964,1783858723.5152836,-0.03232584003344939,0.033757505894922914,-0.07746369702270939,1783858723.5153883,0.02731745609954098,-0.1977268782936456,1783858723.4857652,15.0,166.0,733.0,1783858723.4865527,28053.91015625,nan,nan,40.831512451171875,nan
17.360530376434326,1783858723.5663302,BSMC,eight,optuna_t003_r01,1783858723.5463114,-0.08868524031727792,-0.671867313592759,-1.9105627429519152,0.02797973535492711,-0.2630794291334554,1783858723.5300205,-0.0935404822230339,-0.6701882481575012,-1.9071415423876499,1783858723.5548666,-0.04539484621857309,-0.6524790225170509,-1.9816570326381213,1783858723.555188,-0.032707165839528915,0.034354116999322094,-0.07109428968620612,1783858723.5552824,0.027336874773761153,-0.19342267995995185,1783858723.5368137,46.0,153.0,696.0,1783858723.5371745,28053.9609375,nan,nan,51.02937698364258,nan
17.400091648101807,1783858723.6058915,BSMC,eight,optuna_t003_r01,1783858723.5959065,-0.09011454267578398,-0.6728521376319088,-1.9206283647057558,0.028387047701766116,-0.25466327136206635,1783858723.5799644,-0.09423205256462097,-0.670881986618042,-1.9122743236746589,1783858723.5951037,-0.046058600845188175,-0.6539883145592693,-1.9885621450564406,1783858723.5955672,-0.031062948766899807,0.034231304576775944,-0.07799940210452538,1783858723.5957067,0.028164265784110586,-0.19430638028024716,1783858723.5867696,31.0,140.0,674.0,1783858723.5871117,28054.009765625,nan,nan,48.89533233642578,nan
17.440043687820435,1783858723.6458435,BSMC,eight,optuna_t003_r01,1783858723.5959065,-0.09011454267578398,-0.6728521376319088,-1.9206283647057558,0.028387047701766116,-0.25466327136206635,1783858723.6312647,-0.09481345117092133,-0.6713032722473145,-1.91703559112834,1783858723.6347551,-0.046736245232985224,-0.6555008904302169,-1.9954045939763687,1783858723.6351373,-0.03116776594001026,0.03480391981945249,-0.07477622927061289,1783858723.6352296,0.028289943116484795,-0.1912412034996157,1783858723.636231,-15.0,115.0,720.0,1783858723.636533,28054.060546875,nan,nan,50.59384536743164,nan
17.479973554611206,1783858723.6857734,BSMC,eight,optuna_t003_r01,1783858723.6460085,-0.09133635713394392,-0.6735499399419423,-1.928353010435709,0.02624240357944286,-0.24171679735154766,1783858723.6826196,-0.09697648882865906,-0.6728625297546387,-1.9313761272959384,1783858723.6748536,-0.04742328473783966,-0.6570069474014313,-2.0021418561617357,1783858723.6753793,-0.03086570894845892,0.03534595508074327,-0.07378884572602673,1783858723.6754863,0.02857783656154077,-0.18906209225998366,1783858723.685504,-31.0,115.0,714.0,1783858723.636533,28054.060546875,nan,nan,50.59384536743164,nan
17.520087480545044,1783858723.7258873,BSMC,eight,optuna_t003_r01,1783858723.6965508,-0.09270882970001647,-0.674298918053361,-1.938283674598479,0.023554051213342652,-0.2365676946852825,1783858723.6826196,-0.09697648882865906,-0.6728625297546387,-1.9313761272959384,1783858723.7152529,-0.04813361896577581,-0.6585366297458388,-2.008909078191706,1783858723.715661,-0.030724498629184575,0.03593611454618665,-0.070625403593227,1783858723.715745,0.028806755676125825,-0.1860435473836368,1783858723.685504,-31.0,115.0,714.0,1783858723.685931,28054.109375,nan,nan,49.34971237182617,nan
17.560954093933105,1783858723.766754,BSMC,eight,optuna_t003_r01,1783858723.7460837,-0.09404807033940152,-0.6750284616678326,-1.9479196899602729,0.02256199903889199,-0.23199316672104547,1783858723.7303672,-0.09815291315317154,-0.6735047698020935,-1.9411035595867756,1783858723.7547057,-0.04884109175008031,-0.6600339668281311,-2.0154608243296397,1783858723.7550375,-0.030588155815390816,0.03650849918151327,-0.06754113436936682,1783858723.7551181,0.029029098914723793,-0.1831165113554202,1783858723.7360315,0.0,134.0,729.0,1783858723.736381,28054.16015625,nan,nan,50.105621337890625,nan
17.600678205490112,1783858723.806478,BSMC,eight,optuna_t003_r01,1783858723.7963014,-0.09548517066437386,-0.6758904102312819,-1.9582603818319912,0.023561557052429866,-0.22890921923011873,1783858723.7804675,-0.09971608966588974,-0.6743038296699524,-1.952736199047804,1783858723.7950454,-0.049573726426107134,-0.6615585235943737,-2.0220596412045606,1783858723.7956123,-0.028900942121055463,0.03638876258869219,-0.07413995124428774,1783858723.7954104,0.029875017345262815,-0.18403222037018363,1783858723.7862942,31.0,147.0,751.0,1783858723.7867992,28054.2109375,nan,nan,50.370361328125,nan
17.640010833740234,1783858723.8458107,BSMC,eight,optuna_t003_r01,1783858723.7963014,-0.09548517066437386,-0.6758904102312819,-1.9582603818319912,0.023561557052429866,-0.22890921923011873,1783858723.8293884,-0.10147438198328018,-0.6752839088439941,-1.9674515882346078,1783858723.834876,-0.050309717050936675,-0.6630648124773261,-2.0285095089526943,1783858723.835198,-0.028944008172997727,0.03698056189145228,-0.07024912712070308,1783858723.8352714,0.030024717800664034,-0.18083437195790428,1783858723.8356225,46.0,160.0,740.0,1783858723.835834,28054.259765625,nan,nan,49.73573303222656,nan
17.680148601531982,1783858723.8859484,BSMC,eight,optuna_t003_r01,1783858723.8459675,-0.09704408437501769,-0.6768988507482713,-1.9701506311040637,0.025785497079858357,-0.23018215616295953,1783858723.8799443,-0.10443152487277985,-0.6767592430114746,-1.9904958472932628,1783858723.875105,-0.05107136774142358,-0.6645983691278711,-2.035006304149243,1783858723.8754013,-0.029207858613388905,0.03757251013689167,-0.06485567304517947,1783858723.875478,0.030087627354146766,-0.17705040904579647,1783858723.8356225,46.0,160.0,740.0,1783858723.835834,28054.259765625,nan,nan,49.73573303222656,nan
17.719982624053955,1783858723.9257824,BSMC,eight,optuna_t003_r01,1783858723.896336,-0.09895046849428249,-0.6781417753201733,-1.986437752286194,0.028580383629443363,-0.24131538802986527,1783858723.8799443,-0.10443152487277985,-0.6767592430114746,-1.9904958472932628,1783858723.9149723,-0.051833415900478644,-0.6661083421924896,-2.041335824875086,1783858723.9153438,-0.03003365070247044,0.0382465682571353,-0.05489807258889213,1783858723.915441,0.02992185116410115,-0.17153127635579965,1783858723.8867304,62.0,160.0,690.0,1783858723.887234,28054.310546875,nan,nan,50.95161056518555,nan
17.7606463432312,1783858723.9664462,BSMC,eight,optuna_t003_r01,1783858723.945976,-0.10074832914533433,-0.6793191277229454,-2.0003256977526918,0.02951155545136787,-0.24456544172990466,1783858723.9304032,-0.10575657337903976,-0.6779465079307556,-2.000288821808363,1783858723.9549692,-0.052607803855500984,-0.6676190356699058,-2.0476029233833843,1783858723.9555395,-0.03068506058292962,0.03889510748478046,-0.04727722563069259,1783858723.9556425,0.029819802732073207,-0.1669286601311304,1783858723.9380262,46.0,128.0,620.0,1783858723.938521,28054.361328125,nan,nan,51.02549362182617,nan
17.800426959991455,1783858724.0062268,BSMC,eight,optuna_t003_r01,1783858723.9959574,-0.10237764966286363,-0.6802280790541005,-2.0118584470141125,0.027674541272458955,-0.23990608998385815,1783858723.979088,-0.10696522891521454,-0.6785724759101868,-2.0080027353680125,1783858723.995024,-0.05339924113097748,-0.6691394855757969,-2.0538458417263477,1783858723.9953568,-0.028973137058044926,0.03880874359021504,-0.0535201439736559,1783858723.9954538,0.03067827725286174,-0.1678523252357445,1783858723.9880652,31.0,76.0,531.0,1783858723.9882958,28054.412109375,nan,nan,49.84337615966797,nan
17.84018588066101,1783858724.0459857,BSMC,eight,optuna_t003_r01,1783858723.9959574,-0.10237764966286363,-0.6802280790541005,-2.0118584470141125,0.027674541272458955,-0.23990608998385815,1783858724.03036,-0.10775572806596756,-0.6792751550674438,-2.0172692817502895,1783858724.0348592,-0.05420194927094393,-0.6706584880693938,-2.060019471081823,1783858724.0351725,-0.029219984357355167,0.03947996572975351,-0.04816102406771038,1783858724.035407,0.0307400416085738,-0.1641537627693453,1783858724.0370984,23.0,44.0,549.0,1783858724.0375297,28054.4609375,nan,nan,49.23368453979492,nan
17.880159854888916,1783858724.0859597,BSMC,eight,optuna_t003_r01,1783858724.0461168,-0.10377544160812871,-0.6808940693665476,-2.0220806502468602,0.024225216760298852,-0.23138123105487177,1783858724.0799,-0.1101437360048294,-0.6804869174957275,-2.034134546186191,1783858724.074928,-0.05501531039515674,-0.6721750432477903,-2.0661213933566214,1783858724.0758245,-0.029111492974750297,0.04007608749799411,-0.04404074310976114,1783858724.07539,0.030946099838951677,-0.16097201448186768,1783858724.0370984,23.0,44.0,549.0,1783858724.0375297,28054.4609375,nan,nan,49.23368453979492,nan
17.92055320739746,1783858724.126353,BSMC,eight,optuna_t003_r01,1783858724.0962555,-0.10532142110609426,-0.6815678023665007,-2.0346890393731303,0.021009301127336507,-0.2299750991267377,1783858724.0799,-0.1101437360048294,-0.6804869174957275,-2.034134546186191,1783858724.1150522,-0.055845828958791754,-0.6737011988146466,-2.072201041918113,1783858724.1156824,-0.02917224480875498,0.04072711385043547,-0.03751200254498288,1783858724.1159573,0.03108462588540161,-0.1568494860082448,1783858724.0920265,15.0,51.0,574.0,1783858724.0923586,28054.515625,nan,nan,54.97557067871094,nan
17.96089506149292,1783858724.1666949,BSMC,eight,optuna_t003_r01,1783858724.146241,-0.10684723603036735,-0.682292301439503,-2.0459273681505774,0.020160470554383754,-0.22575834979231102,1783858724.1295142,-0.11147455871105194,-0.6812601089477539,-2.043142228782644,1783858724.1548443,-0.05668339954636273,-0.6752184425891675,-2.078185998883086,1783858724.1551561,-0.029238003881125435,0.041371356019300566,-0.032258630732508564,1783858724.15524,0.03121567297363354,-0.1532498656393999,1783858724.1361704,39.0,83.0,665.0,1783858724.1365085,28054.560546875,nan,nan,44.27535629272461,nan
18.00036859512329,1783858724.2061684,BSMC,eight,optuna_t003_r01,1783858724.1966746,-0.10841166897994767,-0.6831873278686788,-2.055190909851908,0.02244916838684853,-0.21786757134144705,1783858724.183158,-0.11263389140367508,-0.6820217967033386,-2.050270935452287,1783858724.1956697,-0.05754635686614408,-0.6767597330686838,-2.084206769446766,1783858724.196062,-0.02747267373627976,0.04130905708102108,-0.03827940129618845,1783858724.1961555,0.03209823583135951,-0.15420713923018262,1783858724.1926877,62.0,140.0,775.0,1783858724.193084,28054.6171875,nan,nan,56.28480529785156,nan
18.040637493133545,1783858724.2464373,BSMC,eight,optuna_t003_r01,1783858724.1966746,-0.10841166897994767,-0.6831873278686788,-2.055190909851908,0.02244916838684853,-0.21786757134144705,1783858724.2339776,-0.11425121873617172,-0.6829332113265991,-2.0615900614426743,1783858724.2352865,-0.05840266588706247,-0.6782681028721724,-2.0900426567963537,1783858724.2358038,-0.027641129115510452,0.04196507054837551,-0.034851746944445594,1783858724.2360125,0.032180854062246654,-0.1513724576946802,1783858724.2371452,62.0,204.0,901.0,1783858724.237442,28054.662109375,nan,nan,44.73044967651367,nan
18.080636501312256,1783858724.2864363,BSMC,eight,optuna_t003_r01,1783858724.2461338,-0.1101058637143909,-0.6843034763024634,-2.0651199449025963,0.02696648693598587,-0.21567950445754355,1783858724.2826664,-0.11702878028154373,-0.6848680973052979,-2.0816795896118028,1783858724.2752104,-0.0592783719511466,-0.6797898914207978,-2.0958753536114565,1783858724.2755919,-0.028087672341525885,0.04260151440807884,-0.030755408708860177,1783858724.275676,0.03214762041004221,-0.14828604350152352,1783858724.2371452,62.0,204.0,901.0,1783858724.237442,28054.662109375,nan,nan,44.73044967651367,nan
18.120532512664795,1783858724.3263323,BSMC,eight,optuna_t003_r01,1783858724.2963872,-0.11218458096471845,-0.6858896627444134,-2.079370184628822,0.0331808967220837,-0.2256937914489631,1783858724.2826664,-0.11702878028154373,-0.6848680973052979,-2.0816795896118028,1783858724.3147235,-0.060158710866703435,-0.6812994711213294,-2.101607846664402,1783858724.3151557,-0.029342322014058835,0.043206355521097146,-0.022237662035580197,1783858724.3152401,0.03177752542613757,-0.14349228930929658,1783858724.2869759,78.0,243.0,903.0,1783858724.287273,28054.7109375,nan,nan,49.842681884765625,nan
18.160401344299316,1783858724.3662012,BSMC,eight,optuna_t003_r01,1783858724.3468266,-0.1141845338294798,-0.6874478200294738,-2.0908713293254344,0.038020529406916304,-0.2283802540208718,1783858724.3319445,-0.11818862706422806,-0.6856299042701721,-2.08736270362755,1783858724.3551056,-0.06106196761003799,-0.6828281107037611,-2.107359796218926,1783858724.3554604,-0.03040790580895007,0.043803059485692054,-0.016488466893491704,1783858724.3556242,0.03148237722390589,-0.13978770674074356,1783858724.3367171,62.0,243.0,782.0,1783858724.3370593,28054.76171875,nan,nan,49.69951629638672,nan
18.199860334396362,1783858724.4056602,BSMC,eight,optuna_t003_r01,1783858724.3961527,-0.11585060954371544,-0.6886104980827633,-2.09997044179416,0.03854378552412663,-0.225462882819666,1783858724.3821251,-0.1187799721956253,-0.6859807372093201,-2.0927992216502145,1783858724.3954785,-0.061980459335835,-0.6843623699418445,-2.1130806293887097,1783858724.3962402,-0.028620063319527503,0.043768451783990525,-0.02220930006327526,1783858724.3959699,0.03237255452397214,-0.14076408144360844,1783858724.3869877,15.0,192.0,694.0,1783858724.3873358,28054.810546875,nan,nan,50.077613830566406,nan
18.239978313446045,1783858724.4457781,BSMC,eight,optuna_t003_r01,1783858724.3961527,-0.11585060954371544,-0.6886104980827633,-2.09997044179416,0.03854378552412663,-0.225462882819666,1783858724.4320698,-0.11911296099424362,-0.6860862374305725,-2.092274500588157,1783858724.4355183,-0.06289684620987383,-0.6858736626182123,-2.118665881267779,1783858724.4352179,-0.0290946528672203,0.0443293637909736,-0.018695439473619402,1783858724.4356015,0.0323193423328278,-0.1380072100388706,1783858724.4398754,31.0,140.0,662.0,1783858724.44024,28054.86328125,nan,nan,53.053470611572266,nan
18.28095555305481,1783858724.4867554,BSMC,eight,optuna_t003_r01,1783858724.4460683,-0.11718895721784743,-0.6894261476414849,-2.1051878601403655,0.03654291684875173,-0.2111131321828345,1783858724.4803195,-0.12036801874637604,-0.6870600581169128,-2.0957211779877887,1783858724.4753773,-0.06383572346691263,-0.6874026896632774,-2.1242674677097497,1783858724.475765,-0.02891508046603582,0.04488407351738625,-0.0190796075693842,1783858724.4758534,0.032537202137927816,-0.13680380513339827,1783858724.4398754,31.0,140.0,662.0,1783858724.44024,28054.86328125,nan,nan,53.053470611572266,nan
18.32060194015503,1783858724.5264018,BSMC,eight,optuna_t003_r01,1783858724.4963098,-0.11849531770001916,-0.6902379396895955,-2.1091963719135727,0.03492357125316944,-0.1938750848419435,1783858724.4803195,-0.12036801874637604,-0.6870600581169128,-2.0957211779877887,1783858724.5151064,-0.06477371315233149,-0.6889114601086583,-2.129747528693524,1783858724.5154283,-0.02868527595750749,0.04544144899206474,-0.02055115677995145,1783858724.5155187,0.03277199768241273,-0.1360728230149136,1783858724.4869914,62.0,128.0,625.0,1783858724.4882796,28054.91015625,nan,nan,46.99892807006836,nan
18.360394716262817,1783858724.5661945,BSMC,eight,optuna_t003_r01,1783858724.5461962,-0.11969570637636429,-0.6909257040031491,-2.112461592952279,0.034368420688432315,-0.17739813118489103,1783858724.531751,-0.12113229185342789,-0.6873686909675598,-2.100096094645673,1783858724.5552459,-0.06573245394578214,-0.6904349143341914,-2.135234430152379,1783858724.555659,-0.028242021999614696,0.04598545075085341,-0.02277283720010015,1783858724.55575,0.03309546668274972,-0.13565738291018073,1783858724.5448945,78.0,147.0,718.0,1783858724.5453005,28054.96875,nan,nan,57.368038177490234,nan
18.400331020355225,1783858724.6061308,BSMC,eight,optuna_t003_r01,1783858724.596728,-0.12103667802935562,-0.6917771618417408,-2.117638129318137,0.03550210886668679,-0.1668664118465489,1783858724.581691,-0.12263251841068268,-0.688275933265686,-2.1095409906699687,1783858724.5951092,-0.0666932316324338,-0.6919433484954391,-2.14062236846071,1783858724.5954564,-0.026454176203951456,0.04593990085605284,-0.02816077550843099,1783858724.5955415,0.033975713528259004,-0.13666761345245262,1783858724.58746,85.0,166.0,714.0,1783858724.5879395,28055.01171875,nan,nan,42.916263580322266,nan
18.440475940704346,1783858724.6462758,BSMC,eight,optuna_t003_r01,1783858724.596728,-0.12103667802935562,-0.6917771618417408,-2.117638129318137,0.03550210886668679,-0.1668664118465489,1783858724.6327689,-0.12452327460050583,-0.6894428730010986,-2.1240549077886963,1783858724.6357532,-0.06767913201872279,-0.6934729218184392,-2.1460413980864876,1783858724.6359582,-0.026297037961093398,0.04645825128702312,-0.028403268768350642,1783858724.6360652,0.034179017610073095,-0.13551533932657459,1783858724.58746,85.0,166.0,714.0,1783858724.5879395,28055.01171875,nan,nan,42.916263580322266,nan
18.480154752731323,1783858724.6859546,BSMC,eight,optuna_t003_r01,1783858724.6460638,-0.12243994537898988,-0.692585906883836,-2.1259617658882797,0.03516337673096098,-0.167118644351693,1783858724.6804905,-0.12963205575942993,-0.6922627091407776,-2.1490137734522192,1783858724.6753912,-0.06865935150305803,-0.6949759598437399,-2.1513239807471702,1783858724.6751,-0.026315786473588225,0.04696321979033778,-0.025362214858890564,1783858724.675468,0.03430889663437174,-0.13309155363471656,1783858724.6481626,78.0,166.0,674.0,1783858724.6484787,28055.072265625,nan,nan,60.99170684814453,nan
18.52017307281494,1783858724.725973,BSMC,eight,optuna_t003_r01,1783858724.6964474,-0.12470251447981748,-0.6940052944444581,-2.140985931703999,0.036999894956545334,-0.18395259254187543,1783858724.6804905,-0.12963205575942993,-0.6922627091407776,-2.1490137734522192,1783858724.7150722,-0.0696572093079914,-0.6964885335322473,-2.1565987293903355,1783858724.7151883,-0.027622609777051513,0.047677494973323895,-0.0156127976863365,1783858724.715316,0.03390385061741522,-0.12793957646945933,1783858724.6957052,70.0,147.0,663.0,1783858724.6959586,28055.119140625,nan,nan,47.11561965942383,nan
18.559982299804688,1783858724.765782,BSMC,eight,optuna_t003_r01,1783858724.74593,-0.12694859178988074,-0.695282600484009,-2.155659820067853,0.036497250933876096,-0.19620330071630254,1783858724.7307224,-0.1321476846933365,-0.6937026381492615,-2.162440166883575,1783858724.7547688,-0.07066813415990456,-0.6980035220573828,-2.161841428743751,1783858724.755073,-0.028802958244121837,0.04842812118630425,-0.006181608675897898,1783858724.7551563,0.03354624455749074,-0.12291359572400973,1783858724.7379618,62.0,128.0,638.0,1783858724.73863,28055.162109375,nan,nan,42.58845901489258,nan
18.600592851638794,1783858724.8063927,BSMC,eight,optuna_t003_r01,1783858724.7958965,-0.12914852633891485,-0.6964132547654497,-2.1719302868572052,0.03536723871588459,-0.21062057015613195,1783858724.7803102,-0.13421067595481873,-0.6945530772209167,-2.179901117146703,1783858724.795416,-0.07169454806552411,-0.6995244238638983,-2.167064957678349,1783858724.7955031,-0.02696818108843112,0.04841197808663551,-0.011405137610495775,1783858724.7958317,0.03444448575111438,-0.12396047782319983,1783858724.7890418,62.0,121.0,614.0,1783858724.789544,28055.212890625,nan,nan,50.9710578918457,nan
18.64020347595215,1783858724.8460033,BSMC,eight,optuna_t003_r01,1783858724.7958965,-0.12914852633891485,-0.6964132547654497,-2.1719302868572052,0.03536723871588459,-0.21062057015613195,1783858724.8352873,-0.13552308082580566,-0.6959649324417114,-2.1856431837364982,1783858724.8349845,-0.07272653325303997,-0.7010365981405375,-2.1722202288995414,1783858724.835362,-0.028098191194068936,0.04914578577424547,-0.0002899420423361221,1783858724.8354585,0.034103138962868214,-0.11828634660242633,1783858724.8382852,15.0,115.0,614.0,1783858724.8386025,28055.26171875,nan,nan,49.45378112792969,nan
18.684840202331543,1783858724.89064,BSMC,eight,optuna_t003_r01,1783858724.846108,-0.13110600825139204,-0.697428827048494,-2.1844124638418623,0.032695518885223804,-0.21432302833208297,1783858724.8812516,-0.1381053328514099,-0.6975658535957336,-2.1997712223663273,1783858724.875915,-0.07377000370312357,-0.7025488589217826,-2.1773386898518607,1783858724.875523,-0.0288296677020677,0.04982451609530101,0.007073773990001531,1783858724.8760037,0.033923210190382684,-0.11414689765030833,1783858724.8382852,15.0,115.0,614.0,1783858724.8386025,28055.26171875,nan,nan,49.45378112792969,nan
18.720089435577393,1783858724.9258893,BSMC,eight,optuna_t003_r01,1783858724.8961513,-0.13314858175613106,-0.6985087948515192,-2.197990997911274,0.03048067389686658,-0.22084016008636045,1783858724.8812516,-0.1381053328514099,-0.6975658535957336,-2.1997712223663273,1783858724.9150794,-0.07482245246773331,-0.7040576301942298,-2.1824094152544733,1783858724.9151871,-0.02973742085747933,0.050481805951972034,0.015581582656800652,1783858724.9154572,0.03366431384948294,-0.10956152734610831,1783858724.8910787,15.0,121.0,605.0,1783858724.8911555,28055.3125,nan,nan,49.715057373046875,nan
18.760271787643433,1783858724.9660716,BSMC,eight,optuna_t003_r01,1783858724.9460864,-0.13514632048740685,-0.6996253415898424,-2.2066662368373464,0.031273673069774716,-0.2126461332335727,1783858724.9288206,-0.13949432969093323,-0.6982505917549133,-2.1999878015532968,1783858724.954593,-0.07588471254510973,-0.7055641968148907,-2.187437963934557,1783858724.9548903,-0.030416005334320963,0.05120619881218656,0.019228272902789282,1783858724.9549744,0.03350124828239419,-0.10694565877200363,1783858724.937857,93.0,134.0,568.0,1783858724.9381688,28055.361328125,nan,nan,49.84489822387695,nan
18.800930500030518,1783858725.0067303,BSMC,eight,optuna_t003_r01,1783858724.9969425,-0.1373589616934576,-0.7009327298706148,-2.214402306165239,0.03377878918491342,-0.20164708633743522,1783858724.9809287,-0.14194034039974213,-0.699612021446228,-2.207453926345097,1783858724.9954488,-0.0769782759278678,-0.7070986218203341,-2.1925248457509845,1783858724.996688,-0.02853203260992152,0.051237627193600165,0.01414139108636192,1783858724.9968066,0.03441964666762392,-0.1080240251151951,1783858724.9882643,117.0,140.0,602.0,1783858724.988626,28055.412109375,nan,nan,50.38236999511719,nan
18.840024948120117,1783858725.0458248,BSMC,eight,optuna_t003_r01,1783858724.9969425,-0.1373589616934576,-0.7009327298706148,-2.214402306165239,0.03377878918491342,-0.20164708633743522,1783858725.0332973,-0.14348489046096802,-0.7004418969154358,-2.2220305187216347,1783858725.0347838,-0.07804898666355053,-0.708585226177428,-2.197420848539354,1783858725.0361094,-0.02946944522053113,0.05203638761643725,0.0169814576258851,1783858725.0351315,0.03414425957482124,-0.10577025794836659,1783858725.0378387,93.0,134.0,623.0,1783858725.04008,28055.462890625,nan,nan,49.73704528808594,nan
18.879988431930542,1783858725.0857882,BSMC,eight,optuna_t003_r01,1783858725.0459807,-0.1394382390492882,-0.7020958179918337,-2.2239888052127346,0.035270822854518276,-0.1979136315438161,1783858725.0827944,-0.14657728374004364,-0.7022166848182678,-2.2344358725568045,1783858725.0749495,-0.07914355011516104,-0.7100893229826252,-2.202343061180817,1783858725.0754244,-0.030294554031363767,0.05274073977241641,0.021645744031917772,1783858725.0755637,0.03391361206533046,-0.1027976169577463,1783858725.0378387,93.0,134.0,623.0,1783858725.04008,28055.462890625,nan,nan,49.73704528808594,nan
18.9202401638031,1783858725.12604,BSMC,eight,optuna_t003_r01,1783858725.0964515,-0.14173858985984888,-0.703391166903612,-2.234840259393095,0.03557963582760076,-0.19770435584091964,1783858725.0827944,-0.14657728374004364,-0.7022166848182678,-2.2344358725568045,1783858725.1146247,-0.0802492677225391,-0.7115931827060685,-2.2072339092724262,1783858725.114929,-0.03143712950570115,0.05347818890511698,0.02760635012066892,1783858725.1150224,0.03354562091958603,-0.09930256329107072,1783858725.0882902,70.0,128.0,614.0,1783858725.0885992,28055.51171875,nan,nan,50.31774139404297,nan
18.9600727558136,1783858725.1658726,BSMC,eight,optuna_t003_r01,1783858725.1466143,-0.14383594117382775,-0.704523182266452,-2.2442651861722265,0.03529557435116011,-0.19382853220823826,1783858725.1299138,-0.14788374304771423,-0.7028157114982605,-2.241155067977133,1783858725.1552138,-0.08137886065105494,-0.7131138354083791,-2.2121492741455837,1783858725.1555688,-0.032239562511957996,0.05417837980108468,0.03211591202664277,1783858725.1556458,0.033320356349313275,-0.09641125346567615,1783858725.1381881,78.0,121.0,620.0,1783858725.1386642,28055.5625,nan,nan,49.888153076171875,nan
19.000008583068848,1783858725.2058084,BSMC,eight,optuna_t003_r01,1783858725.1963444,-0.1457468238115362,-0.7055265631682038,-2.252036748112286,0.03483746706067754,-0.18655008357875708,1783858725.1799762,-0.14909709990024567,-0.7035313844680786,-2.246903004239253,1783858725.1952834,-0.08249882497781069,-0.7146063326947326,-2.2169451709621195,1783858725.1957808,-0.030374409733870476,0.05423381767054563,0.027320015210106963,1783858725.1959324,0.034222158759404674,-0.09749835076181804,1783858725.1896024,78.0,121.0,626.0,1783858725.190172,28055.61328125,nan,nan,51.12916564941406,nan
19.04003930091858,1783858725.245839,BSMC,eight,optuna_t003_r01,1783858725.1963444,-0.1457468238115362,-0.7055265631682038,-2.252036748112286,0.03483746706067754,-0.18655008357875708,1783858725.2302694,-0.1503019481897354,-0.7043559551239014,-2.2480630054276713,1783858725.2352073,-0.08363679811362563,-0.7161077735390987,-2.2217423226564934,1783858725.23556,-0.03089482586376248,0.05491017246336089,0.030294425455792418,1783858725.2356544,0.034112535563854504,-0.09528638687516473,1783858725.2383797,31.0,134.0,640.0,1783858725.2407057,28055.662109375,nan,nan,49.076358795166016,nan
19.080172300338745,1783858725.285972,BSMC,eight,optuna_t003_r01,1783858725.2459836,-0.14746358110632724,-0.70640506033917,-2.2571342715531504,0.033388070315444746,-0.1753327281099721,1783858725.2797492,-0.15270504355430603,-0.7059282064437866,-2.261280434595434,1783858725.275601,-0.08478968307695471,-0.7176138448223506,-2.226527535274129,1783858725.2759614,-0.0310461861968903,0.05558586750617995,0.030606736279021437,1783858725.2765725,0.03415978256867424,-0.09418112286544916,1783858725.2383797,31.0,134.0,640.0,1783858725.2407057,28055.662109375,nan,nan,49.076358795166016,nan
19.120553731918335,1783858725.3263535,BSMC,eight,optuna_t003_r01,1783858725.2961097,-0.14928602643463998,-0.7073634038274499,-2.265240738992113,0.03162714226824975,-0.1742353795409737,1783858725.2797492,-0.15270504355430603,-0.7059282064437866,-2.261280434595434,1783858725.3158047,-0.08595858061103599,-0.7191258007032655,-2.231305478265477,1783858725.3161564,-0.03148860878739267,0.056188850241308826,0.03393526072663632,1783858725.3162522,0.034079106856360154,-0.0918657903093823,1783858725.2888815,15.0,134.0,620.0,1783858725.289192,28055.712890625,nan,nan,50.56625747680664,nan
19.16007137298584,1783858725.3658712,BSMC,eight,optuna_t003_r01,1783858725.3460088,-0.15114345703619822,-0.7084004298319644,-2.2717066188362036,0.032109688952236044,-0.16775633607673074,1783858725.330639,-0.15437713265419006,-0.7069811820983887,-2.265966089585346,1783858725.35479,-0.08709682296758565,-0.720583948246296,-2.2358896381232345,1783858725.3551555,-0.03199322826840918,0.056805306102833256,0.035816980712969126,1783858725.3552475,0.033968733698652984,-0.09018699915023562,1783858725.3387482,85.0,134.0,570.0,1783858725.3391037,28055.763671875,nan,nan,49.76397705078125,nan
19.200796127319336,1783858725.406596,BSMC,eight,optuna_t003_r01,1783858725.3960392,-0.153042594160632,-0.7096032224399255,-2.2756509002745484,0.0348867280059272,-0.1543204466286279,1783858725.3801055,-0.15576253831386566,-0.7081002593040466,-2.2667923069036156,1783858725.3950741,-0.08827213762034981,-0.7220753157066234,-2.2405550281155664,1783858725.395637,-0.030095466104884595,0.05686886871306944,0.031151590720637223,1783858725.3957512,0.034876292157310085,-0.09132459547191378,1783858725.3902671,132.0,147.0,618.0,1783858725.390703,28055.814453125,nan,nan,51.449092864990234,nan
19.240378856658936,1783858725.4461787,BSMC,eight,optuna_t003_r01,1783858725.3960392,-0.153042594160632,-0.7096032224399255,-2.2756509002745484,0.0348867280059272,-0.1543204466286279,1783858725.4304442,-0.15729700028896332,-0.7093515992164612,-2.2711584054310765,1783858725.4355845,-0.08947374423529146,-0.7235854436367206,-2.245256123170284,1783858725.4357045,-0.030537385256177798,0.05748016433642437,0.030394777104264307,1783858725.4358313,0.03479657522091365,-0.09074562163832073,1783858725.441325,117.0,153.0,647.0,1783858725.4416955,28055.865234375,nan,nan,51.004661560058594,nan
19.28065299987793,1783858725.4864528,BSMC,eight,optuna_t003_r01,1783858725.44626,-0.15494436933091663,-0.7108792351977653,-2.2791728614708067,0.0374871508641166,-0.1417092393986104,1783858725.4819949,-0.1599908024072647,-0.7108479738235474,-2.2802531650854814,1783858725.47483,-0.09064862342513141,-0.7250480724343039,-2.2497881948573153,1783858725.4753482,-0.031070838352592372,0.05804568799044331,0.029384666613491373,1783858725.4754543,0.0346737918267391,-0.09032350684156541,1783858725.441325,117.0,153.0,647.0,1783858725.4416955,28055.865234375,nan,nan,51.004661560058594,nan
19.32022714614868,1783858725.526027,BSMC,eight,optuna_t003_r01,1783858725.49615,-0.15700957231547805,-0.7121978791558323,-2.2844777031681844,0.038802620064579435,-0.1360726493053778,1783858725.4819949,-0.1599908024072647,-0.7108479738235474,-2.2802531650854814,1783858725.5152934,-0.09185600900849689,-0.7265372008021216,-2.25438188609836,1783858725.5156193,-0.03181098943329653,0.058640121999764275,0.03009581706982445,1783858725.5157747,0.03446193764165244,-0.0891880104569836,1783858725.4920866,93.0,147.0,612.0,1783858725.4925106,28055.916015625,nan,nan,50.86151885986328,nan
19.360250234603882,1783858725.56605,BSMC,eight,optuna_t003_r01,1783858725.5460246,-0.15884615773856958,-0.7133171950841967,-2.2896425167789736,0.03811285621917338,-0.1308071682763918,1783858725.5304735,-0.16114258766174316,-0.7115086913108826,-2.2853964628591172,1783858725.555272,-0.09308068330838334,-0.7280335451424721,-2.2589779165549437,1783858725.555724,-0.03223264407774683,0.059183825846446214,0.030664600224029837,1783858725.5558467,0.03438236411510726,-0.08813591274652059,1783858725.5402398,78.0,121.0,567.0,1783858725.5407615,28055.96484375,nan,nan,47.97977066040039,nan
19.400216579437256,1783858725.6060164,BSMC,eight,optuna_t003_r01,1783858725.597156,-0.16049592313277988,-0.714261069677495,-2.2944953593387933,0.03492945937574493,-0.12629463115848974,1783858725.579474,-0.16253961622714996,-0.7123941779136658,-2.2893489547073806,1783858725.5972722,-0.09431439714654857,-0.7295269210863372,-2.263545828810371,1783858725.5973425,-0.030296358788336124,0.05923878785338872,0.026096687968602428,1783858725.5974123,0.0352959097640161,-0.08933917712216334,1783858725.5945354,23.0,108.0,569.0,1783858725.595037,28056.017578125,nan,nan,54.42141342163086,nan
19.44031810760498,1783858725.646118,BSMC,eight,optuna_t003_r01,1783858725.597156,-0.16049592313277988,-0.714261069677495,-2.2944953593387933,0.03492945937574493,-0.12629463115848974,1783858725.6320736,-0.16383561491966248,-0.7133274078369141,-2.2972196883385347,1783858725.6352093,-0.09552819392594078,-0.730982790661364,-2.2679816103957844,1783858725.63577,-0.030488489561389463,0.05975678869568363,0.026513748943008952,1783858725.6358733,0.03530652564008142,-0.08841013203709516,1783858725.6401634,46.0,115.0,506.0,1783858725.6433353,28056.064453125,nan,nan,45.685874938964844,nan
19.48007893562317,1783858725.6858788,BSMC,eight,optuna_t003_r01,1783858725.6455986,-0.16196860230628968,-0.7150527788069486,-2.299921804206202,0.032568290920675584,-0.12473463802319565,1783858725.680079,-0.16675633192062378,-0.7147938013076782,-2.306139550814455,1783858725.674922,-0.09675970996879933,-0.7324466504998314,-2.272425264439904,1783858725.6752744,-0.030471711847353873,0.060218113466320985,0.027496539766298067,1783858725.6755002,0.03540259692147715,-0.08727038823536877,1783858725.6401634,46.0,115.0,506.0,1783858725.6433353,28056.064453125,nan,nan,45.685874938964844,nan
19.52030324935913,1783858725.726103,BSMC,eight,optuna_t003_r01,1783858725.696268,-0.16384163455136846,-0.716106164352502,-2.3068306781380743,0.03294879835522761,-0.1262846824602401,1783858725.680079,-0.16675633192062378,-0.7147938013076782,-2.306139550814455,1783858725.7152653,-0.09800891572732554,-0.7339182023819922,-2.2768764794557113,1783858725.7157013,-0.03099591069171613,0.060749231163206185,0.029954198682363046,1783858725.7153718,0.035268419040390714,-0.08551370547633573,1783858725.6995444,124.0,121.0,525.0,1783858725.6984239,28056.123046875,nan,nan,58.124393463134766,nan
19.5602605342865,1783858725.7660604,BSMC,eight,optuna_t003_r01,1783858725.746119,-0.16578220478609973,-0.7173162640632808,-2.311799549243209,0.035551329636168416,-0.11910860966289963,1783858725.7298133,-0.1683008074760437,-0.7159479260444641,-2.309095095299843,1783858725.7548172,-0.09926401201824536,-0.7353834740838113,-2.2812938269145877,1783858725.755378,-0.031571832519930926,0.06127245252444875,0.030505722328621143,1783858725.7556322,0.03511288035588715,-0.08457084649240292,1783858725.7398305,124.0,134.0,562.0,1783858725.740262,28056.1640625,nan,nan,41.6419563293457,nan
19.60056757926941,1783858725.8063674,BSMC,eight,optuna_t003_r01,1783858725.7960498,-0.1675617220258484,-0.7184292812923367,-2.317033404707925,0.03579439364413647,-0.11728513832007673,1783858725.7813993,-0.16967912018299103,-0.7170712947845459,-2.314357679582387,1783858725.795073,-0.10053120972871431,-0.736849730973445,-2.2857001485383828,1783858725.7955287,-0.02963464584904399,0.061327289610019105,0.026099400704826085,1783858725.7956676,0.036015491657870505,-0.08581397337164877,1783858725.7984126,124.0,140.0,585.0,1783858725.7987554,28056.22265625,nan,nan,58.74208450317383,nan
19.6401047706604,1783858725.8459046,BSMC,eight,optuna_t003_r01,1783858725.7960498,-0.1675617220258484,-0.7184292812923367,-2.317033404707925,0.03579439364413647,-0.11728513832007673,1783858725.8307583,-0.1716734617948532,-0.7181881666183472,-2.3167395762372966,1783858725.8348212,-0.1018025065157977,-0.738307751484235,-2.2900686859126926,1783858725.8354719,-0.03004691950328027,0.06177872311751738,0.026964718795232216,1783858725.8352423,0.03592396347853629,-0.08479218517616322,1783858725.840272,109.0,134.0,564.0,1783858725.8403678,28056.263671875,nan,nan,41.555023193359375,nan
19.68001675605774,1783858725.8858166,BSMC,eight,optuna_t003_r01,1783858725.8459764,-0.16956795227958277,-0.7197423664322421,-2.3207147546451026,0.038753631261184154,-0.10825001585403024,1783858725.880748,-0.17466609179973602,-0.7197667360305786,-2.324652307144715,1783858725.8761022,-0.10309359178708422,-0.7397754485195733,-2.294453949253867,1783858725.8756948,-0.03064843593964392,0.06229637513738617,0.026260805391235657,1783858725.8761992,0.035753730924552224,-0.08442486761387714,1783858725.840272,109.0,134.0,564.0,1783858725.8403678,28056.263671875,nan,nan,41.555023193359375,nan
19.72020983695984,1783858725.9260097,BSMC,eight,optuna_t003_r01,1783858725.8962088,-0.17158973408751887,-0.7209048601647614,-2.3262057277773014,0.03689542627500985,-0.10870193643825124,1783858725.880748,-0.17466609179973602,-0.7197667360305786,-2.324652307144715,1783858725.9149415,-0.10438489957690748,-0.7412305541645501,-2.298790292755586,1783858725.9152436,-0.031277824410104266,0.06285953641526794,0.027415435021715503,1783858725.9153218,0.03556673322493069,-0.08329062837232275,1783858725.8910656,31.0,121.0,567.0,1783858725.893016,28056.314453125,nan,nan,50.76596450805664,nan
19.760547637939453,1783858725.9663475,BSMC,eight,optuna_t003_r01,1783858725.9460151,-0.17345137511919767,-0.7219239007389151,-2.3319688135669785,0.03482483447866479,-0.11023506957390782,1783858725.9291568,-0.17620070278644562,-0.7206087708473206,-2.33063004408214,1783858725.9546447,-0.1056795977449311,-0.7426768524478722,-2.3030900821523903,1783858725.9554904,-0.03172128209766771,0.06338342902669152,0.028878731414588188,1783858725.9551709,0.03545470783942652,-0.0820534187462226,1783858725.940462,46.0,121.0,525.0,1783858725.9408226,28056.36328125,nan,nan,49.28074264526367,nan
19.800734281539917,1783858726.006534,BSMC,eight,optuna_t003_r01,1783858725.9959257,-0.17515775777911627,-0.7229059448836775,-2.3349123144005093,0.03497054991155965,-0.10368042353592223,1783858725.9805048,-0.17699314653873444,-0.7212105989456177,-2.3293165416903,1783858725.9949822,-0.10699128525480309,-0.7441294982884248,-2.3073992433158588,1783858725.995044,-0.029764762396573538,0.06343572358529313,0.02456957025111972,1783858725.9956348,0.03635440198230225,-0.08335236871918002,1783858725.9944916,140.0,140.0,532.0,1783858725.9951375,28056.41796875,nan,nan,53.99249267578125,nan
19.840365648269653,1783858726.0461655,BSMC,eight,optuna_t003_r01,1783858725.9959257,-0.17515775777911627,-0.7229059448836775,-2.3349123144005093,0.03497054991155965,-0.10368042353592223,1783858726.030319,-0.1781870722770691,-0.7222928404808044,-2.3375811225226006,1783858726.035074,-0.10830928294406143,-0.7455765839527305,-2.311683289700987,1783858726.0353847,-0.029884322147629434,0.06395000979944362,0.02322902469952215,1783858726.035471,0.03637772412590733,-0.0833264656610257,1783858726.040474,156.0,147.0,598.0,1783858726.040851,28056.46484375,nan,nan,46.34967803955078,nan
19.880068063735962,1783858726.085868,BSMC,eight,optuna_t003_r01,1783858726.0462198,-0.17702007269239015,-0.7241543301221253,-2.339334204544697,0.039098203761294525,-0.0984709594789828,1783858726.0811796,-0.1806565225124359,-0.7244375944137573,-2.3359408796951087,1783858726.0748801,-0.10963441386175574,-0.7470190708126463,-2.3159460013848263,1783858726.0753121,-0.03040065238126298,0.0643383533957548,0.02338820315987089,1783858726.0759203,0.036230768814325916,-0.08271487373148043,1783858726.040474,156.0,147.0,598.0,1783858726.040851,28056.46484375,nan,nan,46.34967803955078,nan
19.920146465301514,1783858726.1259463,BSMC,eight,optuna_t003_r01,1783858726.0962634,-0.1788961540931678,-0.7254607959328532,-2.3415409333623955,0.03938307924907166,-0.09151637775164996,1783858726.0811796,-0.1806565225124359,-0.7244375944137573,-2.3359408796951087,1783858726.114691,-0.11095999614611968,-0.7484498194189881,-2.3201672445230055,1783858726.1150103,-0.030836912048454197,0.06475261857846551,0.021373688839390056,1783858726.1150925,0.03611717091803604,-0.08303163581057241,1783858726.0976498,124.0,140.0,614.0,1783858726.0986536,28056.521484375,nan,nan,56.457218170166016,nan
19.960243463516235,1783858726.1660433,BSMC,eight,optuna_t003_r01,1783858726.1459835,-0.1808659849072942,-0.7269439117678823,-2.3418570266075207,0.04108987905861662,-0.07892253394228346,1783858726.130022,-0.1824473738670349,-0.7260689735412598,-2.3344514151628797,1783858726.154929,-0.11230808089498376,-0.7498925492436712,-2.3244178447119874,1783858726.1552343,-0.03131963463762327,0.0651606219332055,0.017439181895533284,1783858726.1556907,0.03598413892734603,-0.08417177192080859,1783858726.1411471,93.0,140.0,602.0,1783858726.1415126,28056.564453125,nan,nan,43.9246711730957,nan
20.000164270401,1783858726.205964,BSMC,eight,optuna_t003_r01,1783858726.1960602,-0.182554404710532,-0.7281265081025522,-2.3468380932450783,0.03964759559285164,-0.08323001752048166,1783858726.1803584,-0.18363502621650696,-0.7268206477165222,-2.3467892892121003,1783858726.1953237,-0.1136555155821669,-0.7513224135464125,-2.32862544639096,1783858726.1960244,-0.029355153879491166,0.06519074686319425,0.01323158021656079,1783858726.1961505,0.036873428431001824,-0.0855297294376216,1783858726.1918876,46.0,153.0,708.0,1783858726.1924236,28056.615234375,nan,nan,50.590179443359375,nan
20.040474891662598,1783858726.2462747,BSMC,eight,optuna_t003_r01,1783858726.1960602,-0.182554404710532,-0.7281265081025522,-2.3468380932450783,0.03964759559285164,-0.08323001752048166,1783858726.232863,-0.18585869669914246,-0.7282125949859619,-2.349915124019116,1783858726.234542,-0.1149985595723913,-0.7527357324114274,-2.3327802061132994,1783858726.2351067,-0.029756764996356246,0.06545182251369791,0.014057887131778912,1783858726.2346654,0.03676465782163936,-0.08473649951084207,1783858726.2412775,62.0,166.0,601.0,1783858726.2417016,28056.666015625,nan,nan,49.50896072387695,nan
20.080657720565796,1783858726.2864575,BSMC,eight,optuna_t003_r01,1783858726.2465641,-0.18435251739238911,-0.7293464231059381,-2.351290491623595,0.03898791180842066,-0.08623403919244597,1783858726.232863,-0.18585869669914246,-0.7282125949859619,-2.349915124019116,1783858726.2765985,-0.11639174329821703,-0.7541895011922465,-2.337050438870558,1783858726.277342,-0.030166638573403928,0.06577096062445131,0.014240052753036636,1783858726.2767441,0.03665241904215203,-0.08420658005905235,1783858726.2412775,62.0,166.0,601.0,1783858726.2417016,28056.666015625,nan,nan,49.50896072387695,nan
20.121023416519165,1783858726.3268232,BSMC,eight,optuna_t003_r01,1783858726.295984,-0.1859796966396868,-0.7303764306483955,-2.357469875532495,0.03927037305150967,-0.09179949867414597,1783858726.287402,-0.1868617981672287,-0.7286643981933594,-2.3595660283172912,1783858726.3151872,-0.11774964782340344,-0.7555946027521596,-2.3411752487634327,1783858726.3155525,-0.030498239683924722,0.06603902741492607,0.016294626769062234,1783858726.3156426,0.03656746407985582,-0.0829239386647688,1783858726.2931597,109.0,147.0,552.0,1783858726.2937675,28056.716796875,nan,nan,51.441688537597656,nan
20.16012930870056,1783858726.3659291,BSMC,eight,optuna_t003_r01,1783858726.3459198,-0.18782109128050228,-0.7315293702745358,-2.362476739467719,0.037859714331029796,-0.0924273408127524,1783858726.331957,-0.18977436423301697,-0.7304648160934448,-2.362106316548657,1783858726.35528,-0.11913016397652906,-0.7570113145272318,-2.3453325336247084,1783858726.3556638,-0.03097109596808515,0.066397019446003,0.017144205843010685,1783858726.355754,0.03642250227420868,-0.082142233765952,1783858726.3421006,78.0,102.0,520.0,1783858726.3423345,28056.765625,nan,nan,49.06618118286133,nan
20.200278759002686,1783858726.4060786,BSMC,eight,optuna_t003_r01,1783858726.3959334,-0.18951220010154896,-0.7325841007372383,-2.366802861513424,0.03471468318863526,-0.09037424853103669,1783858726.3824065,-0.19148719310760498,-0.7318235039710999,-2.3655665536572617,1783858726.3958728,-0.12053366686250606,-0.7584396395639559,-2.349523132764082,1783858726.3968966,-0.02896884101952467,0.0664271505336648,0.012953606703637098,1783858726.3971264,0.037316871270552505,-0.08357532300910284,1783858726.3923297,62.0,70.0,515.0,1783858726.3927517,28056.81640625,nan,nan,50.49946212768555,nan
20.24019193649292,1783858726.4459918,BSMC,eight,optuna_t003_r01,1783858726.3959334,-0.18951220010154896,-0.7325841007372383,-2.366802861513424,0.03471468318863526,-0.09037424853103669,1783858726.432753,-0.19291922450065613,-0.7329879403114319,-2.363787202167999,1783858726.4351306,-0.12191320016096788,-0.7598319996916407,-2.3536083244722605,1783858726.4355664,-0.029242388738972974,0.06676043357584482,0.013194537041163468,1783858726.4356434,0.037250806679965304,-0.08309224304340489,1783858726.4442432,62.0,70.0,570.0,1783858726.444651,28056.8671875,nan,nan,51.873008728027344,nan
20.280152320861816,1783858726.4859521,BSMC,eight,optuna_t003_r01,1783858726.4463632,-0.1910743548759512,-0.7335797754794595,-2.368711707851365,0.031621355015614444,-0.08210299308473216,1783858726.4809055,-0.1963982731103897,-0.7352797389030457,-2.3736706378878423,1783858726.4751353,-0.12329782650950628,-0.7612181525685495,-2.3576762519389147,1783858726.4756901,-0.02922423170879696,0.06710798735289858,0.011035455912450143,1783858726.4764307,0.03730610933522061,-0.08363849652882982,1783858726.4442432,62.0,70.0,570.0,1783858726.444651,28056.8671875,nan,nan,51.873008728027344,nan
20.320200204849243,1783858726.526,BSMC,eight,optuna_t003_r01,1783858726.495963,-0.19304548841113275,-0.734857621276887,-2.3734445594266043,0.031096837811627077,-0.08286547773491393,1783858726.4809055,-0.1963982731103897,-0.7352797389030457,-2.3736706378878423,1783858726.5148916,-0.12470980915458738,-0.7626201703785331,-2.3617925592255804,1783858726.5153027,-0.029857380624800204,0.06744672723194627,0.01165200020102386,1783858726.5154018,0.03708518869712446,-0.08302219729690509,1783858726.4918401,78.0,108.0,598.0,1783858726.492234,28056.916015625,nan,nan,47.71769332885742,nan
20.360037088394165,1783858726.565837,BSMC,eight,optuna_t003_r01,1783858726.5461159,-0.19500014692982193,-0.736106223191832,-2.377317043075048,0.0318039058855892,-0.08213512409771671,1783858726.5317848,-0.19796887040138245,-0.7361394762992859,-2.3757863516136757,1783858726.5552177,-0.12613177273841958,-0.7640205250137283,-2.3659066896598335,1783858726.5556211,-0.030397871264659405,0.06780877990753209,0.01141035341521457,1783858726.5557232,0.03690132529424213,-0.08277958043773834,1783858726.5466733,46.0,147.0,621.0,1783858726.5475883,28056.970703125,nan,nan,54.79475784301758,nan
20.40028667449951,1783858726.6060865,BSMC,eight,optuna_t003_r01,1783858726.5958247,-0.1969724412538024,-0.7373509202253034,-2.382445731161015,0.03263351617440501,-0.0879436039315958,1783858726.58167,-0.19992303848266602,-0.7373366355895996,-2.382011187510231,1783858726.5949857,-0.12754756602585798,-0.7654034417540935,-2.3699731181342134,1783858726.5953078,-0.02841883487929295,0.06782733600985814,0.00734392494083469,1783858726.595394,0.037772357348179124,-0.08425165391649592,1783858726.5921574,62.0,160.0,580.0,1783858726.5925548,28057.015625,nan,nan,45.543190002441406,nan
20.44011616706848,1783858726.645916,BSMC,eight,optuna_t003_r01,1783858726.5958247,-0.1969724412538024,-0.7373509202253034,-2.382445731161015,0.03263351617440501,-0.0879436039315958,1783858726.6300714,-0.2017134577035904,-0.7383379340171814,-2.3860225248715916,1783858726.6349473,-0.12897897586899365,-0.7667902612007358,-2.374055429683225,1783858726.6362207,-0.02906087187247629,0.0681560845274615,0.008390301477790185,1783858726.6352592,0.037540574977566965,-0.08350176774891305,1783858726.5921574,62.0,160.0,580.0,1783858726.5925548,28057.015625,nan,nan,45.543190002441406,nan
20.480747938156128,1783858726.6865478,BSMC,eight,optuna_t003_r01,1783858726.6460667,-0.19895138880326865,-0.7385831626618841,-2.387051999270093,0.03326041986003993,-0.08841118442274856,1783858726.6806674,-0.20513325929641724,-0.7402041554450989,-2.3941150194696417,1783858726.6748102,-0.1304057548012612,-0.7681614029274387,-2.378096811962909,1783858726.6751754,-0.029681670487671178,0.06850091003049047,0.00895518730718381,1783858726.6752691,0.03731522770045297,-0.0829694525986379,1783858726.6545107,140.0,160.0,568.0,1783858726.654909,28057.078125,nan,nan,62.22114944458008,nan
20.52048397064209,1783858726.7262838,BSMC,eight,optuna_t003_r01,1783858726.6961308,-0.20158548367115672,-0.7402835068788143,-2.392934257767384,0.03925757466823098,-0.09147660697074832,1783858726.6806674,-0.20513325929641724,-0.7402041554450989,-2.3941150194696417,1783858726.7152078,-0.1318599187133382,-0.7695475313886877,-2.3821885521091635,1783858726.715743,-0.031162388321485938,0.0688980630591482,0.010745705658220752,1783858726.7155497,0.036727006950675344,-0.08191696283783975,1783858726.6933558,124.0,147.0,578.0,1783858726.6941252,28057.1171875,nan,nan,39.017215728759766,nan
20.560402631759644,1783858726.7662024,BSMC,eight,optuna_t003_r01,1783858726.7462249,-0.2037122082456459,-0.7416249786471054,-2.3982078481757596,0.03984926352862376,-0.09273957558113848,1783858726.7299716,-0.20596669614315033,-0.7409300804138184,-2.398045706117533,1783858726.7555788,-0.13332021625000762,-0.7709281592799107,-2.386271162207516,1783858726.7559237,-0.03198940484477307,0.06921262103106647,0.011936685968243488,1783858726.7560055,0.03641052251253256,-0.08115187096333812,1783858726.7431746,93.0,134.0,567.0,1783858726.7437718,28057.16796875,nan,nan,49.7995719909668,nan
20.60018253326416,1783858726.8059824,BSMC,eight,optuna_t003_r01,1783858726.7957628,-0.2054788433410217,-0.7426857941013775,-2.4018045903442897,0.0391440055893771,-0.08948937461843923,1783858726.7802827,-0.20664077997207642,-0.7412615418434143,-2.3991858457880055,1783858726.795448,-0.13475592677162726,-0.7722746095885156,-2.390260441609656,1783858726.7963626,-0.03002120509291777,0.06923218815217168,0.007947406566103599,1783858726.7964647,0.03726509415806152,-0.0826715995768458,1783858726.7931826,93.0,121.0,543.0,1783858726.7935543,28057.216796875,nan,nan,49.96781921386719,nan
20.639979124069214,1783858726.845779,BSMC,eight,optuna_t003_r01,1783858726.7957628,-0.2054788433410217,-0.7426857941013775,-2.4018045903442897,0.0391440055893771,-0.08948937461843923,1783858726.8301966,-0.20756785571575165,-0.7415841817855835,-2.3981286299698805,1783858726.8352978,-0.13621864330500283,-0.7736353907120874,-2.3943008606578924,1783858726.8358028,-0.03029228215767233,0.06955020115768885,0.007503729686397342,1783858726.8369286,0.03717748499908807,-0.08263249375914404,1783858726.8437145,62.0,108.0,567.0,1783858726.8442793,28057.267578125,nan,nan,50.31642150878906,nan
20.68017888069153,1783858726.8859787,BSMC,eight,optuna_t003_r01,1783858726.8458307,-0.20698363373564455,-0.743512185219827,-2.403599137286195,0.036839863393464324,-0.0825242283878502,1783858726.8301966,-0.20756785571575165,-0.7415841817855835,-2.3981286299698805,1783858726.875516,-0.13768064762134355,-0.7749845647978969,-2.3983163574827646,1783858726.8759532,-0.03009696750655743,0.06991128025987176,0.005282779803430504,1783858726.8760524,0.03728337394010026,-0.08335614395357029,1783858726.8437145,62.0,108.0,567.0,1783858726.8442793,28057.267578125,nan,nan,50.31642150878906,nan
20.720322847366333,1783858726.9261227,BSMC,eight,optuna_t003_r01,1783858726.8956637,-0.20855636871281147,-0.7443308773680188,-2.4059615491843496,0.03442885712554256,-0.0788085671027209,1783858726.8864026,-0.20996594429016113,-0.7429559230804443,-2.4025443106344095,1783858726.914972,-0.13914731599761668,-0.7763271908143232,-2.402322733302646,1783858726.9153225,-0.02998909262615296,0.07029960879290059,0.003638815881703561,1783858726.915417,0.03734989134984264,-0.08384373358094262,1783858726.8941424,46.0,115.0,600.0,1783858726.8936195,28057.31640625,nan,nan,49.821861267089844,nan
20.760550022125244,1783858726.9663498,BSMC,eight,optuna_t003_r01,1783858726.9462042,-0.21032606520463365,-0.7453027553668652,-2.4113851414305993,0.034437699520178715,-0.08271740598919086,1783858726.9314523,-0.2120189219713211,-0.7440705895423889,-2.412580832750629,1783858726.955725,-0.1406585464519945,-0.7776993847751215,-2.4064290176934744,1783858726.9562805,-0.03029547214903983,0.07060657995847112,0.004956123737124951,1783858726.9563675,0.03724024637898957,-0.0831002467851631,1783858726.9439366,93.0,134.0,561.0,1783858726.9432368,28057.3671875,nan,nan,49.55911636352539,nan
20.800057888031006,1783858727.0058577,BSMC,eight,optuna_t003_r01,1783858726.9959073,-0.21217841459394843,-0.746319792729047,-2.41587106254439,0.036357323027095725,-0.08317050103084411,1783858726.9794824,-0.21371200680732727,-0.7448351979255676,-2.415336858608572,1783858726.9949777,-0.14210904458356646,-0.7790058504371201,-2.4103505260279747,1783858726.9952102,-0.028343354536326828,0.0706124264797481,0.0010346154026246168,1783858726.9952917,0.038074768012058086,-0.08467168673009703,1783858726.9938812,124.0,147.0,599.0,1783858726.994527,28057.41796875,nan,nan,50.75808334350586,nan
20.840123653411865,1783858727.0459235,BSMC,eight,optuna_t003_r01,1783858726.9959073,-0.21217841459394843,-0.746319792729047,-2.41587106254439,0.036357323027095725,-0.08317050103084411,1783858727.0303266,-0.21566219627857208,-0.7457879781723022,-2.417813453159325,1783858727.0353649,-0.1436117564129018,-0.780348544437727,-2.414393874322293,1783858727.0356903,-0.02870523590971762,0.07096021412266834,0.0014771882220974144,1783858727.0369415,0.037937061407639895,-0.08432314580810411,1783858727.0435238,124.0,147.0,567.0,1783858727.0449612,28057.466796875,nan,nan,49.95995330810547,nan
20.88024115562439,1783858727.086041,BSMC,eight,optuna_t003_r01,1783858727.0461802,-0.214137568074923,-0.7473933502818007,-2.4195835213364063,0.03847022770466345,-0.08123669781036383,1783858727.0807137,-0.21895480155944824,-0.7477197647094727,-2.4289783638716225,1783858727.0758295,-0.1450932719190979,-0.7816616649372109,-2.4183619831879914,1783858727.0759077,-0.02916860616354131,0.07134861340945393,0.001221538148414858,1783858727.0759797,0.037754249631371826,-0.08427928915741562,1783858727.0435238,124.0,147.0,567.0,1783858727.0449612,28057.466796875,nan,nan,49.95995330810547,nan
20.921497583389282,1783858727.1272974,BSMC,eight,optuna_t003_r01,1783858727.096214,-0.2163816350228675,-0.7486365035650226,-2.4260626528030276,0.03966058448838409,-0.08649702089430902,1783858727.0807137,-0.21895480155944824,-0.7477197647094727,-2.4289783638716225,1783858727.115147,-0.14660488111016132,-0.7829907013324242,-2.4223931177428764,1783858727.1163523,-0.030126746225752177,0.07170345495640516,0.003669535060151219,1783858727.115662,0.03736155696098761,-0.08310441779882385,1783858727.093628,109.0,134.0,579.0,1783858727.094023,28057.517578125,nan,nan,49.91455841064453,nan
20.96058750152588,1783858727.1663873,BSMC,eight,optuna_t003_r01,1783858727.1466684,-0.21842362624253414,-0.7497100706381027,-2.430410018783739,0.0384020532768213,-0.08653805195762561,1783858727.1294303,-0.22058160603046417,-0.7484757900238037,-2.4289838260629204,1783858727.1549478,-0.14809977567165025,-0.7842944755803857,-2.4263632349685125,1783858727.155401,-0.03070239375417392,0.07210331505618502,0.004046783815226718,1783858727.1557088,0.03712687089751096,-0.08281729600525484,1783858727.1440926,62.0,121.0,556.0,1783858727.1446671,28057.568359375,nan,nan,50.666648864746094,nan
21.000261545181274,1783858727.2060614,BSMC,eight,optuna_t003_r01,1783858727.195969,-0.22018600953279882,-0.7506178771790899,-2.4344948847423855,0.036154522649907955,-0.08694743826048792,1783858727.1794353,-0.22178274393081665,-0.7492895126342773,-2.432551042006243,1783858727.1960695,-0.14965097553869358,-0.7856363704533138,-2.4304666588819517,1783858727.197481,-0.02865132424419911,0.07210740684769262,-5.6640098212490386e-05,1783858727.1961908,0.037991187360453475,-0.08453817483092488,1783858727.1940937,46.0,121.0,593.0,1783858727.1944242,28057.6171875,nan,nan,50.11187744140625,nan
21.040239095687866,1783858727.246039,BSMC,eight,optuna_t003_r01,1783858727.195969,-0.22018600953279882,-0.7506178771790899,-2.4344948847423855,0.036154522649907955,-0.08694743826048792,1783858727.2327456,-0.22317492961883545,-0.7498334050178528,-2.4360753367856516,1783858727.235435,-0.15113858877419278,-0.7869128599472268,-2.4343873328717605,1783858727.235861,-0.028915019996440333,0.07244855903439897,0.00010755187062505556,1783858727.2359614,0.03788249381960438,-0.0843838558156523,1783858727.2455878,93.0,134.0,561.0,1783858727.2445235,28057.66796875,nan,nan,49.64653778076172,nan
21.08029532432556,1783858727.2860951,BSMC,eight,optuna_t003_r01,1783858727.2462373,-0.22192386639277625,-0.7514790211802874,-2.438094418370777,0.03621892541608845,-0.08497359584315406,1783858727.281469,-0.2259722352027893,-0.7511073350906372,-2.4412699905722954,1783858727.27607,-0.1526661576658887,-0.7882131501607446,-2.4383994789931878,1783858727.2764888,-0.029051896351031267,0.07281492819786471,-0.00030506062241064663,1783858727.2761993,0.03782460008190556,-0.08448415906022225,1783858727.2455878,93.0,134.0,561.0,1783858727.2445235,28057.66796875,nan,nan,49.64653778076172,nan
21.120147705078125,1783858727.3259475,BSMC,eight,optuna_t003_r01,1783858727.296377,-0.22394400695102173,-0.7524869889249772,-2.442324407737639,0.037424784412162584,-0.08462939213069609,1783858727.281469,-0.2259722352027893,-0.7511073350906372,-2.4412699905722954,1783858727.3149285,-0.15418998300417966,-0.789499775918285,-2.4423887927991212,1783858727.3152313,-0.02956011816490624,0.07322410581130624,-6.438506148231937e-05,1783858727.3154516,0.03760870055645253,-0.08431144695041487,1783858727.2953563,124.0,147.0,581.0,1783858727.2949576,28057.71875,nan,nan,50.550655364990234,nan
21.1605064868927,1783858727.3663063,BSMC,eight,optuna_t003_r01,1783858727.3462503,-0.22597141153301545,-0.7535685173037401,-2.4459924078887982,0.039283803049309944,-0.08247402331570163,1783858727.328875,-0.22752290964126587,-0.7520754337310791,-2.443926985728315,1783858727.3549323,-0.1557160945070299,-0.7907779465542103,-2.4463720306400654,1783858727.355693,-0.030087314512434845,0.07358739498716686,-0.000379622751267128,1783858727.355442,0.03738246915479411,-0.08439992067379964,1783858727.3445296,124.0,147.0,566.0,1783858727.3448963,28057.767578125,nan,nan,50.15188217163086,nan
21.200345516204834,1783858727.4061453,BSMC,eight,optuna_t003_r01,1783858727.396058,-0.22791087401913454,-0.7545881071189314,-2.4503246771619893,0.039465266886804524,-0.08306450057175667,1783858727.3793976,-0.22926828265190125,-0.7530657052993774,-2.44938160727054,1783858727.3972988,-0.15726150270119138,-0.7920617890693815,-2.450394287499665,1783858727.3949,-0.028078206495728012,0.07358259211854634,-0.00440187961086691,1783858727.3973804,0.0382161890860123,-0.08616170254062684,1783858727.3967278,109.0,134.0,570.0,1783858727.3945522,28057.818359375,nan,nan,49.830177307128906,nan
21.240659952163696,1783858727.4464598,BSMC,eight,optuna_t003_r01,1783858727.396058,-0.22791087401913454,-0.7545881071189314,-2.4503246771619893,0.039465266886804524,-0.08306450057175667,1783858727.4295394,-0.23108921945095062,-0.7539535164833069,-2.4530429015341455,1783858727.4351594,-0.15880700530740222,-0.7933352517874693,-2.4544063151889826,1783858727.4354944,-0.02853839570070999,0.07390700820438235,-0.0040816380269932395,1783858727.4356322,0.03801326468414236,-0.08601714725861508,1783858727.4459646,78.0,108.0,545.0,1783858727.3945522,28057.818359375,nan,nan,49.830177307128906,nan
21.280232191085815,1783858727.486032,BSMC,eight,optuna_t003_r01,1783858727.446617,-0.22989741669249356,-0.7556294082819116,-2.4543607393225306,0.04013832428258537,-0.08197010411020664,1783858727.4800951,-0.23441791534423828,-0.7556636929512024,-2.4593221118521154,1783858727.4755373,-0.16035858467712805,-0.7946032968145151,-2.4584245160421307,1783858727.4760025,-0.029028838279057036,0.0742424386290037,-0.004063776719600121,1783858727.475651,0.03779518250615089,-0.08601377694817808,1783858727.4459646,78.0,108.0,545.0,1783858727.4467895,28057.869140625,nan,nan,51.280067443847656,nan
21.320270776748657,1783858727.5260706,BSMC,eight,optuna_t003_r01,1783858727.4964225,-0.23176730767150397,-0.7564782815202046,-2.4592674845537097,0.03467779459881203,-0.08410252441731318,1783858727.4800951,-0.23441791534423828,-0.7556636929512024,-2.4593221118521154,1783858727.5150084,-0.16190869552523185,-0.795859802954875,-2.4624302253814485,1783858727.5153804,-0.029383907170814915,0.07461712887058586,-0.0031627408277388196,1783858727.515464,0.037631648464898415,-0.08564023809633646,1783858727.4943197,15.0,89.0,561.0,1783858727.494644,28057.91796875,nan,nan,48.662864685058594,nan
21.360410451889038,1783858727.5662103,BSMC,eight,optuna_t003_r01,1783858727.5460777,-0.2337098578671856,-0.7574206844390524,-2.4634768345199247,0.03504797227306857,-0.08420411040917732,1783858727.5309014,-0.23576553165912628,-0.7562922239303589,-2.462345874216698,1783858727.5551083,-0.16345601554138328,-0.7971038286478956,-2.466420960776095,1783858727.5556192,-0.029816307387503203,0.07497561009830105,-0.002944126256170243,1783858727.5557158,0.037433280747226544,-0.0855749629886582,1783858727.5445116,31.0,108.0,552.0,1783858727.5448885,28057.96875,nan,nan,50.10197830200195,nan
21.400625944137573,1783858727.6064258,BSMC,eight,optuna_t003_r01,1783858727.5959725,-0.2353037695468983,-0.7580946093621234,-2.467503351744921,0.03191113085964525,-0.08475795508648755,1783858727.5804698,-0.237208291888237,-0.7569478750228882,-2.46564561763159,1783858727.5965428,-0.1650333448719613,-0.7983615604427506,-2.4704820246557304,1783858727.5966704,-0.027798943664749637,0.07496557540803298,-0.0070051901358056945,1783858727.5968225,0.03825779271649408,-0.08742697146599168,1783858727.5970135,124.0,140.0,573.0,1783858727.5958543,28058.01953125,nan,nan,50.879615783691406,nan
21.44015097618103,1783858727.6459508,BSMC,eight,optuna_t003_r01,1783858727.5959725,-0.2353037695468983,-0.7580946093621234,-2.467503351744921,0.03191113085964525,-0.08475795508648755,1783858727.6309283,-0.23865735530853271,-0.7577605247497559,-2.469968573346814,1783858727.6348453,-0.1665782868425971,-0.7995833493479606,-2.4744536607140852,1783858727.6349206,-0.027796857459345372,0.0753116341207416,-0.006950308969164265,1783858727.6352136,0.03823690383273954,-0.08746195515944595,1783858727.645645,156.0,166.0,624.0,1783858727.5958543,28058.01953125,nan,nan,50.879615783691406,nan
21.480091333389282,1783858727.6858912,BSMC,eight,optuna_t003_r01,1783858727.646702,-0.23713940401045777,-0.7590037563999775,-2.4715387072911765,0.03323179488987345,-0.08380889769460002,1783858727.682047,-0.24236340820789337,-0.7597204446792603,-2.4752566426161313,1783858727.6757107,-0.16815583139582171,-0.8008206694831856,-2.4785038263245993,1783858727.6757905,-0.02809902257809103,0.07561635035257441,-0.006965119033422784,1783858727.6758668,0.038085706400309956,-0.08755266255387349,1783858727.645645,156.0,166.0,624.0,1783858727.646119,28058.0703125,nan,nan,50.160118103027344,nan
21.52016019821167,1783858727.72596,BSMC,eight,optuna_t003_r01,1783858727.6965058,-0.23981343324421467,-0.7604889763285847,-2.4757724043855664,0.04110817602195876,-0.08232069601565176,1783858727.682047,-0.24236340820789337,-0.7597204446792603,-2.4752566426161313,1783858727.714834,-0.1697247762021499,-0.8020410468739773,-2.4825274917461218,1783858727.7151432,-0.029451550780317665,0.0759710508628374,-0.006755087360555302,1783858727.7152178,0.03749223849407694,-0.0875505687391985,1783858727.6952147,140.0,172.0,630.0,1783858727.6957085,28058.119140625,nan,nan,49.60858154296875,nan
21.56031322479248,1783858727.766113,BSMC,eight,optuna_t003_r01,1783858727.7464364,-0.24205287030649691,-0.7616420048498436,-2.4789180537340347,0.0415183987853037,-0.07987195982402945,1783858727.7319274,-0.2441161423921585,-0.7605838179588318,-2.476309957611957,1783858727.7549314,-0.1713024216468359,-0.8032580116785649,-2.4865698958719635,1783858727.755502,-0.03017277072985871,0.07633558748313196,-0.007651842137928799,1783858727.7558126,0.03716049332250894,-0.08803216204305059,1783858727.7461162,62.0,147.0,546.0,1783858727.7465515,28058.169921875,nan,nan,50.741294860839844,nan
21.60026264190674,1783858727.8060625,BSMC,eight,optuna_t003_r01,1783858727.7959003,-0.24409765972630512,-0.7626453226879395,-2.4839832261093515,0.04139840255605737,-0.0835710818410568,1783858727.785651,-0.2456522285938263,-0.761315107345581,-2.4847210987139587,1783858727.7950773,-0.17288829941384534,-0.8044711102389203,-2.4906306508505462,1783858727.7954059,-0.028176213002147017,0.07631625748194748,-0.011712597116511514,1783858727.7956285,0.03796359825671976,-0.08995557278572613,1783858727.7999396,46.0,121.0,567.0,1783858727.8010771,28058.224609375,nan,nan,54.097679138183594,nan
21.640780687332153,1783858727.8465805,BSMC,eight,optuna_t003_r01,1783858727.7959003,-0.24409765972630512,-0.7626453226879395,-2.4839832261093515,0.04139840255605737,-0.0835710818410568,1783858727.8339252,-0.24676917493343353,-0.7621036171913147,-2.4838404755196675,1783858727.8355598,-0.17448254126785703,-0.8056803523435057,-2.4947109229925597,1783858727.835856,-0.02879312694937945,0.07661092830605917,-0.010727696883208182,1783858727.8359222,0.037671512841817675,-0.08968286959995433,1783858727.7999396,46.0,121.0,567.0,1783858727.8010771,28058.224609375,nan,nan,54.097679138183594,nan
21.679923057556152,1783858727.8857229,BSMC,eight,optuna_t003_r01,1783858727.8468792,-0.24582789608462352,-0.763499915379096,-2.4870684214955334,0.03885159384056567,-0.08163917993403294,1783858727.884386,-0.24904850125312805,-0.7629162669181824,-2.4910867105919734,1783858727.8750045,-0.17606716240050743,-0.8068721747931303,-2.4987655416288583,1783858727.8758185,-0.028939571904109264,0.07687791639236426,-0.011697120133324912,1783858727.8753898,0.037573433088524996,-0.09025924583586029,1783858727.8492873,124.0,134.0,559.0,1783858727.849892,28058.2734375,nan,nan,49.41744613647461,nan
21.72009015083313,1783858727.92589,BSMC,eight,optuna_t003_r01,1783858727.8966901,-0.2477342128528874,-0.764389319258461,-2.4913295170840093,0.03890424077767124,-0.08181955528045423,1783858727.884386,-0.24904850125312805,-0.7629162669181824,-2.4910867105919734,1783858727.915183,-0.17766391359164585,-0.8080629765371372,-2.5028510150015846,1783858727.9157372,-0.02933081815081658,0.07718120422265351,-0.011521497917575285,1783858727.916096,0.03737086142798501,-0.09035784794762805,1783858727.8955626,140.0,147.0,577.0,1783858727.8964286,28058.3203125,nan,nan,46.19883346557617,nan
21.76098132133484,1783858727.9667811,BSMC,eight,optuna_t003_r01,1783858727.9463193,-0.2495856034216489,-0.7653095399338082,-2.4943658843959224,0.040286247885901565,-0.07820294659422067,1783858727.9336386,-0.2500975430011749,-0.7635361552238464,-2.4922487645799314,1783858727.9549766,-0.17924975433105586,-0.8092356234986744,-2.5069092313055665,1783858727.9554656,-0.029624670767139698,0.07745328505996929,-0.012543346909644093,1783858727.9559007,0.037206423744946204,-0.09098381249779916,1783858727.9516249,109.0,140.0,559.0,1783858727.9508667,28058.375,nan,nan,55.25417709350586,nan
21.800223350524902,1783858728.0060232,BSMC,eight,optuna_t003_r01,1783858728.0001702,-0.2515544739601772,-0.7663033219879599,-2.495370365293042,0.04079076818909864,-0.06947394860582833,1783858727.9818692,-0.25188732147216797,-0.7642918825149536,-2.4890966704745328,1783858727.9952712,-0.180859448124079,-0.8104157572075837,-2.5110300118914157,1783858727.9957483,-0.027628930240325124,0.07742414011476,-0.016664127495493286,1783858727.9958532,0.0379962436868725,-0.09300571559320282,1783858728.0056984,109.0,128.0,545.0,1783858727.9508667,28058.375,nan,nan,55.25417709350586,nan
21.840604782104492,1783858728.0464046,BSMC,eight,optuna_t003_r01,1783858728.0001702,-0.2515544739601772,-0.7663033219879599,-2.495370365293042,0.04079076818909864,-0.06947394860582833,1783858728.0330832,-0.25404998660087585,-0.765620768070221,-2.5883385652220645,1783858728.035795,-0.1824957343496279,-0.8116049631909046,-2.515221321013685,1783858728.036169,-0.027854531461693123,0.07775264168713199,-0.019850955720642993,1783858728.0362635,0.03785224148738092,-0.09457281247249524,1783858728.0056984,109.0,128.0,545.0,1783858728.006189,28058.4296875,nan,nan,54.791893005371094,nan
21.880336046218872,1783858728.0861359,BSMC,eight,optuna_t003_r01,1783858728.046031,-0.25336346519798,-0.7670579145987046,-2.5334420808243676,0.04069016814520611,-0.1590761865010868,1783858728.0814722,-0.2583625316619873,-0.767409086227417,-2.507942528992921,1783858728.0762753,-0.18407419093717,-0.8127422343599895,-2.5192676758013417,1783858728.0763657,-0.030764365915557364,0.07708186809785267,0.014174405023025916,1783858728.0764542,0.036590480375412265,-0.08060408897704854,1783858728.0533671,46.0,121.0,577.0,1783858728.0521414,28058.4765625,nan,nan,46.3738899230957,nan
21.920876026153564,1783858728.1266758,BSMC,eight,optuna_t003_r01,1783858728.096203,-0.2555935472455971,-0.7680736252803367,-2.5290808101641455,0.038924691441413785,-0.12627955993065337,1783858728.0814722,-0.2583625316619873,-0.767409086227417,-2.507942528992921,1783858728.1148212,-0.18566836977095913,-0.8138810094470819,-2.523358319319634,1783858728.1151822,-0.03087744690363896,0.07768159474272102,0.005722490844511707,1783858728.1154475,0.03649749609830805,-0.08436875221399304,1783858728.0961947,46.0,128.0,533.0,1783858728.0965538,28058.51953125,nan,nan,44.25099182128906,nan
21.960416555404663,1783858728.1662164,BSMC,eight,optuna_t003_r01,1783858728.1465352,-0.25766482604802227,-0.7689930888842109,-2.527683933318378,0.03696680486613672,-0.10673589179921614,1783858728.1321986,-0.26015275716781616,-0.7682346105575562,-2.513711650351931,1783858728.155026,-0.18729749527935324,-0.8150345972049319,-2.527543617773665,1783858728.1552331,-0.03099545127369816,0.07817073447457235,0.00014031554471261032,1783858728.1555865,0.036395779071015294,-0.08696146151751682,1783858728.1540332,124.0,134.0,579.0,1783858728.1545386,28058.578125,nan,nan,57.81949996948242,nan
22.000218629837036,1783858728.2060184,BSMC,eight,optuna_t003_r01,1783858728.1959393,-0.2597098812735859,-0.769986353131089,-2.5230948765037278,0.03754641078977509,-0.08064463747058669,1783858728.180606,-0.26147302985191345,-0.7690560221672058,-2.5062477891353545,1783858728.1953013,-0.18890901723230186,-0.8161656706476131,-2.5316894878961507,1783858728.1958723,-0.02902661514994284,0.07816693245270581,-0.004005554577772852,1783858728.195979,0.03716576816082836,-0.08906120660983029,1783858728.1975527,124.0,147.0,564.0,1783858728.1972837,28058.62109375,nan,nan,43.37464141845703,nan
22.040013790130615,1783858728.2458136,BSMC,eight,optuna_t003_r01,1783858728.1959393,-0.2597098812735859,-0.769986353131089,-2.5230948765037278,0.03754641078977509,-0.08064463747058669,1783858728.2314866,-0.26334214210510254,-0.7693057060241699,-2.514426914501227,1783858728.2357087,-0.19053427834161063,-0.8172963083668834,-2.535877390898002,1783858728.2360766,-0.028929974918941555,0.07865464040096165,-0.012782514394274358,1783858728.2361624,0.03714528358643286,-0.09302643187774796,1783858728.1975527,124.0,147.0,564.0,1783858728.1972837,28058.62109375,nan,nan,43.37464141845703,nan
22.080292224884033,1783858728.286092,BSMC,eight,optuna_t003_r01,1783858728.2464397,-0.2618445880761738,-0.7709188232672546,-2.5225703973827236,0.03902914903838807,-0.06835904475950647,1783858728.2816112,-0.26715201139450073,-0.7711716890335083,-2.5240297305231385,1783858728.2750983,-0.19213742427897507,-0.8184016859196303,-2.5400157141824624,1783858728.2751794,-0.029221318289588877,0.07911905894114515,-0.01744531679973882,1783858728.2752585,0.03696101478665075,-0.09526554337260984,1783858728.2571588,124.0,147.0,579.0,1783858728.257775,28058.6796875,nan,nan,59.35820770263672,nan
22.120278358459473,1783858728.3260782,BSMC,eight,optuna_t003_r01,1783858728.2960362,-0.26437610960211627,-0.7720710160878824,-2.5255053771718545,0.04103230859608565,-0.06675990814491874,1783858728.2816112,-0.26715201139450073,-0.7711716890335083,-2.5240297305231385,1783858728.315085,-0.19376992860790898,-0.8195172663616651,-2.544238225408031,1783858728.3153946,-0.030208290238117486,0.07952256698899274,-0.018732848236176377,1783858728.3154833,0.036484317499470446,-0.09611402916447409,1783858728.2986138,109.0,128.0,523.0,1783858728.2978044,28058.720703125,nan,nan,40.54442596435547,nan
22.160082817077637,1783858728.3658826,BSMC,eight,optuna_t003_r01,1783858728.3465292,-0.2666569142915555,-0.7731658521977555,-2.5268484429390727,0.0413977497688127,-0.06107087199070412,1783858728.331249,-0.26854315400123596,-0.7721641659736633,-2.52288856345004,1783858728.355033,-0.19539401333917272,-0.820617076960894,-2.54844821607176,1783858728.3554637,-0.030848686288526623,0.07986475028410897,-0.02159977313268735,1783858728.3555915,0.036149338710192665,-0.09765318314759422,1783858728.3495166,31.0,108.0,559.0,1783858728.349866,28058.7734375,nan,nan,52.1838264465332,nan
22.20049738883972,1783858728.4062972,BSMC,eight,optuna_t003_r01,1783858728.3964312,-0.26856872762049816,-0.7739357903239705,-2.5295177245180063,0.03837046053219813,-0.06102891934430309,1783858728.3797882,-0.27031776309013367,-0.7725952863693237,-2.527618325806538,1783858728.3951478,-0.1970223301380452,-0.8217097582319287,-2.5526792935239158,1783858728.3954983,-0.028888276635092167,0.07981825352850899,-0.025830850584843024,1783858728.39575,0.036899902485166974,-0.09986376387825786,1783858728.3979573,31.0,108.0,549.0,1783858728.397624,28058.822265625,nan,nan,47.96010971069336,nan
22.24000835418701,1783858728.4458082,BSMC,eight,optuna_t003_r01,1783858728.3964312,-0.26856872762049816,-0.7739357903239705,-2.5295177245180063,0.03837046053219813,-0.06102891934430309,1783858728.430521,-0.27139028906822205,-0.7733141779899597,-2.523706139433245,1783858728.4358833,-0.1986811370849848,-0.8228126416900173,-2.5570008894895153,1783858728.4359765,-0.029117006475868137,0.08015872905805368,-0.027483164971509044,1783858728.4362998,0.036732418432393416,-0.10092813072574736,1783858728.3979573,31.0,108.0,549.0,1783858728.397624,28058.822265625,nan,nan,47.96010971069336,nan
22.279969930648804,1783858728.4857697,BSMC,eight,optuna_t003_r01,1783858728.446146,-0.27015684409259993,-0.7745793105845363,-2.5296612638282747,0.03486786796792809,-0.05512842861039099,1783858728.480231,-0.2746586799621582,-0.7746772170066833,-2.535371127040641,1783858728.4752648,-0.20028554255322328,-0.8238695349496789,-2.5611924359015386,1783858728.475682,-0.02887771701653311,0.08048355395163426,-0.031531172073263836,1783858728.4753888,0.03675759280787374,-0.10300147514056962,1783858728.4518735,124.0,128.0,571.0,1783858728.4522016,28058.875,nan,nan,54.43739318847656,nan
22.32111430168152,1783858728.5269141,BSMC,eight,optuna_t003_r01,1783858728.4963872,-0.2723194926904163,-0.7755265067401625,-2.5339170291747544,0.035507231752418544,-0.05895215872158804,1783858728.480231,-0.2746586799621582,-0.7746772170066833,-2.535371127040641,1783858728.515435,-0.20193394476704013,-0.8249453806679085,-2.565511748017272,1783858728.5159638,-0.029568704382449313,0.08075916157256494,-0.03159471884251763,1783858728.5160697,0.0363946599071626,-0.10343829776055263,1783858728.4995914,124.0,147.0,596.0,1783858728.5006018,28058.923828125,nan,nan,47.46940231323242,nan
22.360527992248535,1783858728.5663278,BSMC,eight,optuna_t003_r01,1783858728.5463545,-0.2745554718789609,-0.7765177389844115,-2.53659948808926,0.03752682202915148,-0.05808654163930113,1783858728.5303676,-0.27653536200523376,-0.7754031419754028,-2.5353679218332656,1783858728.555736,-0.20356108808320791,-0.8259974063984266,-2.5697889536238256,1783858728.5553224,-0.030251425334598653,0.08107583661711684,-0.0331894655345657,1783858728.5558276,0.03603164142012076,-0.10451776109619557,1783858728.5473673,109.0,147.0,591.0,1783858728.547712,28058.970703125,nan,nan,47.859703063964844,nan
22.400187969207764,1783858728.6059878,BSMC,eight,optuna_t003_r01,1783858728.5961232,-0.27675461406826135,-0.7775171366409639,-2.5397396748666066,0.039106191113066666,-0.058855952262536634,1783858728.581117,-0.2784806489944458,-0.7764350771903992,-2.539362423667034,1783858728.5951874,-0.20521400212893373,-0.8270560007295583,-2.574148611230628,1783858728.5955482,-0.028289811280696037,0.08100643125713852,-0.03754912314136804,1783858728.595645,0.03676853171308596,-0.10685955340574377,1783858728.5979407,109.0,134.0,586.0,1783858728.5975626,28059.021484375,nan,nan,50.261783599853516,nan
22.440495252609253,1783858728.646295,BSMC,eight,optuna_t003_r01,1783858728.5961232,-0.27675461406826135,-0.7775171366409639,-2.5397396748666066,0.039106191113066666,-0.058855952262536634,1783858728.6293523,-0.28018346428871155,-0.7771685719490051,-2.547350609479395,1783858728.6362174,-0.20688867727436502,-0.8281181788406924,-2.578581692690141,1783858728.63631,-0.02894081409808379,0.0812658838328088,-0.03884201782353447,1783858728.6366348,0.03641251282761656,-0.10786787195404171,1783858728.5979407,109.0,134.0,586.0,1783858728.5975626,28059.021484375,nan,nan,50.261783599853516,nan
22.480443000793457,1783858728.6862428,BSMC,eight,optuna_t003_r01,1783858728.6464283,-0.2788830701500804,-0.7784735164654346,-2.544854286745873,0.039841375806495015,-0.0642255031427451,1783858728.6825387,-0.2833777964115143,-0.7785198092460632,-2.5501499323002355,1783858728.6749215,-0.20849104340717,-0.8291247568678219,-2.582839320186805,1783858728.675585,-0.029763035787708076,0.08145395806205279,-0.03798503344093174,1783858728.6760674,0.03599023551058545,-0.10798525977813915,1783858728.64745,62.0,128.0,581.0,1783858728.6477509,28059.0703125,nan,nan,49.85390090942383,nan
22.52023148536682,1783858728.7260313,BSMC,eight,optuna_t003_r01,1783858728.6969712,-0.2810996758143046,-0.7794135253483955,-2.5493203215651676,0.038938805873362604,-0.06805598049326754,1783858728.6825387,-0.2833777964115143,-0.7785198092460632,-2.5501499323002355,1783858728.7150202,-0.2101333151158377,-0.8301465376508144,-2.587220042225326,1783858728.7153144,-0.03055737511447036,0.08170868811929272,-0.037899720660158565,1783858728.7161152,0.03557422020210121,-0.10844020927180434,1783858728.699174,46.0,128.0,581.0,1783858728.6985607,28059.123046875,nan,nan,51.06402587890625,nan
22.560638666152954,1783858728.7664385,BSMC,eight,optuna_t003_r01,1783858728.7459917,-0.28295579261527315,-0.7801702589423514,-2.5536999917575782,0.0369372214745831,-0.07209584034638862,1783858728.7300336,-0.28450101613998413,-0.7790622711181641,-2.5538773928462266,1783858728.7554173,-0.2118052659589478,-0.8311765395545887,-2.5916985828093044,1783858728.7559404,-0.03091662759183744,0.08190360336221111,-0.037998591051726205,1783858728.7560296,0.03533662538094966,-0.10901151012010575,1783858728.749114,93.0,134.0,574.0,1783858728.7492368,28059.171875,nan,nan,49.87993621826172,nan
22.60019063949585,1783858728.8059905,BSMC,eight,optuna_t003_r01,1783858728.7964587,-0.28482754746822436,-0.7808956595072852,-2.5571198014256944,0.03650867866657259,-0.07214986776270825,1783858728.7792869,-0.2859134376049042,-0.7793020606040955,-2.5553772895337477,1783858728.7951205,-0.21343077334085492,-0.8321680323479341,-2.596071645354521,1783858728.79556,-0.029014134028503568,0.08182711513198171,-0.04237165359694295,1783858728.7958496,0.03603899606438289,-0.11142085365296898,1783858728.7975707,124.0,147.0,613.0,1783858728.7978165,28059.22265625,nan,nan,49.538631439208984,nan
22.640088319778442,1783858728.8458881,BSMC,eight,optuna_t003_r01,1783858728.7964587,-0.28482754746822436,-0.7808956595072852,-2.5571198014256944,0.03650867866657259,-0.07214986776270825,1783858728.831031,-0.28730854392051697,-0.7799480557441711,-2.554378555472992,1783858728.836411,-0.2151085729972115,-0.8331811971332799,-2.6006058878136202,1783858728.836034,-0.02929677947536406,0.0820744269459186,-0.04348608638792584,1783858728.8365,0.03582701616664206,-0.11243724001257369,1783858728.7975707,124.0,147.0,613.0,1783858728.7978165,28059.22265625,nan,nan,49.538631439208984,nan
22.68002223968506,1783858728.885822,BSMC,eight,optuna_t003_r01,1783858728.8461695,-0.28670704054387336,-0.7816667370136531,-2.5586192959756398,0.0378051392921013,-0.06672587391428667,1783858728.8808105,-0.29123440384864807,-0.7813725471496582,-2.567113236940445,1783858728.8763363,-0.21673450839671402,-0.8341531410854882,-2.6050207335817013,1783858728.8758075,-0.029520915363788227,0.08233767924566038,-0.046401437606061524,1783858728.8765047,0.035636435281862125,-0.11419523777538045,1783858728.8483083,124.0,160.0,613.0,1783858728.848602,28059.271484375,nan,nan,50.67109680175781,nan
22.72018265724182,1783858728.9259825,BSMC,eight,optuna_t003_r01,1783858728.8960412,-0.289140071113318,-0.782655935977392,-2.5643395852802975,0.04020959121818334,-0.07286484264177125,1783858728.8808105,-0.29123440384864807,-0.7813725471496582,-2.567113236940445,1783858728.9153688,-0.2184095768070032,-0.835144268627595,-2.6095913048835304,1783858728.9158297,-0.030625518350311767,0.08258271922738267,-0.04525171960323294,1783858728.9159145,0.03508098800197723,-0.1143034049228491,1783858728.9000673,124.0,160.0,587.0,1783858728.9004936,28059.32421875,nan,nan,51.73678970336914,nan
22.76012873649597,1783858728.9659286,BSMC,eight,optuna_t003_r01,1783858728.946885,-0.29155681871951983,-0.7836973034616599,-2.5681140230643087,0.042246414824374995,-0.07301128018942397,1783858728.9300172,-0.29314517974853516,-0.782382071018219,-2.567136418354938,1783858728.9550567,-0.220046092610475,-0.8361026039094316,-2.614079476004264,1783858728.9557333,-0.03163746184222951,0.08282010910307663,-0.04596545293995513,1783858728.9558702,0.0345605351467107,-0.11518903856464219,1783858728.9484875,62.0,153.0,571.0,1783858728.9498782,28059.373046875,nan,nan,47.97936248779297,nan
22.799906253814697,1783858729.005706,BSMC,eight,optuna_t003_r01,1783858728.9966187,-0.29366068722060995,-0.7844873625953614,-2.5743128389515357,0.041640330240154094,-0.08077868596557804,1783858728.9818015,-0.29483532905578613,-0.7828074097633362,-2.5768098829613573,1783858728.9948566,-0.22169342979066237,-0.8370573147039292,-2.6186210090263073,1783858728.9956312,-0.029735682353295382,0.08272830898419131,-0.05050698596199865,1783858728.9957383,0.03524969345702856,-0.11774927461784701,1783858729.0032127,62.0,147.0,584.0,1783858729.0035682,28059.427734375,nan,nan,54.9962158203125,nan
22.841203927993774,1783858729.0470037,BSMC,eight,optuna_t003_r01,1783858728.9966187,-0.29366068722060995,-0.7844873625953614,-2.5743128389515357,0.041640330240154094,-0.08077868596557804,1783858729.030058,-0.2964363396167755,-0.7835532426834106,-2.572683033750579,1783858729.0348957,-0.22334319913784795,-0.8380034179443265,-2.623194002448044,1783858729.035183,-0.030547048273378417,0.08291800258186856,-0.04888116349650806,1783858729.035264,0.034814135644370664,-0.11771494256633659,1783858729.0032127,62.0,147.0,584.0,1783858729.0035682,28059.427734375,nan,nan,54.9962158203125,nan
22.88040065765381,1783858729.0862005,BSMC,eight,optuna_t003_r01,1783858729.0460753,-0.2955670151491587,-0.785206624593218,-2.57679253418138,0.04019673486766732,-0.07841050155712524,1783858729.0824654,-0.2997535169124603,-0.7846729159355164,-2.583842589829527,1783858729.075725,-0.22501439229307024,-0.8389515837747413,-2.6278526141502914,1783858729.0760899,-0.030828662745056468,0.08316120960308736,-0.051060079968911154,1783858729.0762844,0.03458832560258321,-0.11926812796683174,1783858729.0501688,132.0,140.0,563.0,1783858729.0505447,28059.47265625,nan,nan,46.25302505493164,nan
22.920591115951538,1783858729.126391,BSMC,eight,optuna_t003_r01,1783858729.0963285,-0.2978974623607618,-0.7860847985525398,-2.5823206915329076,0.04094901207623824,-0.08232004878761973,1783858729.0824654,-0.2997535169124603,-0.7846729159355164,-2.583842589829527,1783858729.1149693,-0.2266674942453791,-0.8398793575816833,-2.6324877476034847,1783858729.115546,-0.03183574746044466,0.0833909354935729,-0.05016705607057714,1783858729.1153505,0.03406504455677528,-0.11956639688434505,1783858729.1054308,117.0,134.0,571.0,1783858729.1060402,28059.529296875,nan,nan,55.78505325317383,nan
22.960140466690063,1783858729.1659403,BSMC,eight,optuna_t003_r01,1783858729.147028,-0.30015790454013846,-0.7868900375078178,-2.5870291236015115,0.04133826822498806,-0.0829474498741759,1783858729.1327782,-0.3016495704650879,-0.7851721048355103,-2.5870383796897127,1783858729.1550772,-0.2283300164227406,-0.8408022523405805,-2.637177323184737,1783858729.1553552,-0.032674389333326996,0.0836549861112507,-0.050148199583225576,1783858729.1554446,0.03360777901193265,-0.12024072415585006,1783858729.1499872,78.0,121.0,572.0,1783858729.1503065,28059.57421875,nan,nan,44.956817626953125,nan
23.000113010406494,1783858729.2059128,BSMC,eight,optuna_t003_r01,1783858729.1962905,-0.3021596235970764,-0.787558317439126,-2.59005400267106,0.04004230622400893,-0.07994920525702363,1783858729.1824715,-0.30346572399139404,-0.7858409285545349,-2.5874159691163863,1783858729.1956987,-0.22998435119616517,-0.8417104734362107,-2.641872701610467,1783858729.1953082,-0.030789745060583358,0.08355596557638947,-0.05484357800895535,1783858729.1958485,0.0342787410405045,-0.12294412409751367,1783858729.1499872,78.0,121.0,572.0,1783858729.1503065,28059.57421875,nan,nan,44.956817626953125,nan
23.040432691574097,1783858729.2462325,BSMC,eight,optuna_t003_r01,1783858729.1962905,-0.3021596235970764,-0.787558317439126,-2.59005400267106,0.04004230622400893,-0.07994920525702363,1783858729.2332156,-0.3055740296840668,-0.7864112854003906,-2.59260910431851,1783858729.2348409,-0.23164699376563763,-0.8426130643954495,-2.6466217184531833,1783858729.2366397,-0.03120836989560646,0.08383969093829796,-0.056567715782123155,1783858729.235239,0.033989232381642455,-0.12436439303433092,1783858729.207925,62.0,115.0,558.0,1783858729.2083864,28059.630859375,nan,nan,57.68843460083008,nan
23.080305337905884,1783858729.2861052,BSMC,eight,optuna_t003_r01,1783858729.246149,-0.3040801853568625,-0.7881357477650606,-2.5938847131935026,0.03779583177831339,-0.07974797978710618,1783858729.2809248,-0.3097856640815735,-0.7877187132835388,-2.6052868483472444,1783858729.2752419,-0.2333117912323988,-0.8435065754336903,-2.651408116107952,1783858729.2758744,-0.03158306360274294,0.08412255498455581,-0.05752340291444957,1783858729.2756445,0.03371813054553573,-0.12548818506083878,1783858729.25219,39.0,108.0,602.0,1783858729.252529,28059.67578125,nan,nan,44.334232330322266,nan
23.12040948867798,1783858729.3262093,BSMC,eight,optuna_t003_r01,1783858729.2964659,-0.30638056794520513,-0.7888066426621752,-2.6012842164598267,0.03546691818394635,-0.08915099011831616,1783858729.2809248,-0.3097856640815735,-0.7877187132835388,-2.6052868483472444,1783858729.315289,-0.23495544819614916,-0.844378663319908,-2.65616541151424,1783858729.315663,-0.03266433974117837,0.08439690823971777,-0.05488119505441347,1783858729.3154035,0.033160086764201,-0.12514990282508978,1783858729.309121,39.0,102.0,600.0,1783858729.309449,28059.732421875,nan,nan,57.01979064941406,nan
23.16008424758911,1783858729.365884,BSMC,eight,optuna_t003_r01,1783858729.3460467,-0.3084971304421495,-0.7894108828649372,-2.6056080684374567,0.032941233838239374,-0.0895535334854837,1783858729.3327105,-0.31173059344291687,-0.7884343266487122,-2.604130619030718,1783858729.3547273,-0.23661646514392112,-0.8452497731777463,-2.6610059762714804,1783858729.3550494,-0.033284328604508175,0.08471697105320147,-0.055397907834023645,1783858729.3554103,0.03278407755358382,-0.1261235201474841,1783858729.3555338,70.0,108.0,578.0,1783858729.3557584,28059.779296875,nan,nan,46.17119216918945,nan
23.200263738632202,1783858729.4060636,BSMC,eight,optuna_t003_r01,1783858729.3960161,-0.31063092846900875,-0.7900873384304766,-2.611404402700889,0.03202505268364923,-0.09298143763361719,1783858729.3801403,-0.3136344850063324,-0.7892779111862183,-2.6121863398030194,1783858729.395201,-0.23828518419224087,-0.8461145891463355,-2.6659034910197845,1783858729.3957002,-0.03140796935432485,0.08460831615913969,-0.06029542258232779,1783858729.3958502,0.03344001158918134,-0.12899734319149325,1783858729.3555338,70.0,108.0,578.0,1783858729.3557584,28059.779296875,nan,nan,46.17119216918945,nan
23.240442514419556,1783858729.4462423,BSMC,eight,optuna_t003_r01,1783858729.3960161,-0.31063092846900875,-0.7900873384304766,-2.611404402700889,0.03202505268364923,-0.09298143763361719,1783858729.4327817,-0.31532448530197144,-0.7898350954055786,-2.613549234244561,1783858729.4352703,-0.23995789977126894,-0.8469710601716746,-2.67084854775187,1783858729.4358087,-0.032204605332148126,0.08481331369450297,-0.059444145050981056,1783858729.4356003,0.032989341867631174,-0.12948050072269202,1783858729.4116614,109.0,128.0,576.0,1783858729.414342,28059.8359375,nan,nan,56.37501907348633,nan
23.280250072479248,1783858729.48605,BSMC,eight,optuna_t003_r01,1783858729.446325,-0.3128307388067069,-0.7908201392974158,-2.6154292400642856,0.03331476234257361,-0.09057353163798114,1783858729.4807408,-0.3188079297542572,-0.7907422780990601,-2.6215576041457163,1783858729.4754436,-0.24161126539071173,-0.8478073517167652,-2.6757727361926755,1783858729.47595,-0.032966261068499605,0.08504693647711967,-0.06034349612838996,1783858729.4756606,0.03254810309932959,-0.13068055025002012,1783858729.4589167,117.0,140.0,602.0,1783858729.4593213,28059.8828125,nan,nan,46.932437896728516,nan
23.320419311523438,1783858729.5262191,BSMC,eight,optuna_t003_r01,1783858729.496546,-0.3154363062860784,-0.79167205401534,-2.620904544964921,0.03582984169867017,-0.09209198074821906,1783858729.4807408,-0.3188079297542572,-0.7907422780990601,-2.6215576041457163,1783858729.515483,-0.2432711727788252,-0.8486366539009405,-2.680753862300624,1783858729.515936,-0.03426301016547233,0.08531599069721317,-0.05984931733570287,1783858729.5156276,0.03188432210657971,-0.13133056379611327,1783858729.500239,78.0,140.0,599.0,1783858729.5005932,28059.923828125,nan,nan,41.720821380615234,nan
23.360066890716553,1783858729.5658667,BSMC,eight,optuna_t003_r01,1783858729.5465982,-0.317824689596736,-0.79243525038592,-2.6254636898345916,0.03680624331552528,-0.09197073200254244,1783858729.5303776,-0.3204371929168701,-0.7912377715110779,-2.6239909982730105,1783858729.555621,-0.24494716037248931,-0.849463492807831,-2.685822469877998,1783858729.5559733,-0.0352398082925353,0.0855658261870271,-0.06035878004340667,1783858729.5561588,0.03134893283262719,-0.13242196276332932,1783858729.5611444,31.0,134.0,659.0,1783858729.561555,28059.984375,nan,nan,60.76625061035156,nan
23.40017557144165,1783858729.6059754,BSMC,eight,optuna_t003_r01,1783858729.5959964,-0.3198437527993812,-0.7930021881190499,-2.6280813399674168,0.035477084090802746,-0.08843435557196633,1783858729.5808928,-0.32183143496513367,-0.7915458679199219,-2.623269064655999,1783858729.5950317,-0.2465812969605356,-0.8502594998263464,-2.690803589192057,1783858729.595611,-0.03342569764041391,0.0854516679469517,-0.06533989935746565,1783858729.5957122,0.031971600003173666,-0.13539517253530756,1783858729.5997078,62.0,121.0,634.0,1783858729.6001053,28060.0234375,nan,nan,38.698604583740234,nan
23.440165042877197,1783858729.6459649,BSMC,eight,optuna_t003_r01,1783858729.5959964,-0.3198437527993812,-0.7930021881190499,-2.6280813399674168,0.035477084090802746,-0.08843435557196633,1783858729.630984,-0.32329708337783813,-0.7917649149894714,-2.627784657924135,1783858729.6348631,-0.24823252143815533,-0.8510535849869009,-2.6958771350105484,1783858729.6351774,-0.03385807854848398,0.08574242621004172,-0.06779579504313159,1783858729.6352565,0.031656862481218254,-0.13728766210362278,1783858729.5997078,62.0,121.0,634.0,1783858729.6001053,28060.0234375,nan,nan,38.698604583740234,nan
23.479885578155518,1783858729.6856854,BSMC,eight,optuna_t003_r01,1783858729.646127,-0.32173468143906453,-0.7934838227971082,-2.6312948664321785,0.03433051946851227,-0.08620543447092982,1783858729.683256,-0.32588866353034973,-0.7921988368034363,-2.636166983708596,1783858729.6757472,-0.2498923576237609,-0.8518413985175253,-2.7010191855428864,1783858729.6758316,-0.034185540758577576,0.08601322536790948,-0.06972431911070798,1783858729.675911,0.03138526287047616,-0.1389951203577392,1783858729.6499276,109.0,108.0,619.0,1783858729.6502068,28060.07421875,nan,nan,50.288875579833984,nan
23.519854307174683,1783858729.7256541,BSMC,eight,optuna_t003_r01,1783858729.6959755,-0.3238197898186213,-0.7939775194799976,-2.636110403367507,0.034504836366794585,-0.08681876894904973,1783858729.683256,-0.32588866353034973,-0.7921988368034363,-2.636166983708596,1783858729.7153225,-0.251573386832473,-0.8526285933214842,-2.7062710895593343,1783858729.7156303,-0.034810767677821486,0.08630006756009634,-0.07016068619182736,1783858729.7161639,0.03099029293787105,-0.14013137027189923,1783858729.7002013,31.0,115.0,612.0,1783858729.7005537,28060.125,nan,nan,50.109214782714844,nan
23.560274362564087,1783858729.7660742,BSMC,eight,optuna_t003_r01,1783858729.7467048,-0.3256365776042951,-0.7943958822019512,-2.641010429370348,0.03281674714898772,-0.0887229008072152,1783858729.7298462,-0.3272131085395813,-0.7926986217498779,-2.6403870932385662,1783858729.7559586,-0.2532259050852276,-0.8533919252924962,-2.7114785052727464,1783858729.7560284,-0.03521177155190488,0.08650994011777802,-0.07046807590239855,1783858729.7562358,0.030690341835953032,-0.1412364525213191,1783858729.7501736,0.0,140.0,673.0,1783858729.7504816,28060.173828125,nan,nan,49.97283172607422,nan
23.600077629089355,1783858729.8058774,BSMC,eight,optuna_t003_r01,1783858729.796141,-0.32731277867192315,-0.7947469760031812,-2.6459512517094095,0.030781483731643973,-0.09264307922778175,1783858729.780155,-0.32891663908958435,-0.7931342720985413,-2.6446637811553426,1783858729.7951007,-0.25486726833981516,-0.8541397486788945,-2.7166957531073255,1783858729.7951999,-0.033412890515737585,0.0863782580443121,-0.07568532373697767,1783858729.795509,0.03129532153227247,-0.14439572777380696,1783858729.8003738,78.0,179.0,695.0,1783858729.8008728,28060.224609375,nan,nan,50.10736846923828,nan
23.64018964767456,1783858729.8459895,BSMC,eight,optuna_t003_r01,1783858729.796141,-0.32731277867192315,-0.7947469760031812,-2.6459512517094095,0.030781483731643973,-0.09264307922778175,1783858729.830256,-0.33060941100120544,-0.7936530113220215,-2.6475151409043383,1783858729.8361585,-0.25654805603076825,-0.8548947958135767,-2.7220860633367616,1783858729.8357174,-0.033643107310978505,0.08656527900310479,-0.07613481162735214,1783858729.8362525,0.031061050517120263,-0.14562157100195672,1783858729.8003738,78.0,179.0,695.0,1783858729.8008728,28060.224609375,nan,nan,50.10736846923828,nan
23.680175304412842,1783858729.8859751,BSMC,eight,optuna_t003_r01,1783858729.8462477,-0.3292528581166085,-0.7952664938051984,-2.6502250561137033,0.03240177146965689,-0.09396026379551134,1783858729.830256,-0.33060941100120544,-0.7936530113220215,-2.6475151409043383,1783858729.8759496,-0.25820513542329726,-0.8556285109176857,-2.727448937477843,1783858729.8774376,-0.03416121470054771,0.0867430886006311,-0.07722388136413949,1783858729.8765762,0.03070430472138658,-0.14711213637271342,1783858729.850393,140.0,204.0,663.0,1783858729.8514302,28060.275390625,nan,nan,50.32710266113281,nan
23.71997356414795,1783858729.9257734,BSMC,eight,optuna_t003_r01,1783858729.895958,-0.3314760380600309,-0.7959193072614746,-2.6547697944703166,0.037198790884356174,-0.09489202763104061,1783858729.8856473,-0.33243346214294434,-0.7940962910652161,-2.6532949928779255,1783858729.9159536,-0.25985853157778027,-0.8563499781571275,-2.7328492952071928,1783858729.9164734,-0.03502655595070929,0.08691417374551606,-0.0780795007368762,1783858729.9160879,0.03020164292496772,-0.14853054506138277,1783858729.9023407,140.0,211.0,637.0,1783858729.9031599,28060.326171875,nan,nan,51.61729431152344,nan
23.760518789291382,1783858729.9663186,BSMC,eight,optuna_t003_r01,1783858729.946126,-0.33420981413326595,-0.7966736010064829,-2.660639804707215,0.04254129425959213,-0.09878335608555232,1783858729.9318929,-0.3359735608100891,-0.7945631146430969,-2.660834267848721,1783858729.955014,-0.2614902290752548,-0.8570515325287539,-2.738228458534157,1783858729.9554727,-0.03653758790049476,0.08717016310831924,-0.07758865382694236,1783858729.9557483,0.02943345980900494,-0.14940317260054217,1783858729.9512117,140.0,192.0,601.0,1783858729.9515383,28060.375,nan,nan,49.00969314575195,nan
23.799981832504272,1783858730.0057817,BSMC,eight,optuna_t003_r01,1783858729.9962325,-0.33674603413723575,-0.7973367332712185,-2.6660779653118034,0.04608136937394265,-0.10040726594075862,1783858729.9798708,-0.33731386065483093,-0.7947129607200623,-2.6652071442216916,1783858729.995224,-0.26314394756988035,-0.8577519183602573,-2.743731909047994,1783858729.9955294,-0.03474746091201461,0.0870260432361562,-0.0830921043407793,1783858729.9956112,0.030023932731057766,-0.15277857875354398,1783858730.0008981,101.0,134.0,536.0,1783858730.001189,28060.42578125,nan,nan,49.8372917175293,nan
23.840057134628296,1783858730.045857,BSMC,eight,optuna_t003_r01,1783858729.9962325,-0.33674603413723575,-0.7973367332712185,-2.6660779653118034,0.04608136937394265,-0.10040726594075862,1783858730.0300472,-0.3386155366897583,-0.794765830039978,-2.6717520636658674,1783858730.0359251,-0.2647883564952892,-0.8584376917835334,-2.7492573350429677,1783858730.037159,-0.03600271241863756,0.08726419197612958,-0.08317936973116424,1783858730.0373354,0.02935705596216353,-0.15393786577195157,1783858730.0008981,101.0,134.0,536.0,1783858730.001189,28060.42578125,nan,nan,49.8372917175293,nan
23.88078999519348,1783858730.0865898,BSMC,eight,optuna_t003_r01,1783858730.0459647,-0.3387985948765523,-0.7977355004322064,-2.67183924552084,0.0455337582861991,-0.10206925984366892,1783858730.081417,-0.34124165773391724,-0.7950460314750671,-2.6802609704400613,1783858730.07542,-0.26642774688293047,-0.8591107275697146,-2.7548198396090395,1783858730.076067,-0.03674912911181677,0.08748691133546582,-0.08298059408819958,1783858730.0762155,0.028903526654924582,-0.15500805872733425,1783858730.0512087,54.0,96.0,521.0,1783858730.0527759,28060.474609375,nan,nan,50.177467346191406,nan
23.920438528060913,1783858730.1262383,BSMC,eight,optuna_t003_r01,1783858730.0963047,-0.34067373302413223,-0.7979484087178289,-2.6787511934042283,0.04167642515395463,-0.10621266634630418,1783858730.081417,-0.34124165773391724,-0.7950460314750671,-2.6802609704400613,1783858730.1150148,-0.26807558500913853,-0.8597764642995602,-2.7604666925122245,1783858730.1153715,-0.03735415216380483,0.08773748838636714,-0.08171549910799625,1783858730.1154518,0.028511037356696713,-0.15568315616837353,1783858730.101542,70.0,76.0,571.0,1783858730.1016924,28060.525390625,nan,nan,49.96187210083008,nan
23.95995330810547,1783858730.1657531,BSMC,eight,optuna_t003_r01,1783858730.146141,-0.34233173172440895,-0.7980921286710767,-2.6851905093876485,0.0374604670261486,-0.10775791226662468,1783858730.1288393,-0.34292536973953247,-0.7954083681106567,-2.6858215334259534,1783858730.1556373,-0.26974525395325705,-0.8604399501365518,-2.766246774165357,1783858730.1559217,-0.0376787955746527,0.08795655723569575,-0.08105626477770846,1783858730.156004,0.02823051986895888,-0.15664759324580793,1783858730.1512518,78.0,76.0,587.0,1783858730.1515386,28060.576171875,nan,nan,50.02037811279297,nan
24.00007653236389,1783858730.2058764,BSMC,eight,optuna_t003_r01,1783858730.1961381,-0.34409288379480446,-0.7982225303925673,-2.6925846407943546,0.03427690680019026,-0.11091565607671124,1783858730.1792274,-0.345427006483078,-0.7956883907318115,-2.6947329976381704,1783858730.1952293,-0.27137337048917465,-0.8610761324005933,-2.771941090349781,1783858730.195856,-0.03593694748594707,0.08781007664489338,-0.0867505809621325,1783858730.1955636,0.028794980665645543,-0.16017989156265802,1783858730.201727,39.0,89.0,585.0,1783858730.2025642,28060.625,nan,nan,50.575927734375,nan
24.040769338607788,1783858730.2465692,BSMC,eight,optuna_t003_r01,1783858730.1961381,-0.34409288379480446,-0.7982225303925673,-2.6925846407943546,0.03427690680019026,-0.11091565607671124,1783858730.2294128,-0.3475564122200012,-0.7959800362586975,-2.7037342728488465,1783858730.2351317,-0.2730087177104795,-0.8617043508028096,-2.7777198989676375,1783858730.2356994,-0.036482484938261284,0.08804503667573593,-0.08513525817328293,1783858730.2354987,0.028426121507747072,-0.16078842181440658,1783858730.201727,39.0,89.0,585.0,1783858730.2025642,28060.625,nan,nan,50.575927734375,nan
24.080447912216187,1783858730.2862477,BSMC,eight,optuna_t003_r01,1783858730.2467163,-0.3458365941237602,-0.7983280282112384,-2.70093277647566,0.031230060116583677,-0.11688590958878092,1783858730.27979,-0.3527349829673767,-0.7971104979515076,-2.715561321195713,1783858730.275366,-0.2746514430027669,-0.862324452024578,-2.783586021447094,1783858730.2766368,-0.03708805795822839,0.08824592884605117,-0.08265324497143389,1783858730.2757719,0.028033184375715052,-0.16109945707139697,1783858730.2519145,0.0,96.0,632.0,1783858730.252195,28060.67578125,nan,nan,50.267860412597656,nan
24.120384454727173,1783858730.3261843,BSMC,eight,optuna_t003_r01,1783858730.2959006,-0.34813763061741737,-0.7985723830802794,-2.7109091099246485,0.028546881204418527,-0.12806364297254166,1783858730.27979,-0.3527349829673767,-0.7971104979515076,-2.715561321195713,1783858730.3154154,-0.27630200183387577,-0.8629363871469438,-2.7895434938238384,1783858730.3158314,-0.038404183147356205,0.0884771230262642,-0.07863438389918986,1783858730.3159454,0.027345517818170968,-0.16084096033424197,1783858730.3046505,31.0,108.0,662.0,1783858730.305241,28060.728515625,nan,nan,52.14800262451172,nan
24.16037082672119,1783858730.3661706,BSMC,eight,optuna_t003_r01,1783858730.346458,-0.3505221113713378,-0.7989255122438171,-2.718716793984248,0.027421321379398463,-0.1318223147931399,1783858730.3308182,-0.355094850063324,-0.7977935075759888,-2.7188054880350636,1783858730.3548758,-0.27791579055570687,-0.8635238418334534,-2.7954312017703105,1783858730.3552978,-0.03970044709620305,0.0887045461547219,-0.07671440778606264,1783858730.3555272,0.026660667981050566,-0.16140403427328837,1783858730.3522727,62.0,115.0,604.0,1783858730.3526306,28060.775390625,nan,nan,47.97952651977539,nan
24.200888872146606,1783858730.4066887,BSMC,eight,optuna_t003_r01,1783858730.3962593,-0.35287581326865003,-0.7992787947405441,-2.726141159376018,0.027929519181789212,-0.13377782409986183,1783858730.3816557,-0.35688912868499756,-0.7980045080184937,-2.7258383417886445,1783858730.3958902,-0.27957761473351106,-0.864117499478269,-2.8015608322676475,1783858730.3962638,-0.037941380846720274,0.08856392280277378,-0.0828440382833997,1783858730.3963575,0.02722299804324711,-0.16524640267230833,1783858730.3522727,62.0,115.0,604.0,1783858730.3526306,28060.775390625,nan,nan,47.97952651977539,nan
24.240068912506104,1783858730.4458687,BSMC,eight,optuna_t003_r01,1783858730.3962593,-0.35287581326865003,-0.7992787947405441,-2.726141159376018,0.027929519181789212,-0.13377782409986183,1783858730.430753,-0.35834863781929016,-0.7982149720191956,-2.726840165203007,1783858730.435138,-0.28118474391043063,-0.8646806561428749,-2.8075546482128293,1783858730.4356072,-0.039196219097589524,0.08877313393740516,-0.08141348883681143,1783858730.4357343,0.026552514396930973,-0.16605152493942887,1783858730.4071827,62.0,121.0,621.0,1783858730.4074333,28060.83203125,nan,nan,54.9803352355957,nan
24.280352115631104,1783858730.486152,BSMC,eight,optuna_t003_r01,1783858730.446287,-0.3551163899043015,-0.7996270459350124,-2.7311751952580607,0.02883326272706914,-0.12916914017196815,1783858730.4825816,-0.3593839704990387,-0.7985263466835022,-2.7291982191739823,1783858730.475394,-0.2828211889480033,-0.8652429336865628,-2.813726045206073,1783858730.475856,-0.04011117396394151,0.08901199093363782,-0.08255084994801232,1783858730.477169,0.026011565617348142,-0.16790100468823949,1783858730.4522824,62.0,121.0,656.0,1783858730.452665,28060.876953125,nan,nan,44.964481353759766,nan
24.320465087890625,1783858730.526265,BSMC,eight,optuna_t003_r01,1783858730.496134,-0.35713206157544775,-0.7999609374053853,-2.7349333497215045,0.029522604672515815,-0.12200045527789556,1783858730.4825816,-0.3593839704990387,-0.7985263466835022,-2.7291982191739823,1783858730.5152466,-0.2844501794260222,-0.8657913956066035,-2.8199393867710385,1783858730.5155587,-0.040715685138670854,0.08921063951936412,-0.08500603704953402,1783858730.5156515,0.025595573270808827,-0.17028780032692736,1783858730.5093954,85.0,121.0,624.0,1783858730.5098963,28060.93359375,nan,nan,56.988731384277344,nan
24.36046552658081,1783858730.5662653,BSMC,eight,optuna_t003_r01,1783858730.546412,-0.35915553454359755,-0.8002771816199848,-2.7390259379054767,0.030712728863278693,-0.11606323490791097,1783858730.5307271,-0.3609911799430847,-0.7985904812812805,-2.7342538848590485,1783858730.5547128,-0.2860556610826529,-0.8663208765750449,-2.826133107684495,1783858730.5550792,-0.04138147983937108,0.08940321174111625,-0.08710716977901845,1783858730.5553315,0.025156238088525726,-0.17254173529200606,1783858730.5533113,70.0,134.0,607.0,1783858730.5534122,28060.9765625,nan,nan,44.04059600830078,nan
24.400184154510498,1783858730.605984,BSMC,eight,optuna_t003_r01,1783858730.5961752,-0.3610360713608424,-0.8005682081632013,-2.7433636122969416,0.031624256472417345,-0.11225776113283284,1783858730.5808578,-0.3622121810913086,-0.7988030910491943,-2.739466221250119,1783858730.5957181,-0.28768428638938276,-0.8668466833964079,-2.8324888730607314,1783858730.5964417,-0.039677048182840055,0.08924892003256474,-0.09346293515525472,1783858730.5959146,0.025690382248137644,-0.17655025241627256,1783858730.5533113,70.0,134.0,607.0,1783858730.5534122,28060.9765625,nan,nan,44.04059600830078,nan
24.44005513191223,1783858730.645855,BSMC,eight,optuna_t003_r01,1783858730.5961752,-0.3610360713608424,-0.8005682081632013,-2.7433636122969416,0.031624256472417345,-0.11225776113283284,1783858730.6296868,-0.3632631003856659,-0.7989941239356995,-2.7425898325274893,1783858730.635259,-0.2893000537697705,-0.8673570009639757,-2.838868606379584,1783858730.6353521,-0.04022281935444251,0.08938078018674507,-0.09550499408264246,1783858730.635437,0.025298102946196863,-0.1788497730857517,1783858730.6117876,23.0,140.0,688.0,1783858730.6121309,28061.03515625,nan,nan,58.41212844848633,nan
24.48025631904602,1783858730.6860561,BSMC,eight,optuna_t003_r01,1783858730.6461413,-0.36266468568132976,-0.8007935709751715,-2.747364900041322,0.031013517784895996,-0.10963471870733894,1783858730.6815445,-0.3655574917793274,-0.7989989519119263,-2.7542334203944256,1783858730.675303,-0.29091648712051593,-0.8678561413831328,-2.845326631953184,1783858730.6763935,-0.04048622455043961,0.08947657776254143,-0.09796173191186197,1783858730.6764965,0.025021357147555434,-0.18134163448506627,1783858730.6526217,54.0,128.0,603.0,1783858730.65296,28061.076171875,nan,nan,41.07483673095703,nan
24.520139694213867,1783858730.7259395,BSMC,eight,optuna_t003_r01,1783858730.6961863,-0.3644356161190061,-0.8009702162924088,-2.754124424448894,0.03082592613300403,-0.11387184494644566,1783858730.6815445,-0.3655574917793274,-0.7989989519119263,-2.7542334203944256,1783858730.7153065,-0.29252391134922484,-0.8683411160350288,-2.851825488116518,1783858730.7159948,-0.04112499853565951,0.08954812064174401,-0.09770106366762432,1783858730.7160926,0.024598425957836043,-0.18281657666537043,1783858730.7059214,85.0,115.0,613.0,1783858730.7054574,28061.12890625,nan,nan,52.56959533691406,nan
24.560030937194824,1783858730.7658308,BSMC,eight,optuna_t003_r01,1783858730.7464166,-0.3662023509596013,-0.8010969122741165,-2.7602403711175283,0.03117863486287605,-0.1145476063921917,1783858730.729931,-0.36702388525009155,-0.7988136410713196,-2.7592003653250052,1783858730.7548645,-0.2941268314154222,-0.8688133364567029,-2.8583842167804505,1783858730.754679,-0.041695348313061056,0.0896765997944382,-0.09814384566292222,1783858730.7549384,0.02420089235244575,-0.1845731854750741,1783858730.7543943,70.0,121.0,657.0,1783858730.7530165,28061.177734375,nan,nan,47.55474853515625,nan
24.600992918014526,1783858730.8067927,BSMC,eight,optuna_t003_r01,1783858730.796029,-0.3678856547385633,-0.8012085445188181,-2.76599616619514,0.031336301081982584,-0.11440219581416697,1783858730.7834258,-0.36854538321495056,-0.7990235686302185,-2.7649052239920313,1783858730.7953353,-0.29575422428283754,-0.8692810293483768,-2.8651247245343336,1783858730.7958202,-0.04001079972848792,0.08950501817523204,-0.10488435341680535,1783858730.7959168,0.024718442234749265,-0.18883995552184638,1783858730.7543943,70.0,121.0,657.0,1783858730.7530165,28061.177734375,nan,nan,47.55474853515625,nan
24.640339374542236,1783858730.8461392,BSMC,eight,optuna_t003_r01,1783858730.796029,-0.3678856547385633,-0.8012085445188181,-2.76599616619514,0.031336301081982584,-0.11440219581416697,1783858730.829757,-0.36989840865135193,-0.7988563776016235,-2.7697679214977144,1783858730.834907,-0.29733927091723844,-0.8697250885081591,-2.8717707595169597,1783858730.836203,-0.040494770870941874,0.08961853939123816,-0.10577459332181949,1783858730.835632,0.024355357771398634,-0.19080341170813073,1783858730.8072553,62.0,128.0,639.0,1783858730.8074934,28061.23046875,nan,nan,54.54903793334961,nan
24.680049896240234,1783858730.8858497,BSMC,eight,optuna_t003_r01,1783858730.846521,-0.36953507038964717,-0.8012778712927121,-2.771661058540601,0.03134018767557506,-0.11416906574239628,1783858730.8806221,-0.3728896677494049,-0.7988650798797607,-2.7819052165034064,1783858730.8752127,-0.29894650017639435,-0.8701637117041027,-2.8785932391962428,1783858730.8756576,-0.04090761061377251,0.08974727097693198,-0.1069321806556416,1783858730.8757513,0.024017998124888362,-0.19291651397875434,1783858730.8534648,54.0,121.0,693.0,1783858730.8538744,28061.27734375,nan,nan,45.91526412963867,nan
24.720078468322754,1783858730.9258783,BSMC,eight,optuna_t003_r01,1783858730.8960266,-0.3714105517651171,-0.8013127845528379,-2.7797699415821944,0.031153300316058005,-0.12062378516495392,1783858730.8806221,-0.3728896677494049,-0.7988650798797607,-2.7819052165034064,1783858730.9149709,-0.30054150621886117,-0.870587300112851,-2.8854488009036254,1783858730.9154382,-0.04175874025430712,0.08987540116786742,-0.10567885932143106,1783858730.9156404,0.023508095336278415,-0.1941348025155281,1783858730.903377,62.0,115.0,598.0,1783858730.9037452,28061.328125,nan,nan,49.950218200683594,nan
24.760427713394165,1783858730.9662275,BSMC,eight,optuna_t003_r01,1783858730.9466977,-0.3732605226868989,-0.8013632424291457,-2.7863238574553146,0.0308675690648718,-0.1215594052710018,1783858730.929731,-0.3745422661304474,-0.7989866137504578,-2.785194119622814,1783858730.955141,-0.30214384473619443,-0.8710009962897333,-2.8924230670211246,1783858730.9554224,-0.042452693841979916,0.0900264818320205,-0.10609920956581,1783858730.9556339,0.023055368091268527,-0.1960194903151753,1783858730.9543302,70.0,121.0,599.0,1783858730.9546676,28061.37890625,nan,nan,51.06976318359375,nan
24.80032730102539,1783858731.006127,BSMC,eight,optuna_t003_r01,1783858730.996308,-0.3750669331876234,-0.8014243007060741,-2.791073768912326,0.030991560418796617,-0.1179090848454872,1783858730.9808192,-0.376205176115036,-0.7991635799407959,-2.7876173464927603,1783858730.9951007,-0.3037283747178774,-0.871398319247769,-2.899407717043729,1783858730.9955807,-0.040828907199332895,0.08984782647946823,-0.11308385958841427,1783858730.9956698,0.02354570719781944,-0.20044816735706936,1783858731.0043068,78.0,108.0,570.0,1783858731.004648,28061.427734375,nan,nan,49.88393020629883,nan
24.84017014503479,1783858731.04597,BSMC,eight,optuna_t003_r01,1783858730.996308,-0.3750669331876234,-0.8014243007060741,-2.791073768912326,0.030991560418796617,-0.1179090848454872,1783858731.0300517,-0.3777982294559479,-0.7991797924041748,-2.7932202402005935,1783858731.0349057,-0.30530059170673945,-0.8717808747524107,-2.906426433251666,1783858731.0357466,-0.04136477014230586,0.09003524702159241,-0.11535266433933966,1783858731.036034,0.02315254669811904,-0.20303826312864875,1783858731.0043068,78.0,108.0,570.0,1783858731.004648,28061.427734375,nan,nan,49.88393020629883,nan
24.881572484970093,1783858731.0873723,BSMC,eight,optuna_t003_r01,1783858731.04611,-0.37683075598817495,-0.8014683677793621,-2.7959462350086626,0.031029520213328683,-0.1144876836198217,1783858731.0800195,-0.379133015871048,-0.7990573644638062,-2.8042045048839777,1783858731.0756543,-0.30691758661781543,-0.8721620752609878,-2.9137389140681713,1783858731.0759819,-0.041826892600026165,0.09019957086556513,-0.11779267905950873,1783858731.0760705,0.022784342021897372,-0.20577508061794486,1783858731.0541599,46.0,96.0,596.0,1783858731.0544953,28061.478515625,nan,nan,49.94695281982422,nan
24.92036199569702,1783858731.1261618,BSMC,eight,optuna_t003_r01,1783858731.0964108,-0.3784162448732911,-0.8014374812340838,-2.8032786596642536,0.029710157834038766,-0.11795833398460842,1783858731.0800195,-0.379133015871048,-0.7990573644638062,-2.8042045048839777,1783858731.1149914,-0.3084784292191165,-0.8725181425828774,-2.9208897638327875,1783858731.115361,-0.04238196418216088,0.09026365596584947,-0.11761110416853393,1783858731.1154418,0.02239483153606076,-0.2075162795560767,1783858731.1045039,15.0,115.0,693.0,1783858731.105006,28061.529296875,nan,nan,50.272377014160156,nan
24.960254192352295,1783858731.166054,BSMC,eight,optuna_t003_r01,1783858731.1463234,-0.38019737702476464,-0.8014636848618732,-2.8102337719054487,0.028226882977790614,-0.12137074168302485,1783858731.1304147,-0.3820991516113281,-0.7995023727416992,-2.8098908178660054,1783858731.1549637,-0.31005691624674836,-0.8728662349074654,-2.92821572529709,1783858731.1553612,-0.04309562985973085,0.09033700835293809,-0.11798195339164153,1783858731.1554472,0.021934058508360516,-0.20951261986130282,1783858731.1541007,31.0,121.0,579.0,1783858731.154626,28061.578125,nan,nan,49.56084442138672,nan
25.000046968460083,1783858731.2058468,BSMC,eight,optuna_t003_r01,1783858731.1965623,-0.3819567012684202,-0.8014525358088249,-2.8164867654492904,0.02744387613594534,-0.12270977661800557,1783858731.1815362,-0.3837294280529022,-0.7993597388267517,-2.8147196811258035,1783858731.1952777,-0.3116351254440015,-0.873202082576348,-2.935637267088769,1783858731.195722,-0.04149401270572388,0.09014115019257986,-0.1254034951833205,1783858731.1958241,0.022408851398020922,-0.21421027389096195,1783858731.205505,62.0,102.0,562.0,1783858731.154626,28061.578125,nan,nan,49.56084442138672,nan
25.040090799331665,1783858731.2458906,BSMC,eight,optuna_t003_r01,1783858731.1965623,-0.3819567012684202,-0.8014525358088249,-2.8164867654492904,0.02744387613594534,-0.12270977661800557,1783858731.2324872,-0.3850983679294586,-0.7991307377815247,-2.8206437351226663,1783858731.234792,-0.3131816511980223,-0.8735192515982184,-2.943005837053508,1783858731.235445,-0.04215363351583858,0.0902590173792476,-0.12651907160421771,1783858731.2357259,0.0219696327565868,-0.2164882375413372,1783858731.205505,62.0,102.0,562.0,1783858731.2060256,28061.62890625,nan,nan,51.406986236572266,nan
25.08010458946228,1783858731.2859044,BSMC,eight,optuna_t003_r01,1783858731.2459605,-0.38364175188073096,-0.8013910219141188,-2.8223443878414605,0.027263475271620465,-0.1219528804975659,1783858731.2823937,-0.3865707516670227,-0.7991315722465515,-2.825807292557803,1783858731.2751136,-0.31476799762988145,-0.8738321862024075,-2.9506650394076295,1783858731.2772212,-0.04265780562472517,0.09039705707229861,-0.128320651566169,1783858731.2773366,0.021587771225584685,-0.21909306052179217,1783858731.2543259,78.0,102.0,638.0,1783858731.2546644,28061.677734375,nan,nan,48.85414123535156,nan
25.120140075683594,1783858731.32594,BSMC,eight,optuna_t003_r01,1783858731.296037,-0.3853561545858278,-0.8013600272765287,-2.8278720142706075,0.027749824704312268,-0.11944897505492816,1783858731.2823937,-0.3865707516670227,-0.7991315722465515,-2.825807292557803,1783858731.3151734,-0.3163316727508987,-0.8741282301971866,-2.958316949797718,1783858731.3155103,-0.04319927935495434,0.09051747186093476,-0.13044493552711067,1783858731.3158965,0.02119067124976395,-0.2218197794941263,1783858731.3044803,46.0,121.0,680.0,1783858731.304829,28061.728515625,nan,nan,50.13850784301758,nan
25.16026258468628,1783858731.3660624,BSMC,eight,optuna_t003_r01,1783858731.346004,-0.3873045003188561,-0.8013339023879348,-2.834781880516638,0.028199061185294142,-0.12180317485031221,1783858731.3322065,-0.38938823342323303,-0.7991199493408203,-2.8347666940117495,1783858731.354749,-0.3178747747685433,-0.8744081648566916,-2.965969765699866,1783858731.3550925,-0.04411759012768629,0.0906309707918325,-0.13118788518322821,1783858731.3556561,0.020644684629016027,-0.22404068681268927,1783858731.3567445,54.0,128.0,636.0,1783858731.3569803,28061.78125,nan,nan,52.52116775512695,nan
25.199769973754883,1783858731.4055698,BSMC,eight,optuna_t003_r01,1783858731.3963568,-0.38913752527086015,-0.8012785827870108,-2.8422329135293802,0.02874101487614496,-0.1254028494493626,1783858731.3813894,-0.39054492115974426,-0.7989410758018494,-2.8426475384593837,1783858731.3951216,-0.3194372830528094,-0.8746791244805922,-2.9738238334183573,1783858731.395452,-0.0425462132454847,0.09041736847380467,-0.13904195290171947,1783858731.3958519,0.0211022325592541,-0.22898752456277172,1783858731.4051971,62.0,121.0,619.0,1783858731.3569803,28061.78125,nan,nan,52.52116775512695,nan
25.240057229995728,1783858731.445857,BSMC,eight,optuna_t003_r01,1783858731.3963568,-0.38913752527086015,-0.8012785827870108,-2.8422329135293802,0.02874101487614496,-0.1254028494493626,1783858731.4324622,-0.39178454875946045,-0.7990102767944336,-2.8437230551204165,1783858731.4362226,-0.3209768157915922,-0.8749336690001083,-2.98166793538173,1783858731.4367645,-0.043407786513728716,0.09048048470114724,-0.13943502185234993,1783858731.4363678,0.02058213543650679,-0.23113698484749617,1783858731.4051971,62.0,121.0,619.0,1783858731.4057403,28061.830078125,nan,nan,48.34707260131836,nan
25.280229091644287,1783858731.486029,BSMC,eight,optuna_t003_r01,1783858731.4459727,-0.39085263526644826,-0.8012393561554754,-2.847225440592391,0.02919823338851839,-0.12216443784955415,1783858731.4825523,-0.3945387005805969,-0.7992016673088074,-2.8525737893163265,1783858731.4747334,-0.32251789982784884,-0.8751759764473205,-2.989627036095302,1783858731.4754314,-0.043943827620118156,0.09058255848526911,-0.14240159550291098,1783858731.4752276,0.020184218794898113,-0.2342476979095273,1783858731.4582367,70.0,108.0,592.0,1783858731.4585783,28061.8828125,nan,nan,52.90886306762695,nan
25.320045232772827,1783858731.525845,BSMC,eight,optuna_t003_r01,1783858731.4964597,-0.3928149555124731,-0.8012488964423407,-2.8535940504072395,0.02966782001416828,-0.12205788016272252,1783858731.4825523,-0.3945387005805969,-0.7992016673088074,-2.8525737893163265,1783858731.5157444,-0.324066360305746,-0.875406713272101,-2.9977343900376425,1783858731.5158298,-0.04485380487942274,0.09063049888251401,-0.14414033963040307,1783858731.5159051,0.019635596309538053,-0.2369568875246694,1783858731.505464,62.0,108.0,644.0,1783858731.5058339,28061.9296875,nan,nan,47.1750373840332,nan
25.36044979095459,1783858731.5662496,BSMC,eight,optuna_t003_r01,1783858731.5465062,-0.39464891099116295,-0.8011653606689472,-2.860020876974249,0.029631261965695876,-0.1222199834436868,1783858731.5337353,-0.3960568606853485,-0.7988406419754028,-2.859313976295029,1783858731.5554144,-0.3256156899041397,-0.8756246625292534,-3.0059590883147584,1783858731.5557296,-0.045624985926823416,0.09070906187559875,-0.14593821134050963,1783858731.5562994,0.01914481996703226,-0.23970889363134984,1783858731.505464,62.0,108.0,644.0,1783858731.5058339,28061.9296875,nan,nan,47.1750373840332,nan
25.400265216827393,1783858731.606065,BSMC,eight,optuna_t003_r01,1783858731.5964055,-0.3961910417763365,-0.8010684667832885,-2.8665260507831745,0.02835284491558543,-0.12334099210169437,1783858731.5837605,-0.39697501063346863,-0.7989306449890137,-2.865798907674205,1783858731.5952423,-0.3271375466037657,-0.8758260228660455,-3.0141500293562475,1783858731.5956044,-0.04410710895821842,0.09047962058112868,-0.15412915238199876,1783858731.5957067,0.019579237385165708,-0.2448235611309547,1783858731.5694356,31.0,108.0,589.0,1783858731.5699894,28061.994140625,nan,nan,64.21895599365234,nan
25.440513849258423,1783858731.6463137,BSMC,eight,optuna_t003_r01,1783858731.5964055,-0.3961910417763365,-0.8010684667832885,-2.8665260507831745,0.02835284491558543,-0.12334099210169437,1783858731.632679,-0.3980904519557953,-0.7989449501037598,-2.8681301877036387,1783858731.634869,-0.32864072775300246,-0.8760123891454411,-3.0223516871017213,1783858731.6349473,-0.044655306041256775,0.09047397452326884,-0.15582563631854685,1783858731.6357164,0.019187272785419356,-0.24753653694969102,1783858731.6073716,31.0,108.0,672.0,1783858731.6080968,28062.03125,nan,nan,37.80657196044922,nan
25.480241298675537,1783858731.686041,BSMC,eight,optuna_t003_r01,1783858731.6463768,-0.3975962531353368,-0.8009738467170433,-2.871538513913679,0.027097786212244526,-0.12076006270871847,1783858731.682263,-0.39936569333076477,-0.7987868189811707,-2.870427018437769,1783858731.6758363,-0.33019710067858876,-0.8761920808799691,-3.030962374056277,1783858731.6759207,-0.04488937579833304,0.09047304815751894,-0.15942386014259835,1783858731.6760015,0.018910397501724463,-0.2510325118986941,1783858731.663265,15.0,108.0,705.0,1783858731.6643138,28062.087890625,nan,nan,55.976318359375,nan
25.52018642425537,1783858731.7259862,BSMC,eight,optuna_t003_r01,1783858731.6963842,-0.39890982726395807,-0.8008468172347079,-2.875566083407778,0.025524983310279283,-0.11653135262059382,1783858731.682263,-0.39936569333076477,-0.7987868189811707,-2.870427018437769,1783858731.7147405,-0.331690357436993,-0.8763516438975404,-3.039339716705346,1783858731.714985,-0.04500469013430679,0.09052079230275047,-0.16377363329756808,1783858731.715068,0.01868507143529389,-0.2547195375908717,1783858731.7104316,0.0,102.0,697.0,1783858731.7109272,28062.134765625,nan,nan,46.817745208740234,nan
25.56050181388855,1783858731.7663016,BSMC,eight,optuna_t003_r01,1783858731.7461913,-0.40047131612462394,-0.800594234186561,-2.883797675675991,0.023893162109122238,-0.12419015763305832,1783858731.7320125,-0.4023415446281433,-0.7981430292129517,-2.8856867625907325,1783858731.7552247,-0.3332152277811291,-0.8765014485307269,-3.048013783875243,1783858731.7556002,-0.0456811073384296,0.09054569587282436,-0.16421610819925192,1783858731.7556844,0.018245868468048883,-0.25707631204271875,1783858731.756324,0.0,108.0,724.0,1783858731.7566094,28062.1796875,nan,nan,46.140525817871094,nan
25.60022783279419,1783858731.8060277,BSMC,eight,optuna_t003_r01,1783858731.7969165,-0.40196424417877696,-0.8003142540935182,-2.891223662708385,0.022562539871966554,-0.128650932218379,1783858731.7849305,-0.40371060371398926,-0.7978542447090149,-2.8911923348696527,1783858731.7953157,-0.3347210390335883,-0.8766361946621252,-3.056700070233429,1783858731.795757,-0.04419070298300878,0.09029208415128503,-0.17290239455743794,1783858731.7958786,0.01866487812825122,-0.2624299373219665,1783858731.8057148,0.0,121.0,725.0,1783858731.7566094,28062.1796875,nan,nan,46.140525817871094,nan
25.640418529510498,1783858731.8462183,BSMC,eight,optuna_t003_r01,1783858731.7969165,-0.40196424417877696,-0.8003142540935182,-2.891223662708385,0.022562539871966554,-0.128650932218379,1783858731.835618,-0.4051389992237091,-0.7979180812835693,-2.8950633066992726,1783858731.83552,-0.33622475209823965,-0.8767575137528865,-3.0654961531901006,1783858731.8356156,-0.044750110999735686,0.09034755299324915,-0.17427249048171545,1783858731.8359778,0.018271985757221703,-0.26512257998070216,1783858731.8057148,0.0,121.0,725.0,1783858731.806597,28062.228515625,nan,nan,49.152008056640625,nan
25.68008780479431,1783858731.8858876,BSMC,eight,optuna_t003_r01,1783858731.84636,-0.40342891158072364,-0.8000913583749768,-2.897295780864263,0.021930979386087037,-0.12984580947422833,1783858731.881441,-0.406495600938797,-0.7977429032325745,-2.9007152684060378,1783858731.8753712,-0.33772270684221006,-0.8768650479940563,-3.074381932948608,1783858731.8757608,-0.04518566224309911,0.09038672848664667,-0.17708615208434475,1783858731.8758483,0.01792272726240276,-0.26834455921720324,1783858731.8555799,0.0,128.0,739.0,1783858731.8564997,28062.279296875,nan,nan,50.15181350708008,nan
25.72016477584839,1783858731.9259646,BSMC,eight,optuna_t003_r01,1783858731.8971334,-0.40492585515484064,-0.7998945737272037,-2.9036446436632275,0.021795194753478016,-0.131612582447389,1783858731.881441,-0.406495600938797,-0.7977429032325745,-2.9007152684060378,1783858731.914679,-0.3391957037636316,-0.8769576611626878,-3.083241950948267,1783858731.9150069,-0.04571365892444387,0.09038491928823045,-0.17959730728503942,1783858731.9150906,0.01753976146916985,-0.27144841453529933,1783858731.9062786,0.0,121.0,663.0,1783858731.9065754,28062.330078125,nan,nan,50.729957580566406,nan
25.75999689102173,1783858731.9657967,BSMC,eight,optuna_t003_r01,1783858731.946256,-0.4065340531147795,-0.7996747425357933,-2.9125649545357284,0.02175261934042944,-0.13990819217667277,1783858731.9320543,-0.40860608220100403,-0.7974956035614014,-2.9138917710237044,1783858731.9549508,-0.3406855740604231,-0.8770379207223131,-3.0923290414120395,1783858731.9553213,-0.04656519908430571,0.09029266729436122,-0.17976408687631107,1783858731.9554033,0.017035889741484702,-0.27378496112091427,1783858731.9567864,0.0,96.0,655.0,1783858731.9570668,28062.380859375,nan,nan,50.53401565551758,nan
25.800163984298706,1783858732.0059638,BSMC,eight,optuna_t003_r01,1783858731.9964416,-0.4080015083471879,-0.7994565459611092,-2.9191044795389134,0.020896126259213756,-0.14007686890491303,1783858731.979126,-0.40979063510894775,-0.7973653674125671,-2.915526637933915,1783858731.9955666,-0.34218878548376774,-0.8771050469445841,-3.101627784996025,1783858731.9959075,-0.04508600040818018,0.09001676551919716,-0.18906283046029682,1783858731.99618,0.01744633776932749,-0.27941906628714697,1783858731.9567864,0.0,96.0,655.0,1783858731.9570668,28062.380859375,nan,nan,50.53401565551758,nan
25.840078353881836,1783858732.0458782,BSMC,eight,optuna_t003_r01,1783858731.9964416,-0.4080015083471879,-0.7994565459611092,-2.9191044795389134,0.020896126259213756,-0.14007686890491303,1783858732.0299585,-0.41109493374824524,-0.7969298362731934,-2.9195838754801082,1783858732.0348432,-0.3436368271696233,-0.8771563780589078,-3.1107111672288688,1783858732.034922,-0.045633160863953554,0.08998716975591674,-0.19160668768995534,1783858732.0349944,0.017059456858025988,-0.2825481703057783,1783858732.006298,0.0,96.0,742.0,1783858732.0067217,28062.4296875,nan,nan,48.999881744384766,nan
25.880813598632812,1783858732.0866134,BSMC,eight,optuna_t003_r01,1783858732.0460203,-0.40938163026525626,-0.7991769026043222,-2.9245078312530097,0.019962216598721595,-0.13726861813945507,1783858732.0825596,-0.4120192229747772,-0.7963683009147644,-2.932816263345627,1783858732.0753202,-0.3451281331869736,-0.8771953843149745,-3.1201973237671057,1783858732.0756452,-0.045941518159369386,0.09002650878733773,-0.19568949251409598,1783858732.0757353,0.01675843003649403,-0.2862845529550615,1783858732.0560527,0.0,134.0,763.0,1783858732.0563614,28062.48046875,nan,nan,50.24847412109375,nan
25.92023491859436,1783858732.1260347,BSMC,eight,optuna_t003_r01,1783858732.0960608,-0.4107463127734303,-0.7988463772063101,-2.9328934584066384,0.020183858259712962,-0.14317202667204176,1783858732.0825596,-0.4120192229747772,-0.7963683009147644,-2.932816263345627,1783858732.1146867,-0.34657467390721325,-0.8772196026958778,-3.129528239919603,1783858732.1149828,-0.046541242316118676,0.08996818588860804,-0.19663478151296454,1783858732.1151109,0.016362848266920374,-0.288884248952419,1783858732.1062722,0.0,147.0,814.0,1783858732.1065822,28062.529296875,nan,nan,50.20930099487305,nan
25.96046495437622,1783858732.1662648,BSMC,eight,optuna_t003_r01,1783858732.1462383,-0.412289815690674,-0.7983886396079382,-2.944771728334938,0.021168619031286598,-0.157667228433803,1783858732.1299062,-0.4138263761997223,-0.795272707939148,-2.9491361838207726,1783858732.154899,-0.34804476440118204,-0.8772302873388154,-3.1391438986934888,1783858732.1555846,-0.04758699415793975,0.08988275707343092,-0.1943721703585508,1783858732.1553888,0.01580201808021848,-0.2904210288856922,1783858732.1565392,0.0,147.0,814.0,1783858732.1568646,28062.580078125,nan,nan,50.450687408447266,nan
25.999995946884155,1783858732.2057958,BSMC,eight,optuna_t003_r01,1783858732.19694,-0.4138205784816324,-0.7978684559774626,-2.95502765101566,0.02211145652586546,-0.1660018477436634,1783858732.188616,-0.4151792824268341,-0.7946100831031799,-2.956445948199494,1783858732.1952336,-0.3495067584669631,-0.8772267949419646,3.1343437563669543,1783858732.195939,-0.04615390945354923,0.08959343532302702,-0.2040698224776938,1783858732.1965752,0.016196246622116807,-0.29616905725724146,1783858732.1565392,0.0,147.0,814.0,1783858732.1568646,28062.580078125,nan,nan,50.450687408447266,nan
26.040399074554443,1783858732.246199,BSMC,eight,optuna_t003_r01,1783858732.19694,-0.4138205784816324,-0.7978684559774626,-2.95502765101566,0.02211145652586546,-0.1660018477436634,1783858732.23206,-0.4160356819629669,-0.7938530445098877,-2.9671917889299464,1783858732.2350492,-0.3509522256678176,-0.8772093054033796,3.1246213263240787,1783858732.2353852,-0.047060902841729264,0.08962517278571713,-0.20353632983984785,1783858732.2358744,0.015686455209194688,-0.2982709499807867,1783858732.207717,0.0,153.0,804.0,1783858732.2080393,28062.630859375,nan,nan,50.97718811035156,nan
26.08001947402954,1783858732.2858193,BSMC,eight,optuna_t003_r01,1783858732.2462826,-0.4152419477618568,-0.7973165641899153,-2.9659278603809947,0.022948766236661134,-0.1754808261191302,1783858732.2827773,-0.41688087582588196,-0.7934252023696899,-2.976719594775606,1783858732.2747674,-0.35238464700978545,-0.8771780097734763,3.114852778526655,1783858732.2750695,-0.04793315812423463,0.08961753790843367,-0.20240466827193718,1783858732.2752764,0.015198058972339662,-0.30016483933782656,1783858732.2571285,0.0,153.0,753.0,1783858732.2574964,28062.681640625,nan,nan,49.39549255371094,nan
26.120163917541504,1783858732.3259637,BSMC,eight,optuna_t003_r01,1783858732.2964354,-0.4165772334979695,-0.7967769765586739,-2.976685647134163,0.02354130893262333,-0.182968069593839,1783858732.2827773,-0.41688087582588196,-0.7934252023696899,-2.976719594775606,1783858732.3150115,-0.3538296152781261,-0.8771321539812773,3.1048616242803897,1783858732.3156235,-0.04870520641329696,0.08956573563098466,-0.20163803576503384,1783858732.3153858,0.014749213326730386,-0.3022253117583909,1783858732.3069997,0.0,134.0,732.0,1783858732.3087082,28062.73046875,nan,nan,49.81496047973633,nan
26.15997624397278,1783858732.365776,BSMC,eight,optuna_t003_r01,1783858732.3467784,-0.4179759303034665,-0.796119947936776,-2.9904386296390233,0.02353782882832345,-0.1965005205951769,1783858732.333505,-0.4186845123767853,-0.7923753261566162,-2.9947525757795863,1783858732.3549309,-0.35525287894634305,-0.8770727569125218,3.0948840303227785,1783858732.3556354,-0.04981807991774053,0.08947456267521828,-0.19786264721778427,1783858732.3554177,0.014182244394145484,-0.3032286778372339,1783858732.3635387,0.0,115.0,694.0,1783858732.3644798,28062.787109375,nan,nan,56.640098571777344,nan
26.200239419937134,1783858732.4060392,BSMC,eight,optuna_t003_r01,1783858732.395996,-0.41913478539133703,-0.7954643973216348,-3.000741951861701,0.0226418792970651,-0.19912030250306387,1783858732.3809016,-0.41934487223625183,-0.79181969165802,-2.998702036999025,1783858732.3948798,-0.35667887731177295,-0.8769988744231021,3.0847494641979143,1783858732.3952298,-0.0484194659950955,0.08918679704864853,-0.20799721334264934,1783858732.3956099,0.014569442787912565,-0.3090802464409036,1783858732.3635387,0.0,115.0,694.0,1783858732.3644798,28062.787109375,nan,nan,56.640098571777344,nan
26.240164041519165,1783858732.4459639,BSMC,eight,optuna_t003_r01,1783858732.395996,-0.41913478539133703,-0.7954643973216348,-3.000741951861701,0.0226418792970651,-0.19912030250306387,1783858732.4299812,-0.42026475071907043,-0.7914395928382874,-3.0104029903008027,1783858732.4347744,-0.3580934584592971,-0.8769111601254693,3.0745578906510866,1783858732.435344,-0.049002890460823074,0.08920950336893962,-0.20788546466679872,1783858732.4354455,0.014202540275141614,-0.3113187433283135,1783858732.407111,0.0,115.0,741.0,1783858732.4074254,28062.83203125,nan,nan,43.56806564331055,nan
26.280252933502197,1783858732.4860528,BSMC,eight,optuna_t003_r01,1783858732.447037,-0.42024633171057413,-0.7948490766787736,-3.012017002436463,0.021721560708723185,-0.20263902644016143,1783858732.4797254,-0.4215916395187378,-0.7907717227935791,-3.0168258285045586,1783858732.475566,-0.3595125851841675,-0.8768085124193137,3.0641934708433114,1783858732.4760473,-0.04963434995891934,0.0891199662151925,-0.20697483389981233,1783858732.4757464,0.013822670047179953,-0.31331511259980743,1783858732.4575727,0.0,121.0,730.0,1783858732.4580216,28062.880859375,nan,nan,50.18320083618164,nan
26.319974422454834,1783858732.5257742,BSMC,eight,optuna_t003_r01,1783858732.4969387,-0.4213781068959299,-0.7942136521568549,-3.021396720171,0.021176186266738343,-0.2014349570423038,1783858732.4797254,-0.4215916395187378,-0.7907717227935791,-3.0168258285045586,1783858732.5148466,-0.3609193920086926,-0.8766920514412568,3.053778752146215,1783858732.5154762,-0.050132799901069426,0.0891327376916743,-0.20800983486237204,1783858732.5152287,0.01348724399992884,-0.31593889780606477,1783858732.5074582,0.0,128.0,745.0,1783858732.507868,28062.931640625,nan,nan,50.033775329589844,nan
26.360190868377686,1783858732.5659907,BSMC,eight,optuna_t003_r01,1783858732.546269,-0.4228398743729504,-0.7933150147327728,-3.037325464127977,0.021291541055870486,-0.21753429125337137,1783858732.5301986,-0.4242509603500366,-0.7887889742851257,-3.0434373175422804,1783858732.5552938,-0.3623323169771785,-0.8765601210708676,3.043176422708336,1783858732.55632,-0.0515149322174412,0.08909053816133215,-0.20268342034327372,1783858732.5557232,0.012828602740721763,-0.31640518145405727,1783858732.5591753,0.0,134.0,784.0,1783858732.559479,28062.982421875,nan,nan,51.81629943847656,nan
26.400023698806763,1783858732.6058235,BSMC,eight,optuna_t003_r01,1783858732.5964253,-0.4242794810497599,-0.7924201723441476,-3.0527132589543,0.021586958050661548,-0.22965598011961888,1783858732.5799975,-0.4253966212272644,-0.7879549860954285,-3.0561354902884132,1783858732.5951433,-0.36371843856453234,-0.8764158960350183,3.0326349869276683,1783858732.5955305,-0.050151349224576924,0.08880283112724129,-0.21322485612394118,1783858732.5956407,0.013210304678949892,-0.3222929683499596,1783858732.5591753,0.0,134.0,784.0,1783858732.559479,28062.982421875,nan,nan,51.81629943847656,nan
26.440611839294434,1783858732.6464117,BSMC,eight,optuna_t003_r01,1783858732.5964253,-0.4242794810497599,-0.7924201723441476,-3.0527132589543,0.021586958050661548,-0.22965598011961888,1783858732.6312656,-0.42671895027160645,-0.7867851853370667,-3.067962271988803,1783858732.6347864,-0.3651127350839733,-0.8762558026989503,3.0218896708806677,1783858732.6355057,-0.05149175084072826,0.08875650027194289,-0.2085823773446187,1783858732.6352847,0.012570639169900966,-0.32295604041598375,1783858732.6076138,0.0,140.0,763.0,1783858732.6079092,28063.03125,nan,nan,48.46845626831055,nan
26.4809353351593,1783858732.6867352,BSMC,eight,optuna_t003_r01,1783858732.6466231,-0.42572425023417443,-0.7914600901370556,-3.067079166133342,0.022059595360196846,-0.23762950235608268,1783858732.6801598,-0.42813894152641296,-0.7857536673545837,-3.0795211601659873,1783858732.675403,-0.36650044648518887,-0.8760812733074351,3.011052461889037,1783858732.676013,-0.052759880631620196,0.08879526207737921,-0.20505367915720754,1783858732.6755679,0.01195512708929377,-0.32396592828961374,1783858732.665288,0.0,134.0,730.0,1783858732.665957,28063.08984375,nan,nan,57.4940071105957,nan
26.52014183998108,1783858732.7259417,BSMC,eight,optuna_t003_r01,1783858732.696106,-0.4271572911961098,-0.7904782453051118,-3.0805596781466065,0.02233763005004809,-0.24252006903209863,1783858732.6801598,-0.42813894152641296,-0.7857536673545837,-3.0795211601659873,1783858732.7148616,-0.36787271833325863,-0.8758935427730592,3.0001944565712724,1783858732.7151396,-0.053964275065878343,0.08887232773863231,-0.20243117246170808,1783858732.7152212,0.011362877256448765,-0.32524314698279955,1783858732.7083776,0.0,115.0,693.0,1783858732.7094223,28063.1328125,nan,nan,43.064552307128906,nan
26.560301303863525,1783858732.7661011,BSMC,eight,optuna_t003_r01,1783858732.7464364,-0.42865474380951585,-0.7893580175451871,-3.0974433200950915,0.022069069200037136,-0.2544030015688589,1783858732.7311401,-0.4300840198993683,-0.7842198610305786,-3.101968475538093,1783858732.7548919,-0.3692391147269594,-0.875691412760595,2.9892419163865043,1783858732.7553866,-0.05554740934390736,0.08887157826817381,-0.19650007069799028,1783858732.7555256,0.010636840942887655,-0.3253922773221943,1783858732.7625532,0.0,108.0,669.0,1783858732.7630608,28063.185546875,nan,nan,54.107948303222656,nan
26.600327491760254,1783858732.8061273,BSMC,eight,optuna_t003_r01,1783858732.7968433,-0.4299710031297376,-0.7883971943518594,-3.1113245151600752,0.02132247544706708,-0.2563733158528117,1783858732.7812717,-0.4308764338493347,-0.7839583158493042,-3.1095492736710146,1783858732.7957535,-0.37061496816130457,-0.8754723047772923,2.978070097534298,1783858732.7960894,-0.05418256690272877,0.08859196050782228,-0.2076718895501968,1783858732.7961779,0.01102985457524204,-0.33139059150208905,1783858732.7625532,0.0,108.0,669.0,1783858732.7630608,28063.185546875,nan,nan,54.107948303222656,nan
26.640183925628662,1783858732.8459837,BSMC,eight,optuna_t003_r01,1783858732.7968433,-0.4299710031297376,-0.7883971943518594,-3.1113245151600752,0.02132247544706708,-0.2563733158528117,1783858732.8307,-0.43195581436157227,-0.7829229235649109,-3.114656558018865,1783858732.8347769,-0.3719576206303826,-0.8752431645658538,2.967027897297214,1783858732.8351707,-0.05535854526496997,0.08856187982181013,-0.20483289472229707,1783858732.835263,0.010460511916828508,-0.3325209437098452,1783858732.808343,0.0,108.0,657.0,1783858732.808645,28063.232421875,nan,nan,46.13954544067383,nan
26.680282592773438,1783858732.8860824,BSMC,eight,optuna_t003_r01,1783858732.8461573,-0.4311927724934274,-0.7874160750014576,-3.12169329407046,0.020620108557148402,-0.24969376124865883,1783858732.8838215,-0.4332946836948395,-0.7817994952201843,-3.1278027375570256,1783858732.8752332,-0.37331124520526504,-0.8749965782076259,2.955754405513665,1783858732.8758912,-0.05612738666980617,0.0887148928234375,-0.20573760759546136,1783858732.8760393,0.010037189143378734,-0.3348755003576322,1783858732.8644469,0.0,102.0,695.0,1783858732.8648283,28063.2890625,nan,nan,55.957401275634766,nan
26.720041036605835,1783858732.9258409,BSMC,eight,optuna_t003_r01,1783858732.8962517,-0.43241151835415476,-0.7863871021652575,-3.132686011150891,0.019879997749689515,-0.24483627144389736,1783858732.8838215,-0.4332946836948395,-0.7817994952201843,-3.1278027375570256,1783858732.9151711,-0.3746554156081359,-0.8747359809978759,2.9444185003243986,1783858732.9155843,-0.05696693044514626,0.08885978072810684,-0.2060807957042974,1783858732.9156823,0.00959148927391479,-0.3370014638735711,1783858732.909528,0.0,108.0,752.0,1783858732.9108045,28063.333984375,nan,nan,44.86173629760742,nan
26.760047912597656,1783858732.9658477,BSMC,eight,optuna_t003_r01,1783858732.9465256,-0.4337718583469245,-0.7853278204845836,3.135987378801044,0.019595374312033134,-0.24962637923636205,1783858732.9292462,-0.43509167432785034,-0.7805882096290588,3.1361491857969312,1783858732.9550335,-0.37599967297136494,-0.8744594204361864,2.9329402736253725,1783858732.9553792,-0.05827088229663572,0.08880637245925657,-0.20304710517567148,1783858732.955471,0.008977332674898201,-0.3380014008120111,1783858732.909528,0.0,108.0,752.0,1783858732.9108045,28063.333984375,nan,nan,44.86173629760742,nan
26.800158262252808,1783858733.005958,BSMC,eight,optuna_t003_r01,1783858732.9959629,-0.43506745828322874,-0.7842613538261523,3.125074923798881,0.019727888921236413,-0.2454145972557463,1783858732.979742,-0.4360451400279999,-0.7795473337173462,3.130989639444073,1783858732.9950519,-0.37732340792239527,-0.8741712310422145,2.921498109352724,1783858732.9953892,-0.0569455527685495,0.08852560745189293,-0.21448926944832003,1783858732.9954762,0.009367459348364889,-0.34384830133565586,1783858732.9665341,0.0,121.0,793.0,1783858732.9667845,28063.390625,nan,nan,57.205570220947266,nan
26.84028172492981,1783858733.0460815,BSMC,eight,optuna_t003_r01,1783858732.9959629,-0.43506745828322874,-0.7842613538261523,3.125074923798881,0.019727888921236413,-0.2454145972557463,1783858733.032083,-0.4370536506175995,-0.7786988615989685,3.11761494954195,1783858733.035076,-0.37865706528323184,-0.8738646988601675,2.909829802098835,1783858733.0354283,-0.057882674340122654,0.08865939257029787,-0.21524512170004592,1783858733.0355206,0.00888713467301288,-0.3459995522108456,1783858733.009264,0.0,134.0,763.0,1783858733.0095184,28063.43359375,nan,nan,42.907325744628906,nan
26.880123615264893,1783858733.0859234,BSMC,eight,optuna_t003_r01,1783858733.0460026,-0.4363568685452009,-0.7832141571448739,3.1134496367292672,0.020313952223844377,-0.24375242787870635,1783858733.082857,-0.43780776858329773,-0.777609646320343,3.10467384936509,1783858733.0752628,-0.3799764734281549,-0.8735451781997091,2.8981469037571816,1783858733.0755944,-0.05889992100613732,0.0887087460391257,-0.21530273297208558,1783858733.07622,0.008382165030135618,-0.34787489034844776,1783858733.060404,0.0,140.0,741.0,1783858733.0607595,28063.484375,nan,nan,50.972957611083984,nan
26.919991493225098,1783858733.1257913,BSMC,eight,optuna_t003_r01,1783858733.0961287,-0.4375766131321339,-0.7821461849051753,3.101345013854654,0.021015870146111684,-0.24381564858804733,1783858733.082857,-0.43780776858329773,-0.777609646320343,3.10467384936509,1783858733.1148574,-0.3812755885900626,-0.8732144877674051,2.8865078670153386,1783858733.115277,-0.059919725232650774,0.08872918166385486,-0.21483714683931554,1783858733.115491,0.007884118253821635,-0.3495123684446462,1783858733.1092937,0.0,128.0,711.0,1783858733.1097322,28063.533203125,nan,nan,48.876075744628906,nan
26.96039581298828,1783858733.1661956,BSMC,eight,optuna_t003_r01,1783858733.1458766,-0.4389110336447678,-0.780974353309668,3.0867123527812854,0.021455689080122818,-0.2504015550467846,1783858733.132326,-0.4396119713783264,-0.776049792766571,3.085900105904917,1783858733.1556616,-0.3825998162892206,-0.8728606859174717,2.8745047352403335,1783858733.156042,-0.061266656862799126,0.08865916803710507,-0.21220761754095196,1783858733.1557677,0.007266162452986084,-0.35043566167129886,1783858733.1618807,0.0,102.0,695.0,1783858733.1621923,28063.5859375,nan,nan,52.82240295410156,nan
27.00048851966858,1783858733.2062883,BSMC,eight,optuna_t003_r01,1783858733.1959064,-0.4400062878881879,-0.779871890370192,3.075865804304795,0.02078707498618915,-0.24541212015852526,1783858733.187711,-0.4402533769607544,-0.7753565907478333,3.080011578866566,1783858733.1948833,-0.3838743604912984,-0.872503931224059,2.8628190366184056,1783858733.1958895,-0.059974462567057324,0.08837286271690549,-0.22389331616287977,1783858733.1952417,0.007656232032679204,-0.35606407316082483,1783858733.1618807,0.0,102.0,695.0,1783858733.1621923,28063.5859375,nan,nan,52.82240295410156,nan
27.04011106491089,1783858733.245911,BSMC,eight,optuna_t003_r01,1783858733.1959064,-0.4400062878881879,-0.779871890370192,3.075865804304795,0.02078707498618915,-0.24541212015852526,1783858733.2292657,-0.44086962938308716,-0.7747071981430054,3.0717522248194307,1783858733.2355785,-0.38517356498462757,-0.872123593755828,2.8507728886042587,1783858733.235885,-0.06077337541184499,0.0884511227719635,-0.22509291570053636,1783858733.2362144,0.0072482200956880335,-0.3581026366968232,1783858733.2097797,0.0,108.0,734.0,1783858733.2101786,28063.6328125,nan,nan,47.6128044128418,nan
27.080268144607544,1783858733.286068,BSMC,eight,optuna_t003_r01,1783858733.2461371,-0.4410137490494742,-0.7788750608014606,3.0652634518532302,0.02011089226873276,-0.24039637811469106,1783858733.27986,-0.44168704748153687,-0.7742685675621033,3.0649567005840734,1783858733.275322,-0.3864569166654856,-0.8717310616598041,2.8387405006873934,1783858733.2758431,-0.0614787256363719,0.08842539877946277,-0.22652295116583687,1783858733.2759838,0.006881840572575638,-0.36016449573216164,1783858733.2601233,0.0,128.0,746.0,1783858733.2604353,28063.68359375,nan,nan,50.51572036743164,nan
27.120267152786255,1783858733.326067,BSMC,eight,optuna_t003_r01,1783858733.296372,-0.44201840475538867,-0.7779655233163495,3.056311175753199,0.020111947530223467,-0.23230794306312183,1783858733.27986,-0.44168704748153687,-0.7742685675621033,3.0649567005840734,1783858733.3158572,-0.38773602172674837,-0.8713228697564099,2.8266162279336497,1783858733.3159235,-0.06203711186108548,0.08839438892561365,-0.22969494781954938,1783858733.3159964,0.006567467893952601,-0.36274394612173816,1783858733.3107703,0.0,121.0,734.0,1783858733.3112888,28063.734375,nan,nan,50.155338287353516,nan
27.15994167327881,1783858733.3657415,BSMC,eight,optuna_t003_r01,1783858733.346353,-0.4431904003697385,-0.7768642440398777,3.042958444939929,0.02029616638703098,-0.2368465762006952,1783858733.3292542,-0.4434707760810852,-0.7724040746688843,3.0439172576294222,1783858733.3556044,-0.3889951125451241,-0.8709042207956768,2.8145534148896956,1783858733.3556898,-0.0631924025790796,0.08824605774145126,-0.22840503005023338,1783858733.355765,0.0060411307725155875,-0.3637826860588142,1783858733.360341,0.0,115.0,741.0,1783858733.3607574,28063.78515625,nan,nan,49.90981674194336,nan
27.200350999832153,1783858733.4061508,BSMC,eight,optuna_t003_r01,1783858733.395969,-0.44426423703286244,-0.775748601045984,3.0303461271096492,0.02019433779444914,-0.23878809320137184,1783858733.3819008,-0.44431307911872864,-0.7713236212730408,3.0320742520064523,1783858733.3951828,-0.39025861153841723,-0.870466990238839,2.8023207378503603,1783858733.3958316,-0.061891988712967666,0.08793537455441142,-0.2406377070895687,1783858733.3956008,0.006442751349347657,-0.36927734724499456,1783858733.360341,0.0,115.0,741.0,1783858733.3607574,28063.78515625,nan,nan,49.90981674194336,nan
27.240093231201172,1783858733.445893,BSMC,eight,optuna_t003_r01,1783858733.395969,-0.44426423703286244,-0.775748601045984,3.0303461271096492,0.02019433779444914,-0.23878809320137184,1783858733.4307911,-0.44546669721603394,-0.770109236240387,3.0242470712013767,1783858733.4348905,-0.3915149405267695,-0.8700149172835266,2.7900310997497444,1783858733.4352558,-0.06288840911764623,0.08782752790290559,-0.24031502735990484,1783858733.4354928,0.005983263866860516,-0.37049848742926106,1783858733.4102995,0.0,121.0,758.0,1783858733.4106848,28063.833984375,nan,nan,50.08197021484375,nan
27.27998971939087,1783858733.4857895,BSMC,eight,optuna_t003_r01,1783858733.4460464,-0.4453747590281935,-0.77460815672447,3.0193841389834075,0.020259347152658834,-0.2361006406826806,1783858733.480344,-0.4465031027793884,-0.7688838839530945,3.010985524895691,1783858733.4759707,-0.39275735567954617,-0.8695505360227315,2.7777541346446757,1783858733.4755406,-0.06379888137797472,0.08781998210480516,-0.24163000433873183,1783858733.4761462,0.005551011713027469,-0.3721606377239704,1783858733.4607346,0.0,121.0,778.0,1783858733.4611611,28063.884765625,nan,nan,50.11479187011719,nan
27.321556568145752,1783858733.5273564,BSMC,eight,optuna_t003_r01,1783858733.4959514,-0.44647394005304425,-0.7734418246168883,3.0076007977534576,0.02034756989543495,-0.23604901781705973,1783858733.480344,-0.4465031027793884,-0.7688838839530945,3.010985524895691,1783858733.5150492,-0.39400148591957085,-0.8690679243694912,2.7653378337512198,1783858733.515339,-0.06477693027258011,0.08775909469192086,-0.2422629640022378,1783858733.5157082,0.005099620136867936,-0.3735394219349034,1783858733.510985,0.0,121.0,828.0,1783858733.5113564,28063.93359375,nan,nan,50.07621765136719,nan
27.360348224639893,1783858733.566148,BSMC,eight,optuna_t003_r01,1783858733.5459898,-0.4476241511167783,-0.7721375723512935,2.9938017728785677,0.020493181111721864,-0.24108855867740617,1783858733.529523,-0.44779103994369507,-0.7670429944992065,2.994229407848389,1783858733.5554256,-0.3952413509264593,-0.8685691124528273,2.7528429856971406,1783858733.5558546,-0.06601164195084354,0.08766677140790707,-0.24095878718142716,1783858733.5559554,0.004560115537969399,-0.37420785269632795,1783858733.5610695,-15.0,134.0,787.0,1783858733.5615575,28063.984375,nan,nan,50.601234436035156,nan
27.400177717208862,1783858733.6059775,BSMC,eight,optuna_t003_r01,1783858733.5969925,-0.44874127952119436,-0.7709179953176238,2.981801351305221,0.020504966060778063,-0.24100247868975908,1783858733.5814579,-0.4487595558166504,-0.7662884593009949,2.9858364359765592,1783858733.5953906,-0.39645990321070984,-0.8680611638223094,2.7404459370336807,1783858733.5960186,-0.06473157616746958,0.08734379606684753,-0.2533558358448871,1783858733.596477,0.00496805353410386,-0.3793468623958088,1783858733.5610695,-15.0,134.0,787.0,1783858733.5615575,28063.984375,nan,nan,50.601234436035156,nan
27.44011926651001,1783858733.645919,BSMC,eight,optuna_t003_r01,1783858733.5969925,-0.44874127952119436,-0.7709179953176238,2.981801351305221,0.020504966060778063,-0.24100247868975908,1783858733.6299744,-0.4495757818222046,-0.7653566002845764,2.974199774191884,1783858733.6355598,-0.39768977603976774,-0.8675303367589069,2.7278170775495925,1783858733.6366758,-0.06577333282436403,0.0872586340464748,-0.2539842737556284,1783858733.6364224,0.004502199873916181,-0.38048828842487253,1783858733.6111763,-15.0,140.0,677.0,1783858733.6116734,28064.03515625,nan,nan,49.78261947631836,nan
27.48022961616516,1783858733.6860294,BSMC,eight,optuna_t003_r01,1783858733.6461506,-0.449786224929217,-0.7697483169226537,2.970036560549736,0.020619958154973316,-0.24167175414091432,1783858733.6801963,-0.4504687786102295,-0.7644944190979004,2.9636174450364536,1783858733.675596,-0.398889297629511,-0.8669946824952858,2.7153880257146374,1783858733.6759455,-0.06675126780202328,0.08712990917279861,-0.2546485348350984,1783858733.6760337,0.004067422793621168,-0.3815486950870616,1783858733.662387,0.0,102.0,593.0,1783858733.6628087,28064.0859375,nan,nan,51.4330940246582,nan
27.521048545837402,1783858733.7268484,BSMC,eight,optuna_t003_r01,1783858733.696188,-0.45075407258757283,-0.7686318837820088,2.9587514950293197,0.020060889805215705,-0.239398080048986,1783858733.6801963,-0.4504687786102295,-0.7644944190979004,2.9636174450364536,1783858733.7156043,-0.4000971932678042,-0.8664370354963022,2.7027617304051454,1783858733.7159734,-0.06759581738530737,0.08696420295895171,-0.2559897646241742,1783858733.7160528,0.00368688213965281,-0.38276309230782185,1783858733.711117,0.0,57.0,604.0,1783858733.7114496,28064.134765625,nan,nan,48.80335235595703,nan
27.560600519180298,1783858733.7664003,BSMC,eight,optuna_t003_r01,1783858733.746142,-0.4517359155549696,-0.767389956175006,2.94562561068918,0.01832008043907738,-0.24066789536944674,1783858733.7297196,-0.4522053301334381,-0.762639582157135,2.94686472806894,1783858733.7549548,-0.40127772367312975,-0.8658739622052817,2.690315572182563,1783858733.755505,-0.06866874245874696,0.08677403056727409,-0.2553100385066167,1783858733.7553012,0.003232018176645859,-0.3832183717568765,1783858733.761537,-15.0,64.0,689.0,1783858733.7618675,28064.185546875,nan,nan,50.28322219848633,nan
27.600640058517456,1783858733.8064399,BSMC,eight,optuna_t003_r01,1783858733.7961564,-0.4525335310316127,-0.7661746013701078,2.9319541698754206,0.016183582329153044,-0.24299340830377547,1783858733.779975,-0.45281437039375305,-0.7614821791648865,2.9324425009408714,1783858733.7953937,-0.4024753521775098,-0.8652841132972056,2.6775834957877023,1783858733.796179,-0.0673791842430195,0.08642866789252196,-0.26804211490147756,1783858733.7958028,0.0036567032770203093,-0.3880354661783913,1783858733.761537,-15.0,64.0,689.0,1783858733.7618675,28064.185546875,nan,nan,50.28322219848633,nan
27.640506744384766,1783858733.8463066,BSMC,eight,optuna_t003_r01,1783858733.7961564,-0.4525335310316127,-0.7661746013701078,2.9319541698754206,0.016183582329153044,-0.24299340830377547,1783858733.8296757,-0.4535975754261017,-0.7604398727416992,2.927303543326483,1783858733.8356414,-0.4036537353604924,-0.8646850567002851,2.664953566453047,1783858733.8361735,-0.06831027937450673,0.08618149433600086,-0.2670006034223737,1783858733.8358288,0.003273270750439411,-0.3882102451914038,1783858733.812089,-46.0,83.0,842.0,1783858733.8124743,28064.236328125,nan,nan,50.465755462646484,nan
27.680025577545166,1783858733.8858254,BSMC,eight,optuna_t003_r01,1783858733.8462656,-0.4532358635854436,-0.7650075468325706,2.9213170880325325,0.013987164379009594,-0.23843588726209186,1783858733.8796751,-0.4543565511703491,-0.7592146992683411,2.915770380005732,1783858733.8748062,-0.4048104426609227,-0.8640786137478126,2.6524585865131884,1783858733.8754683,-0.06890221416033898,0.08609635634127716,-0.2688585015193441,1783858733.8758929,0.0030109135613339416,-0.38921014331221243,1783858733.8615468,-62.0,102.0,923.0,1783858733.861965,28064.28515625,nan,nan,49.6693115234375,nan
27.720759630203247,1783858733.9265594,BSMC,eight,optuna_t003_r01,1783858733.8959708,-0.45389870516768444,-0.7638352686723606,2.9103829027365093,0.012311456523925781,-0.23690268456851424,1783858733.8796751,-0.4543565511703491,-0.7592146992683411,2.915770380005732,1783858733.916179,-0.405985902331599,-0.8634432619429544,2.6396637956640436,1783858733.9158292,-0.06946353233646832,0.08597794295250774,-0.2707191070724657,1783858733.9162526,0.002765728065321749,-0.39013271338390426,1783858733.9148023,-93.0,134.0,971.0,1783858733.9155376,28064.337890625,nan,nan,53.122188568115234,nan
27.7599937915802,1783858733.9657936,BSMC,eight,optuna_t003_r01,1783858733.9460502,-0.4547742247212537,-0.7623365585537315,2.8937261339649227,0.011345912437772623,-0.25207599890861715,1783858733.9306574,-0.456072062253952,-0.7563765645027161,2.8906138584196595,1783858733.9547312,-0.40712971655121954,-0.8628061597687056,2.627120981091554,1783858733.95543,-0.07083723339333584,0.08571012946109946,-0.26660515287336883,1783858733.9555357,0.0022368726507089104,-0.38902453515135355,1783858733.9627576,-140.0,153.0,1099.0,1783858733.963131,28064.38671875,nan,nan,48.04840850830078,nan
27.80035972595215,1783858734.0061595,BSMC,eight,optuna_t003_r01,1783858733.996617,-0.4555745547666067,-0.7609364212353805,2.879327362960715,0.009867652957674306,-0.2613679368255445,1783858733.9796689,-0.45699572563171387,-0.7552992701530457,2.8824620959678637,1783858733.9954162,-0.4082853757794678,-0.8621431627024786,2.6143573605746067,1783858733.9958038,-0.06955423615854459,0.08535091997183332,-0.2793687733903161,1783858733.9961023,0.002675950714564915,-0.39338449297634026,1783858733.9627576,-140.0,153.0,1099.0,1783858733.963131,28064.38671875,nan,nan,48.04840850830078,nan
27.840522289276123,1783858734.046322,BSMC,eight,optuna_t003_r01,1783858733.996617,-0.4555745547666067,-0.7609364212353805,2.879327362960715,0.009867652957674306,-0.2613679368255445,1783858734.0297942,-0.4578152000904083,-0.754335343837738,2.8720565114330316,1783858734.0355568,-0.40943407235046114,-0.8614645182844882,2.6015818848604417,1783858734.0359428,-0.07062653861264565,0.08512775374404007,-0.27774547810027306,1783858734.0360339,0.002261173328195379,-0.3929009350959291,1783858734.0175023,-140.0,147.0,950.0,1783858734.0179229,28064.44140625,nan,nan,54.87803268432617,nan
27.8802547454834,1783858734.0860546,BSMC,eight,optuna_t003_r01,1783858734.0459971,-0.45630087182859447,-0.7596323646551042,2.8663469411257516,0.008278488046436385,-0.2674602696458717,1783858734.0834973,-0.4579932689666748,-0.7536652088165283,2.866533962620418,1783858734.0752983,-0.4105565712644987,-0.8607820162733639,2.5890141133297275,1783858734.0759199,-0.07151321110706435,0.08490967962340981,-0.2773328277960241,1783858734.0754893,0.0019172563709796116,-0.3927201627268059,1783858734.0654418,-46.0,128.0,809.0,1783858734.0657682,28064.490234375,nan,nan,47.8401985168457,nan
27.92028307914734,1783858734.126083,BSMC,eight,optuna_t003_r01,1783858734.096095,-0.45706620025084127,-0.7583964106071056,2.856684178764221,0.009069489113681627,-0.26113614348420744,1783858734.0834973,-0.4579932689666748,-0.7536652088165283,2.866533962620418,1783858734.1152165,-0.4116824559044303,-0.8600778304406624,2.5763272512626116,1783858734.1155741,-0.07213376450030075,0.08482638392200616,-0.28035692750160957,1783858734.1156561,0.0016581931795898574,-0.3935469667125525,1783858734.1192768,-46.0,102.0,895.0,1783858734.1195917,28064.54296875,nan,nan,53.921783447265625,nan
27.960424661636353,1783858734.1662245,BSMC,eight,optuna_t003_r01,1783858734.146652,-0.4577506708948113,-0.7572460583477437,2.846206613199435,0.009542943864151133,-0.2559641912438145,1783858734.1307168,-0.4583054482936859,-0.7528605461120605,2.8550217365891783,1783858734.1551373,-0.4127962078114061,-0.8593614626490511,2.5636990335235295,1783858734.1552207,-0.0727342107222345,0.08460611170211227,-0.2825075796759054,1783858734.155519,0.001419661989300461,-0.3940214385886396,1783858734.1192768,-46.0,102.0,895.0,1783858734.1195917,28064.54296875,nan,nan,53.921783447265625,nan
28.00109076499939,1783858734.2068906,BSMC,eight,optuna_t003_r01,1783858734.1960528,-0.4580973601108739,-0.7562363532812478,2.8379234115535468,0.0067472044033439205,-0.24805046821477228,1783858734.1855884,-0.4587268829345703,-0.7521133422851562,2.8480395496031257,1783858734.1959796,-0.41391786653797014,-0.8586196847646558,2.5509047048039624,1783858734.1960678,-0.07144519286053948,0.08422298550764562,-0.2953019083954724,1783858734.19615,0.0018765653302907897,-0.39792302726339224,1783858734.1673522,-140.0,89.0,993.0,1783858734.1676207,28064.591796875,nan,nan,48.068607330322266,nan
28.040151119232178,1783858734.245951,BSMC,eight,optuna_t003_r01,1783858734.1960528,-0.4580973601108739,-0.7562363532812478,2.8379234115535468,0.0067472044033439205,-0.24805046821477228,1783858734.2306879,-0.45891985297203064,-0.7512012720108032,2.840506735975565,1783858734.2350237,-0.41500248716132226,-0.8578825618099704,2.5384618616217076,1783858734.2351048,-0.07151771047594202,0.08410907722167608,-0.29946154993183915,1783858734.2351933,0.0018467886444661474,-0.39885778939582306,1783858734.2137706,-171.0,96.0,1065.0,1783858734.2144868,28064.63671875,nan,nan,46.1707878112793,nan
28.080211877822876,1783858734.2860117,BSMC,eight,optuna_t003_r01,1783858734.2461061,-0.45820927104685194,-0.7553239726731679,2.829214762934053,0.002884131662636356,-0.2434096057025055,1783858734.2832143,-0.4589192569255829,-0.7498441934585571,2.824384409886084,1783858734.2755108,-0.4161120829764382,-0.8571078133486609,2.5256623538887446,1783858734.2759163,-0.07134036069201335,0.08392065539796134,-0.30355240904530856,1783858734.276017,0.0019275267229010504,-0.3996787217116524,1783858734.2638054,-140.0,121.0,1079.0,1783858734.2642717,28064.6875,nan,nan,50.03163146972656,nan
28.120787143707275,1783858734.326587,BSMC,eight,optuna_t003_r01,1783858734.2959948,-0.4583190071219569,-0.7543155568188981,2.8180902613460708,0.0010065619853530147,-0.24616250504170664,1783858734.2832143,-0.4589192569255829,-0.7498441934585571,2.824384409886084,1783858734.3148463,-0.4171827001393258,-0.8563400230593654,2.5132472588234656,1783858734.3149052,-0.0714349567403665,0.08365545062530888,-0.3048430025226052,1783858734.315162,0.0019249231956852521,-0.39952309706868483,1783858734.313775,-93.0,147.0,1011.0,1783858734.3142374,28064.73828125,nan,nan,50.04174041748047,nan
28.160263299942017,1783858734.366063,BSMC,eight,optuna_t003_r01,1783858734.346141,-0.45858877280094174,-0.7528396337867842,2.797362856154089,0.0022237055901380824,-0.27248003996173364,1783858734.331888,-0.4587934911251068,-0.7466420531272888,2.788922258311363,1783858734.3555272,-0.41826879597312594,-0.8555403245568037,2.5005893282181813,1783858734.3559153,-0.0726132144231765,0.08306896837669629,-0.2967735279359079,1783858734.3560157,0.0015666459579570264,-0.3962505347609258,1783858734.313775,-93.0,147.0,1011.0,1783858734.3142374,28064.73828125,nan,nan,50.04174041748047,nan
28.200648069381714,1783858734.406448,BSMC,eight,optuna_t003_r01,1783858734.3964348,-0.45878126252407103,-0.7512374577878218,2.775145144029408,0.0029409379154685623,-0.2945202765217305,1783858734.382938,-0.4586281180381775,-0.7445352077484131,2.7651992591425656,1783858734.3959303,-0.4193476601284395,-0.8547247105837884,2.487954657617064,1783858734.396336,-0.0713223944470519,0.08266528804792612,-0.30940819853702495,1783858734.396435,0.002041384389093571,-0.39965719577969283,1783858734.313775,-93.0,147.0,1011.0,1783858734.3142374,28064.73828125,nan,nan,50.04174041748047,nan
28.240577936172485,1783858734.4463778,BSMC,eight,optuna_t003_r01,1783858734.3964348,-0.45878126252407103,-0.7512374577878218,2.775145144029408,0.0029409379154685623,-0.2945202765217305,1783858734.4306886,-0.45808863639831543,-0.7429182529449463,2.742616365486522,1783858734.4348907,-0.42039437610912933,-0.8539126838818034,2.4756404245470054,1783858734.43531,-0.07262687482558888,0.0821041543111682,-0.29950471948240276,1783858734.4357686,0.0016574067469200407,-0.3956161619658942,1783858734.4366715,-187.0,128.0,1021.0,1783858734.4369295,28064.861328125,nan,nan,6.044119834899902,nan
28.280086040496826,1783858734.4858859,BSMC,eight,optuna_t003_r01,1783858734.445878,-0.4586113356114917,-0.7497150968618365,2.7508338686864255,0.0005916628866140675,-0.3306326497193815,1783858734.4810815,-0.45760002732276917,-0.7418373823165894,2.725968028673736,1783858734.4752417,-0.42144315241526614,-0.8530781032878605,2.4632486563625604,1783858734.47596,-0.07373640431844408,0.08141454180747693,-0.28758521232386514,1783858734.475474,0.0013766591693727681,-0.3908289980643782,1783858734.475629,-156.0,128.0,980.0,1783858734.4760644,28064.8984375,nan,nan,38.25946807861328,nan
28.320509672164917,1783858734.5263095,BSMC,eight,optuna_t003_r01,1783858734.4961162,-0.45837915941407315,-0.7482864778404105,2.728614404230146,-0.0005898011124470505,-0.34988127168713334,1783858734.4810815,-0.45760002732276917,-0.7418373823165894,2.725968028673736,1783858734.514853,-0.42249051227652207,-0.8522232094428908,2.4508224747806198,1783858734.5160055,-0.07458533505933262,0.0807952162176497,-0.27779192944952635,1783858734.5153768,0.0011862945732605884,-0.38662576766878426,1783858734.5137308,-93.0,128.0,913.0,1783858734.5141084,28064.9375,nan,nan,38.56892776489258,nan
28.360759258270264,1783858734.566559,BSMC,eight,optuna_t003_r01,1783858734.5459898,-0.45817450482750344,-0.7466493453698239,2.704200374707498,0.00030316691252745616,-0.3703120973823852,1783858734.5317426,-0.4568687975406647,-0.739565908908844,2.6986799096029843,1783858734.555215,-0.4235293272010501,-0.8513536061349054,2.438449278229532,1783858734.5556128,-0.07573414945496516,0.08017237155943249,-0.2657510964779659,1783858734.556015,0.0008920113385226048,-0.3815812882219526,1783858734.5644205,-78.0,128.0,910.0,1783858734.5647233,28064.98828125,nan,nan,50.803009033203125,nan
28.40023398399353,1783858734.6060338,BSMC,eight,optuna_t003_r01,1783858734.59612,-0.4578907460609035,-0.745067338226887,2.6824150547476013,0.001975162099683716,-0.37985786089189894,1783858734.58123,-0.4557686150074005,-0.738436758518219,2.682878117148602,1783858734.5953443,-0.42455728496602896,-0.8504713060979148,2.4261600303026847,1783858734.5958624,-0.07442924085144798,0.0798085528431453,-0.2780403444048134,1783858734.595959,0.0014092738425433822,-0.3844874829758326,1783858734.5644205,-78.0,128.0,910.0,1783858734.5647233,28064.98828125,nan,nan,50.803009033203125,nan
28.44026780128479,1783858734.6460676,BSMC,eight,optuna_t003_r01,1783858734.59612,-0.4578907460609035,-0.745067338226887,2.6824150547476013,0.001975162099683716,-0.37985786089189894,1783858734.6307528,-0.45462411642074585,-0.7370996475219727,2.6616272040345113,1783858734.6357563,-0.425586248539168,-0.8495658955039229,2.4138156416727363,1783858734.6358356,-0.0752732248687843,0.07935660433112805,-0.268599413074865,1783858734.6359766,0.0012293886851920295,-0.3800971809672957,1783858734.6137583,-109.0,115.0,904.0,1783858734.6141522,28065.037109375,nan,nan,49.252010345458984,nan
28.48019289970398,1783858734.6859927,BSMC,eight,optuna_t003_r01,1783858734.6462784,-0.4573899470043066,-0.7435518573269946,2.6604044168610215,0.0022768075124303022,-0.3885217897314166,1783858734.6810749,-0.45382392406463623,-0.7354670166969299,2.6361237854484556,1783858734.6749864,-0.4265810646322309,-0.8486688373375202,2.4018418770653103,1783858734.675322,-0.07596198518479544,0.07892112218116613,-0.25856253979571114,1783858734.675439,0.001119320772451699,-0.3754506548974649,1783858734.6643543,-124.0,89.0,851.0,1783858734.6646972,28065.087890625,nan,nan,50.68363571166992,nan
28.519965410232544,1783858734.7257652,BSMC,eight,optuna_t003_r01,1783858734.696222,-0.4567106992005078,-0.7420695164816709,2.636850868774831,0.0009891949373667353,-0.3997046805651563,1783858734.6810749,-0.45382392406463623,-0.7354670166969299,2.6361237854484556,1783858734.7150674,-0.42758375358056255,-0.8477425495654864,2.3897364790161926,1783858734.7157145,-0.07659631479856709,0.07841028913069538,-0.24711438975863856,1783858734.7151873,0.001046788756868049,-0.37023561344022327,1783858734.7145944,-109.0,89.0,849.0,1783858734.7153988,28065.138671875,nan,nan,50.010276794433594,nan
28.55993676185608,1783858734.7657366,BSMC,eight,optuna_t003_r01,1783858734.746194,-0.4558624498121822,-0.7402872689846048,2.606129442341363,-3.248990732506696e-05,-0.4269547101503694,1783858734.7302754,-0.4523526132106781,-0.7322584390640259,2.595106870412215,1783858734.755868,-0.42857910309452113,-0.8468005065171395,2.3776850161172773,1783858734.755375,-0.07781181937216744,0.0776837920274972,-0.22844442622408545,1783858734.7559655,0.0007882541034695528,-0.3625428913500459,1783858734.7645712,-78.0,102.0,806.0,1783858734.7652957,28065.1875,nan,nan,49.88703536987305,nan
28.600506067276,1783858734.806306,BSMC,eight,optuna_t003_r01,1783858734.7961054,-0.455003675398204,-0.73852631006336,2.577526682217643,0.00040250004186228634,-0.4441992604315426,1783858734.7800791,-0.4510268568992615,-0.7308148741722107,2.5720215100929145,1783858734.7956128,-0.42957630328539353,-0.8458336108927635,2.3655784522496184,1783858734.7962134,-0.07646084661404498,0.07736104138702651,-0.2405509900917444,1783858734.7963207,0.0013635506685261613,-0.3650257441756965,1783858734.7645712,-78.0,102.0,806.0,1783858734.7652957,28065.1875,nan,nan,49.88703536987305,nan
28.63996648788452,1783858734.8457663,BSMC,eight,optuna_t003_r01,1783858734.7961054,-0.455003675398204,-0.73852631006336,2.577526682217643,0.00040250004186228634,-0.4441992604315426,1783858734.8303528,-0.44981440901756287,-0.7292430996894836,2.547376801531942,1783858734.8349519,-0.4305457772586174,-0.8448708515609666,2.3537789814703514,1783858734.8352315,-0.07752371681582425,0.0767946848343195,-0.22374770074729167,1783858734.8355412,0.0011592574510527216,-0.357781391757405,1783858734.817184,-62.0,96.0,804.0,1783858734.8175602,28065.240234375,nan,nan,52.88004684448242,nan
28.68032169342041,1783858734.8861215,BSMC,eight,optuna_t003_r01,1783858734.8459206,-0.45414117332956083,-0.7367569792946965,2.550079362190632,0.0014759326819979732,-0.45516797795022507,1783858734.8799539,-0.44930657744407654,-0.7279013991355896,2.5257128973792007,1783858734.8755565,-0.4315216567414475,-0.8438784821231071,2.3418739899565395,1783858734.875873,-0.07850927187440367,0.07630827693407892,-0.2082053722340924,1783858734.8759553,0.000975583440513992,-0.3508265782757458,1783858734.8645015,-15.0,83.0,798.0,1783858734.864821,28065.2890625,nan,nan,47.354164123535156,nan
28.721362590789795,1783858734.9271624,BSMC,eight,optuna_t003_r01,1783858734.8959668,-0.4534662916253216,-0.7349815858602506,2.5247259128629427,0.003562057131330037,-0.4571954654378323,1783858734.8799539,-0.44930657744407654,-0.7279013991355896,2.5257128973792007,1783858734.9147727,-0.4324756064200437,-0.8428852693363983,2.33021154638405,1783858734.9152188,-0.07954235921523278,0.07587375609248961,-0.19451436647889286,1783858734.9153037,0.0007547255601840974,-0.3444263997641038,1783858734.9144247,-31.0,57.0,740.0,1783858734.9148593,28065.337890625,nan,nan,49.91655731201172,nan
28.759960889816284,1783858734.9657607,BSMC,eight,optuna_t003_r01,1783858734.946511,-0.45265686106689906,-0.7330076738247854,2.49595749516034,0.004407994796567882,-0.46603534989687634,1783858734.9295795,-0.44800877571105957,-0.7250030040740967,2.4923319056363105,1783858734.9550338,-0.43343368219547923,-0.8418641111945773,2.318475525417774,1783858734.9553564,-0.08085345175504811,0.07537886906859331,-0.17748196974256603,1783858734.9554923,0.00043807613834292037,-0.33678892222633133,1783858734.9647784,-124.0,38.0,810.0,1783858734.9148593,28065.337890625,nan,nan,49.91655731201172,nan
28.800273895263672,1783858735.0060737,BSMC,eight,optuna_t003_r01,1783858734.9961538,-0.4516252700572745,-0.7313404180504761,2.4726810412880718,0.0014939549260083197,-0.46199821991262113,1783858734.9793863,-0.44744083285331726,-0.7237535715103149,2.4779404729897463,1783858734.9952729,-0.4343788504951249,-0.8408328568003978,2.306876557909195,1783858734.9957402,-0.07947801723316196,0.07512390119576717,-0.18908093725114483,1783858734.9958508,0.001067388311138416,-0.33882214031467656,1783858734.9647784,-124.0,38.0,810.0,1783858734.966328,28065.388671875,nan,nan,50.467708587646484,nan
28.840908765792847,1783858735.0467086,BSMC,eight,optuna_t003_r01,1783858734.9961538,-0.4516252700572745,-0.7313404180504761,2.4726810412880718,0.0014939549260083197,-0.46199821991262113,1783858735.0292418,-0.44662314653396606,-0.7226769924163818,2.4610400379222055,1783858735.0347629,-0.4353056380060844,-0.8397980227913802,2.29548441788642,1783858735.0350866,-0.08006079108363462,0.07496433917192237,-0.17719662340165157,1783858735.0351653,0.0010284488247194233,-0.33277383141784256,1783858735.016395,-140.0,51.0,913.0,1783858735.0167062,28065.439453125,nan,nan,51.5222053527832,nan
28.880353927612305,1783858735.0861537,BSMC,eight,optuna_t003_r01,1783858735.0468028,-0.45049590158906017,-0.729902295968958,2.451279764046267,-0.002078034638456957,-0.4540801907681787,1783858735.0821958,-0.44576385617256165,-0.721750795841217,2.44505987258105,1783858735.076076,-0.43625073906185996,-0.8387179709759034,2.2838496311393377,1783858735.07616,-0.08027516573862549,0.07483096650638511,-0.16743013290692943,1783858735.0766065,0.0011350649554046173,-0.3273159238900929,1783858735.066377,-109.0,102.0,934.0,1783858735.066663,28065.490234375,nan,nan,50.045021057128906,nan
28.92006015777588,1783858735.12586,BSMC,eight,optuna_t003_r01,1783858735.0963964,-0.44951081525809705,-0.7284761750845465,2.43300178821752,-0.0027257593592663713,-0.4416312604670266,1783858735.0821958,-0.44576385617256165,-0.721750795841217,2.44505987258105,1783858735.1150568,-0.4371580645626691,-0.8376569007802264,2.272664677659237,1783858735.1153424,-0.08043013145501832,0.07485997106135663,-0.16033711055828317,1783858735.1156614,0.0012483551853406851,-0.32274890076591867,1783858735.1173296,-78.0,140.0,911.0,1783858735.117602,28065.541015625,nan,nan,51.05411911010742,nan
28.959803342819214,1783858735.1656032,BSMC,eight,optuna_t003_r01,1783858735.146222,-0.4486966706166496,-0.7268023145701124,2.4111603502294243,-0.00037933719071522,-0.44040054273464796,1783858735.1312706,-0.4446223974227905,-0.7198304533958435,2.4169504350731263,1783858735.154873,-0.4380629699917705,-0.8365743959817056,2.2614960994013167,1783858735.155193,-0.08115991833298523,0.0746729743789289,-0.14966425082810764,1783858735.1552753,0.0011432525761647851,-0.31691517624052623,1783858735.1650853,-46.0,128.0,877.0,1783858735.1654253,28065.58984375,nan,nan,47.49122619628906,nan
29.000662803649902,1783858735.2064626,BSMC,eight,optuna_t003_r01,1783858735.1959915,-0.4480933256496491,-0.7250727516400121,2.3941266679398048,0.0029619290104219136,-0.426141226114733,1783858735.1890473,-0.44427230954170227,-0.718711256980896,2.4036223204134544,1783858735.1961775,-0.4389934734517057,-0.8354352771788606,2.249998966847634,1783858735.1971462,-0.07970678866635175,0.07444528488005807,-0.1611613833817902,1783858735.1973224,0.0018405023732100036,-0.3186290254771382,1783858735.1650853,-46.0,128.0,877.0,1783858735.1654253,28065.58984375,nan,nan,47.49122619628906,nan
29.0406391620636,1783858735.246439,BSMC,eight,optuna_t003_r01,1783858735.1959915,-0.4480933256496491,-0.7250727516400121,2.3941266679398048,0.0029619290104219136,-0.426141226114733,1783858735.2298734,-0.44366925954818726,-0.7179344892501831,2.3925192276149114,1783858735.2356646,-0.43987213704675854,-0.8343347308103443,2.239131871799712,1783858735.2361405,-0.08030391053617474,0.07454562352586802,-0.15499479614009282,1783858735.2363944,0.001773306213970969,-0.31422836624385597,1783858735.2193303,-85.0,102.0,850.0,1783858735.2196648,28065.642578125,nan,nan,54.40572738647461,nan
29.080350875854492,1783858735.2861507,BSMC,eight,optuna_t003_r01,1783858735.2465868,-0.44745728684836633,-0.723607150088564,2.3779952364976387,0.003990904216388368,-0.4110702950270223,1783858735.2802994,-0.44293054938316345,-0.7170042991638184,2.3795646271911277,1783858735.2752693,-0.44074542992680377,-0.833216261266961,2.2283222700500005,1783858735.2755885,-0.08064571780382547,0.07453505535356816,-0.14967296644763817,1783858735.27567,0.0018116366451870662,-0.3100893349772238,1783858735.2655208,-132.0,89.0,831.0,1783858735.2659452,28065.689453125,nan,nan,45.998191833496094,nan
29.120157718658447,1783858735.3259575,BSMC,eight,optuna_t003_r01,1783858735.2961023,-0.44665362523651847,-0.7223714084356554,2.3637361663277474,0.0024330656600199795,-0.3954090504661044,1783858735.2802994,-0.44293054938316345,-0.7170042991638184,2.3795646271911277,1783858735.315325,-0.44162893883810017,-0.832058973633921,2.2173782765359706,1783858735.315852,-0.08055336644537968,0.0746174549743061,-0.14635788979177677,1783858735.3159418,0.0020276096597050784,-0.3065392866029278,1783858735.3218338,-93.0,89.0,731.0,1783858735.3221536,28065.74609375,nan,nan,56.53120040893555,nan
29.159853219985962,1783858735.365653,BSMC,eight,optuna_t003_r01,1783858735.3459961,-0.44580090074067247,-0.7212727881836615,2.349123234920212,0.0014474792441192754,-0.38189096358525654,1783858735.3329537,-0.44196873903274536,-0.7165132164955139,2.361736853265069,1783858735.355321,-0.44249022345599937,-0.8309051490548096,2.206702929996239,1783858735.3556328,-0.08039240958147557,0.07461417838419973,-0.14242030492397273,1783858735.3557136,0.002276410548887252,-0.30278767093745546,1783858735.3653939,-46.0,83.0,646.0,1783858735.3221536,28065.74609375,nan,nan,56.53120040893555,nan
29.20034956932068,1783858735.4061494,BSMC,eight,optuna_t003_r01,1783858735.3968806,-0.4449076667361459,-0.7202528923271617,2.33509361074778,0.0019189064718351816,-0.36633003744186643,1783858735.383837,-0.4406042695045471,-0.7161510586738586,2.347486665430903,1783858735.3971212,-0.4433865129501949,-0.8296767301398723,2.195587800007587,1783858735.3979058,-0.07888839074177265,0.07438995702527147,-0.15353543491262478,1783858735.3979876,0.003019721691265135,-0.30420636392906863,1783858735.3653939,-46.0,83.0,646.0,1783858735.3658593,28065.7890625,nan,nan,43.49934005737305,nan
29.240060329437256,1783858735.4458601,BSMC,eight,optuna_t003_r01,1783858735.3968806,-0.4449076667361459,-0.7202528923271617,2.33509361074778,0.0019189064718351816,-0.36633003744186643,1783858735.431606,-0.4397057294845581,-0.7155681848526001,2.33111012186087,1783858735.4354088,-0.4442020570058597,-0.8285336911506119,2.185469649701878,1783858735.4362493,-0.07865283725517522,0.07442419277793272,-0.14962396104590203,1783858735.4365022,0.0033020333855661574,-0.30048361509200355,1783858735.426014,-15.0,76.0,635.0,1783858735.4256866,28065.849609375,nan,nan,59.8939094543457,nan
29.28016448020935,1783858735.4859643,BSMC,eight,optuna_t003_r01,1783858735.4463058,-0.44409505588195874,-0.7192425162674139,2.320942151927982,0.003480622652458943,-0.35311691711775245,1783858735.48102,-0.43883851170539856,-0.7142372727394104,2.3145647084807663,1783858735.4747226,-0.445036033306586,-0.827339145411182,2.1751193202898857,1783858735.4750376,-0.07844084757551105,0.07438279439759204,-0.1458228316380961,1783858735.4755616,0.003582119764074499,-0.2967080981690835,1783858735.4664574,-15.0,64.0,649.0,1783858735.4668655,28065.890625,nan,nan,41.14653778076172,nan
29.32062005996704,1783858735.5264199,BSMC,eight,optuna_t003_r01,1783858735.4961793,-0.44329260765088757,-0.7181318973593689,2.306679701115304,0.004678222178177852,-0.3409085866369479,1783858735.48102,-0.43883851170539856,-0.7142372727394104,2.3145647084807663,1783858735.5158598,-0.44587709350119453,-0.8261073656342814,2.164678253068771,1783858735.5159566,-0.07830071329477142,0.07439341109148773,-0.1420014480465328,1783858735.5160453,0.0038384671954339866,-0.2928402385771844,1783858735.5174356,-31.0,57.0,767.0,1783858735.517814,28065.94140625,nan,nan,50.86407470703125,nan
29.35986852645874,1783858735.5656683,BSMC,eight,optuna_t003_r01,1783858735.545988,-0.44238381983971997,-0.7167347173215223,2.2853720799351787,0.005099888472384376,-0.34825039037579913,1783858735.5329275,-0.43748289346694946,-0.7115395665168762,2.2814074826265074,1783858735.5550401,-0.44669830363188706,-0.8248775982066721,2.154481565611991,1783858735.5553713,-0.07886076200913572,0.07412474399194255,-0.13089051432318755,1783858735.5559459,0.0038383217291811066,-0.28644643294568567,1783858735.5174356,-31.0,57.0,767.0,1783858735.517814,28065.94140625,nan,nan,50.86407470703125,nan
29.400202751159668,1783858735.6060026,BSMC,eight,optuna_t003_r01,1783858735.5963736,-0.4414714575910169,-0.715456594220381,2.2661386501840663,0.005055150610616296,-0.34940776606247714,1783858735.5806549,-0.43662258982658386,-0.7106778621673584,2.2674106756048347,1783858735.5963042,-0.4475194505191693,-0.8236203521604757,2.1442842743289483,1783858735.5956745,-0.07737297930611756,0.07392114522040968,-0.14108780560623035,1783858735.5964036,0.004593825226656221,-0.28756471812642165,1783858735.565911,-46.0,70.0,734.0,1783858735.566389,28065.990234375,nan,nan,48.44696044921875,nan
29.4400155544281,1783858735.6458154,BSMC,eight,optuna_t003_r01,1783858735.5963736,-0.4414714575910169,-0.715456594220381,2.2661386501840663,0.005055150610616296,-0.34940776606247714,1783858735.6308482,-0.43580392003059387,-0.709700345993042,2.249376065222534,1783858735.635321,-0.4483147359419834,-0.822375591220266,2.1344073538222172,1783858735.6354415,-0.07771195314875418,0.07375198109783948,-0.1317312963618491,1783858735.6356223,0.004682223623424244,-0.2817534312686312,1783858735.6206975,-62.0,83.0,789.0,1783858735.62133,28066.044921875,nan,nan,54.572200775146484,nan
29.480302572250366,1783858735.6861024,BSMC,eight,optuna_t003_r01,1783858735.6459503,-0.4405519642300659,-0.7142446166874818,2.2475451891932985,0.00480555820376512,-0.3504549875962029,1783858735.6796925,-0.4346267580986023,-0.7089897990226746,2.235660436610411,1783858735.675635,-0.44912521652620974,-0.8210787219783814,2.1243414124635263,1783858735.6757088,-0.07792014683179264,0.07358992747619894,-0.12320377672977222,1783858735.6757839,0.00482742354723365,-0.2761296934614701,1783858735.6662686,-46.0,102.0,800.0,1783858735.6666172,28066.08984375,nan,nan,45.902374267578125,nan
29.520474195480347,1783858735.726274,BSMC,eight,optuna_t003_r01,1783858735.6964824,-0.43963515588574903,-0.7130695042862661,2.230235920503007,0.005486789969011816,-0.34772924668248345,1783858735.6796925,-0.4346267580986023,-0.7089897990226746,2.235660436610411,1783858735.714831,-0.44990572725254074,-0.8198019130298944,2.1146478008192804,1783858735.7162716,-0.07806192074418625,0.07350937519898854,-0.11558811968372673,1783858735.7164385,0.004992066818996759,-0.2708582771257433,1783858735.7173748,-62.0,102.0,848.0,1783858735.7176595,28066.140625,nan,nan,51.174503326416016,nan
29.560046911239624,1783858735.7658467,BSMC,eight,optuna_t003_r01,1783858735.7462611,-0.43863763223638796,-0.7118249602251775,2.210829199980905,0.005907546789193717,-0.352015822999309,1783858735.7303436,-0.43330422043800354,-0.7074843645095825,2.212300248258567,1783858735.7548475,-0.4506860285420933,-0.8184971959873084,2.1049572410248434,1783858735.7563617,-0.07836368855247186,0.07337071658694745,-0.10587195895606172,1783858735.7564561,0.005101317558140865,-0.2647887866291478,1783858735.7173748,-62.0,102.0,848.0,1783858735.7176595,28066.140625,nan,nan,51.174503326416016,nan
29.60035538673401,1783858735.8061552,BSMC,eight,optuna_t003_r01,1783858735.7961953,-0.43789163493138644,-0.710597105477796,2.1930263601474413,0.006973517479872602,-0.3507399608461526,1783858735.7793643,-0.43339136242866516,-0.706710934638977,2.1976563925176245,1783858735.795069,-0.45146381411113257,-0.817167651634739,2.0952986494832593,1783858735.7954245,-0.07683278226501795,0.07320052694011486,-0.11553055049764582,1783858735.79588,0.005901356241654596,-0.2656924407478031,1783858735.7664065,-31.0,96.0,847.0,1783858735.7670677,28066.19140625,nan,nan,49.078773498535156,nan
29.640088319778442,1783858735.8458881,BSMC,eight,optuna_t003_r01,1783858735.7961953,-0.43789163493138644,-0.710597105477796,2.1930263601474413,0.006973517479872602,-0.3507399608461526,1783858735.8293417,-0.43290868401527405,-0.7059818506240845,2.1934131867135527,1783858735.836897,-0.4522362478975713,-0.8158176077496474,2.0857074471683523,1783858735.8357236,-0.07713941116373238,0.07298378768468358,-0.10731891297908902,1783858735.8369894,0.0060110041323541575,-0.26012388670776043,1783858735.8175063,-31.0,102.0,844.0,1783858735.8180988,28066.2421875,nan,nan,50.871498107910156,nan
29.68038296699524,1783858735.8861828,BSMC,eight,optuna_t003_r01,1783858735.8466346,-0.437222748467736,-0.7094083246273875,2.1804201965352727,0.008156652604041996,-0.3359304377659099,1783858735.8825598,-0.43277034163475037,-0.7055530548095703,2.1876817457157154,1783858735.8755822,-0.4529876801783045,-0.8144749615530236,2.076378049889333,1783858735.8757677,-0.0771139380981183,0.07308195274964885,-0.10404214664593958,1783858735.8758523,0.006237675270566709,-0.25631180914772506,1783858735.867906,-93.0,102.0,825.0,1783858735.868021,28066.291015625,nan,nan,50.31035614013672,nan
29.720003843307495,1783858735.9258037,BSMC,eight,optuna_t003_r01,1783858735.8965406,-0.4365527995391949,-0.7084690363053979,2.1714274605942037,0.007318158108320166,-0.31610261709872045,1783858735.8825598,-0.43277034163475037,-0.7055530548095703,2.1876817457157154,1783858735.9149292,-0.4537284846335451,-0.8131220507143687,2.0671816749433933,1783858735.9155972,-0.07662948198489586,0.07331561957776156,-0.10424578565081033,1783858735.915376,0.00664459645575615,-0.2537448952310697,1783858735.917833,-78.0,96.0,770.0,1783858735.9181187,28066.341796875,nan,nan,50.2539176940918,nan
29.760649919509888,1783858735.9664497,BSMC,eight,optuna_t003_r01,1783858735.9461055,-0.43581961052270357,-0.7075488623263645,2.1606557526569676,0.006350649622205912,-0.3040769621071177,1783858735.932381,-0.43190330266952515,-0.7045056819915771,2.1725045514683066,1783858735.9554791,-0.4544757835635006,-0.8117268404722577,2.0579057699485137,1783858735.955944,-0.0761964785997068,0.07345202905365376,-0.10274998270845392,1783858735.9560413,0.007043682195011954,-0.25052419921439284,1783858735.917833,-78.0,96.0,770.0,1783858735.9181187,28066.341796875,nan,nan,50.2539176940918,nan
29.800623655319214,1783858736.0064235,BSMC,eight,optuna_t003_r01,1783858735.9961596,-0.43515589783141256,-0.7066058048547645,2.1510559941714487,0.005842330410281762,-0.2899983068954687,1783858735.9818096,-0.43151408433914185,-0.7034993767738342,2.1638715105980566,1783858735.99502,-0.4551925258113426,-0.8103589658882077,2.0490101350069962,1783858735.9953582,-0.07466106526925707,0.07328678307878875,-0.11164561764997137,1783858735.9954388,0.007857462339556635,-0.25126369560150824,1783858735.9696584,-62.0,89.0,715.0,1783858735.969927,28066.39453125,nan,nan,51.80656814575195,nan
29.840919256210327,1783858736.046719,BSMC,eight,optuna_t003_r01,1783858735.9961596,-0.43515589783141256,-0.7066058048547645,2.1510559941714487,0.005842330410281762,-0.2899983068954687,1783858736.0340314,-0.4310610890388489,-0.7027668356895447,2.1538089439804464,1783858736.0360117,-0.4559201597286339,-0.8089395001059404,2.0399801939500666,1783858736.036078,-0.07419992632562829,0.07346911384499112,-0.1110758002213821,1783858736.0361397,0.008268983544198288,-0.248398851061124,1783858736.0173397,-46.0,76.0,695.0,1783858736.0177605,28066.44140625,nan,nan,47.6261100769043,nan
29.880029678344727,1783858736.0858295,BSMC,eight,optuna_t003_r01,1783858736.0470657,-0.434528729547317,-0.7056908266311627,2.1419011543760207,0.005625843219451535,-0.27525741381999813,1783858736.0828245,-0.43011245131492615,-0.7020381689071655,2.1444485914710536,1783858736.0760803,-0.4566363826476701,-0.8075109108914942,2.031092547881379,1783858736.0763168,-0.07371111634869854,0.07363931837690504,-0.11080860649464164,1783858736.0764208,0.008692410727776321,-0.24566421078424383,1783858736.067386,-46.0,64.0,651.0,1783858736.0677335,28066.4921875,nan,nan,49.978111267089844,nan
29.920243501663208,1783858736.1260433,BSMC,eight,optuna_t003_r01,1783858736.0963213,-0.43382118611741805,-0.7048506003682399,2.133327205688267,0.005128022200523622,-0.2615833245471941,1783858736.0828245,-0.43011245131492615,-0.7020381689071655,2.1444485914710536,1783858736.115271,-0.45733718042892024,-0.8060818680853392,2.0223967383655452,1783858736.1156735,-0.07309058545589703,0.07388191842246555,-0.1109304673227216,1783858736.1157725,0.009169563587630297,-0.24309227969513456,1783858736.1178453,-31.0,57.0,588.0,1783858736.1181777,28066.541015625,nan,nan,50.487449645996094,nan
29.960426330566406,1783858736.1662261,BSMC,eight,optuna_t003_r01,1783858736.1465254,-0.4329904687348556,-0.7038413222194806,2.1158016184090127,0.004959014622088184,-0.27132122189419877,1783858736.131258,-0.4286840260028839,-0.7003627419471741,2.1119392713790535,1783858736.1550732,-0.4580276718043518,-0.8046425467675933,2.013828939636691,1783858736.1555407,-0.07321774922904267,0.07366756142139665,-0.10197267877232186,1783858736.1557744,0.009373908011519865,-0.2372497137136346,1783858736.1178453,-31.0,57.0,588.0,1783858736.1181777,28066.541015625,nan,nan,50.487449645996094,nan
30.00039505958557,1783858736.2061949,BSMC,eight,optuna_t003_r01,1783858736.1959658,-0.4321811007851918,-0.7027603661613561,2.1001094206834074,0.005986023837172295,-0.27453809058744044,1783858736.1850705,-0.42777878046035767,-0.6994533538818359,2.098406426179489,1783858736.195412,-0.45872062472881,-0.8031657218447432,2.0052303686772635,1783858736.1958194,-0.07159563751763706,0.07349450303822197,-0.11057124973174925,1783858736.1959074,0.010242031918532313,-0.23790576625473192,1783858736.16822,0.0,64.0,670.0,1783858736.168499,28066.591796875,nan,nan,50.4219856262207,nan
30.040253400802612,1783858736.2460532,BSMC,eight,optuna_t003_r01,1783858736.1959658,-0.4321811007851918,-0.7027603661613561,2.1001094206834074,0.005986023837172295,-0.27453809058744044,1783858736.2304118,-0.4267498552799225,-0.6991177797317505,2.087837643609584,1783858736.2351947,-0.45938922912704905,-0.8017089137237623,1.9969333132368168,1783858736.2357545,-0.07166935917032002,0.07344794257630644,-0.10317610744659067,1783858736.2358568,0.010465250255631251,-0.23263520421961445,1783858736.217505,-15.0,83.0,738.0,1783858736.2178912,28066.640625,nan,nan,49.24815368652344,nan
30.079936742782593,1783858736.2857366,BSMC,eight,optuna_t003_r01,1783858736.2471755,-0.4313756798589283,-0.7017712679110424,2.0853744944318975,0.00715144723610434,-0.27407839081090984,1783858736.2827027,-0.42606979608535767,-0.698302149772644,2.07433399328532,1783858736.2755096,-0.460068753444863,-0.800195030857162,1.9884996558912662,1783858736.275833,-0.07155612251855659,0.07341832819120264,-0.09687483854063128,1783858736.2759213,0.010769252834262865,-0.22769363100759754,1783858736.2684634,-46.0,89.0,826.0,1783858736.268835,28066.693359375,nan,nan,50.89155960083008,nan
30.121684789657593,1783858736.3274846,BSMC,eight,optuna_t003_r01,1783858736.2960222,-0.4305563972954483,-0.7008444736425508,2.0717225113227924,0.007475533750509824,-0.273730772546304,1783858736.2827027,-0.42606979608535767,-0.698302149772644,2.07433399328532,1783858736.3153,-0.4607236300737576,-0.7987031123471872,1.980370349103724,1783858736.3157115,-0.07134808957520652,0.07345628098803782,-0.0913521622190685,1783858736.3158417,0.011105229265934005,-0.22309199074647731,1783858736.317678,-78.0,96.0,870.0,1783858736.317939,28066.7421875,nan,nan,49.390960693359375,nan
30.16006898880005,1783858736.3658688,BSMC,eight,optuna_t003_r01,1783858736.3464787,-0.4295111790542012,-0.6998708798969305,2.0522397904118983,0.0067884445424162025,-0.2885025160689612,1783858736.328949,-0.42415347695350647,-0.696797788143158,2.0477962917382273,1783858736.3556302,-0.4613826764598056,-0.7971677883530444,1.9721871572287153,1783858736.355973,-0.07147853459167994,0.07330279554436417,-0.08005263318318301,1783858736.3560522,0.01132456442913184,-0.21629270200952755,1783858736.317678,-78.0,96.0,870.0,1783858736.317939,28066.7421875,nan,nan,49.390960693359375,nan
30.200263500213623,1783858736.4060633,BSMC,eight,optuna_t003_r01,1783858736.3962185,-0.42862180521578336,-0.6988022614203234,2.036571975433781,0.008002082231403609,-0.29101214539759235,1783858736.379298,-0.4236341416835785,-0.6960107088088989,2.0388612530896264,1783858736.39529,-0.46201772187633167,-0.7956549569688041,1.96429934680729,1783858736.3956249,-0.06984360710726138,0.07316512347426278,-0.08794044360460829,1783858736.395716,0.012212627516496178,-0.21683361294844705,1783858736.3717446,-15.0,102.0,800.0,1783858736.3722277,28066.794921875,nan,nan,53.853214263916016,nan
30.240491151809692,1783858736.446291,BSMC,eight,optuna_t003_r01,1783858736.3962185,-0.42862180521578336,-0.6988022614203234,2.036571975433781,0.008002082231403609,-0.29101214539759235,1783858736.4303582,-0.4230934679508209,-0.6957772374153137,2.0301878843958683,1783858736.4347496,-0.4626480439393341,-0.7941196748964997,1.9564669835325916,1783858736.4356182,-0.06988185415426261,0.0732101133274822,-0.08010499190118958,1783858736.43535,0.012457545901005333,-0.21136218067513698,1783858736.4203465,0.0,102.0,797.0,1783858736.4212356,28066.84375,nan,nan,48.749122619628906,nan
30.279974222183228,1783858736.485774,BSMC,eight,optuna_t003_r01,1783858736.4463954,-0.4278338057691993,-0.697788746014478,2.0236584789202796,0.009844459800518172,-0.2851623380617758,1783858736.4303582,-0.4230934679508209,-0.6957772374153137,2.0301878843958683,1783858736.4752717,-0.46327995526324983,-0.7925454861320516,1.9486109131098446,1783858736.4763849,-0.06969597404985288,0.07333307925422318,-0.07504756581043504,1783858736.4756622,0.01279103577859345,-0.20689584118364576,1783858736.4807594,-78.0,102.0,801.0,1783858736.4819396,28066.904296875,nan,nan,60.32611846923828,nan
30.320068359375,1783858736.5258682,BSMC,eight,optuna_t003_r01,1783858736.4960108,-0.4270005358602328,-0.6969746455632552,2.013285936152785,0.009234351450809532,-0.2758711305560975,1783858736.485432,-0.4225517213344574,-0.6951385736465454,2.021933485152043,1783858736.515565,-0.46390166004455835,-0.7909611112230542,1.9408770649052092,1783858736.5160184,-0.06913376702490372,0.07359124234740125,-0.07240887124757567,1783858736.5161214,0.013275143817705361,-0.2033432029832463,1783858736.4807594,-78.0,102.0,801.0,1783858736.4819396,28066.904296875,nan,nan,60.32611846923828,nan
30.36004948616028,1783858736.5658493,BSMC,eight,optuna_t003_r01,1783858736.5464113,-0.4262878498429423,-0.6961584080527436,2.0025168967882405,0.008215987723957919,-0.2689187840633832,1783858736.5302901,-0.4223605990409851,-0.6941172480583191,2.0119965588537285,1783858736.5557826,-0.46450215463778166,-0.7893958913134758,1.9334018467798826,1783858736.5562055,-0.06869250922657891,0.0737217780028707,-0.06911505000835794,1783858736.5562868,0.01370689655942764,-0.1996282155900043,1783858736.5345757,-70.0,96.0,703.0,1783858736.5348673,28066.958984375,nan,nan,54.02589416503906,nan
30.400439500808716,1783858736.6062393,BSMC,eight,optuna_t003_r01,1783858736.5963006,-0.42564568433857825,-0.6953515943827457,1.9923566674629132,0.00805065385595347,-0.2605008053244026,1783858736.580413,-0.42200228571891785,-0.6934725642204285,2.0014946925577983,1783858736.5947669,-0.46509831885093134,-0.7878066494141213,1.925974592315257,1783858736.5951183,-0.06699962935192326,0.07359824940824548,-0.0765423044729836,1783858736.5952127,0.014633237399708902,-0.20010831257413056,1783858736.5755823,-31.0,83.0,590.0,1783858736.5770297,28067.0,nan,nan,40.83053970336914,nan
30.439983367919922,1783858736.6457832,BSMC,eight,optuna_t003_r01,1783858736.5963006,-0.42564568433857825,-0.6953515943827457,1.9923566674629132,0.00805065385595347,-0.2605008053244026,1783858736.6297846,-0.4216737747192383,-0.6927492618560791,1.995661842421787,1783858736.6350632,-0.4656914208772984,-0.7861892169886869,1.9185786779763223,1783858736.635436,-0.06649883048974045,0.07370915980476751,-0.07377798948659087,1783858736.6356647,0.015095617578737338,-0.19660307528075957,1783858736.618309,-7.0,64.0,693.0,1783858736.6186464,28067.04296875,nan,nan,42.719852447509766,nan
30.47999095916748,1783858736.6857908,BSMC,eight,optuna_t003_r01,1783858736.6461697,-0.4250707642371827,-0.6945320309959941,1.984375394498895,0.008287166622813463,-0.246238931739494,1783858736.681589,-0.4208279848098755,-0.692047119140625,1.9868333278914767,1783858736.6750982,-0.46627417343089517,-0.7845632080048333,1.911304215741505,1783858736.6755595,-0.06588129022493201,0.0739120379984188,-0.07307117875739011,1783858736.675666,0.015600900393062521,-0.19390198045206625,1783858736.6686926,-31.0,57.0,679.0,1783858736.6690452,28067.091796875,nan,nan,50.31275939941406,nan
30.520302772521973,1783858736.7261026,BSMC,eight,optuna_t003_r01,1783858736.696005,-0.42440967792539275,-0.6937943348884155,1.9767445011278124,0.007669143856150599,-0.2328835327191122,1783858736.681589,-0.4208279848098755,-0.692047119140625,1.9868333278914767,1783858736.714989,-0.46685000199037163,-0.7829191607865141,1.9041077352578353,1783858736.715773,-0.06512224561879247,0.07418563758351404,-0.07263676586997714,1783858736.7154715,0.016166616322153594,-0.19130654151334225,1783858736.718432,-31.0,64.0,637.0,1783858736.7187412,28067.142578125,nan,nan,50.00168991088867,nan
30.5601487159729,1783858736.7659485,BSMC,eight,optuna_t003_r01,1783858736.7463138,-0.42353274920755474,-0.6929732504685175,1.9602130341403137,0.007147757892637062,-0.24389482220253966,1783858736.730064,-0.41903525590896606,-0.6907949447631836,1.955773151240143,1783858736.7551637,-0.46741730870072834,-0.7812615610904496,1.8970084442108157,1783858736.755586,-0.06501750050759766,0.07411750793253374,-0.06320458992949796,1783858736.7556877,0.016486073504352966,-0.18527469851862896,1783858736.718432,-31.0,64.0,637.0,1783858736.7187412,28067.142578125,nan,nan,50.00168991088867,nan
30.59999108314514,1783858736.805791,BSMC,eight,optuna_t003_r01,1783858736.7961605,-0.422649524533716,-0.6921371077441621,1.9464209712479865,0.0072014576554337816,-0.24638959395146096,1783858736.7819314,-0.4181334674358368,-0.6900297403335571,1.9463506803446382,1783858736.7953167,-0.46797680241770373,-0.7795883485482952,1.8899967162619555,1783858736.7957723,-0.06325714912750213,0.0739998794956925,-0.07021631787835814,1783858736.7959538,0.017452361397123205,-0.1857197369748582,1783858736.7692704,-15.0,64.0,676.0,1783858736.7698011,28067.193359375,nan,nan,50.24492263793945,nan
30.641998291015625,1783858736.847798,BSMC,eight,optuna_t003_r01,1783858736.7961605,-0.422649524533716,-0.6921371077441621,1.9464209712479865,0.0072014576554337816,-0.24638959395146096,1783858736.8299222,-0.41726380586624146,-0.6893360614776611,1.9328594843834608,1783858736.8347197,-0.46851952626655174,-0.7779272004571873,1.8831842902052096,1783858736.8357425,-0.06298111207713386,0.07414429572264689,-0.06323668104277691,1783858736.8353438,0.01783507363863171,-0.18066226344471417,1783858736.8187983,46.0,89.0,688.0,1783858736.8191113,28067.2421875,nan,nan,49.94320297241211,nan
30.67997097969055,1783858736.8857708,BSMC,eight,optuna_t003_r01,1783858736.8464582,-0.42186651168546585,-0.6910980276417956,1.9324623752139254,0.009896940961182847,-0.2473689060331334,1783858736.8800902,-0.41640180349349976,-0.6887853741645813,1.9185524824326194,1783858736.8746705,-0.4690597107470329,-0.7762349146083978,1.8763918803507926,1783858736.875555,-0.06293075330904865,0.0742644453825944,-0.056070494863132765,1783858736.8751707,0.01812545353614914,-0.17551544740448874,1783858736.870319,93.0,121.0,617.0,1783858736.8706558,28067.294921875,nan,nan,51.55912780761719,nan
30.720311880111694,1783858736.9261117,BSMC,eight,optuna_t003_r01,1783858736.8959637,-0.42117451897404445,-0.6898412004482598,1.9186787815090085,0.015116254171140823,-0.24750860948443798,1783858736.8800902,-0.41640180349349976,-0.6887853741645813,1.9185524824326194,1783858736.9152777,-0.46959870558471883,-0.7745059065026151,1.8696013114509817,1783858736.9158936,-0.06308482483443778,0.07438628351910116,-0.04907747005802676,1783858736.9156854,0.018332151067174552,-0.170409989833262,1783858736.9192045,39.0,115.0,656.0,1783858736.9195437,28067.34375,nan,nan,49.0073127746582,nan
30.760285139083862,1783858736.966085,BSMC,eight,optuna_t003_r01,1783858736.9463642,-0.4203192320917404,-0.6885738560838831,1.9017208063701019,0.018253592833413754,-0.25603123904755076,1783858736.9304192,-0.4148397445678711,-0.6877320408821106,1.8973898106191598,1783858736.9554746,-0.47012367571636404,-0.7727812486285471,1.8629734624611616,1783858736.95579,-0.06345616419473886,0.07446262679774195,-0.038747343908940295,1783858736.955877,0.018450199530893652,-0.1640097770866932,1783858736.9192045,39.0,115.0,656.0,1783858736.9195437,28067.34375,nan,nan,49.0073127746582,nan
30.800241947174072,1783858737.0060418,BSMC,eight,optuna_t003_r01,1783858736.996079,-0.41954679211562373,-0.6875370360326852,1.8893420666239789,0.018966367109639025,-0.2526390492158668,1783858736.9808676,-0.41469839215278625,-0.6872134208679199,1.8926003441016224,1783858736.9962525,-0.4706392107575428,-0.771046727266845,1.856449896081179,1783858736.995683,-0.061648247504694914,0.07438661380710987,-0.045270910288922835,1783858736.9963465,0.019449153944041838,-0.16439474822026845,1783858736.9692228,15.0,96.0,689.0,1783858736.9695106,28067.392578125,nan,nan,49.89714813232422,nan
30.840261697769165,1783858737.0460615,BSMC,eight,optuna_t003_r01,1783858736.996079,-0.41954679211562373,-0.6875370360326852,1.8893420666239789,0.018966367109639025,-0.2526390492158668,1783858737.0319402,-0.41453737020492554,-0.6868472099304199,1.8875837911752662,1783858737.0346563,-0.4711372075983591,-0.7693309560777936,1.8501328773734267,1783858737.0349293,-0.061521636160639076,0.07461169218121769,-0.03920918925055217,1783858737.0350072,0.019763728101754315,-0.15973934909545784,1783858737.019402,7.0,96.0,648.0,1783858737.0217793,28067.443359375,nan,nan,50.1282958984375,nan
30.87998628616333,1783858737.085786,BSMC,eight,optuna_t003_r01,1783858737.046557,-0.4188533165512045,-0.6866912991076066,1.8799893407120996,0.018592252770751303,-0.24223535064628873,1783858737.081067,-0.4137604534626007,-0.6861820220947266,1.8769778802834296,1783858737.0747547,-0.4716364124719886,-0.7675694234246073,1.8437838646094478,1783858737.0756238,-0.06098146902679148,0.07489049768397449,-0.0362054761026518,1783858737.0751421,0.0202507289682241,-0.15627238824469575,1783858737.0707676,0.0,102.0,653.0,1783858737.071177,28067.494140625,nan,nan,51.00214385986328,nan
30.91997766494751,1783858737.1257775,BSMC,eight,optuna_t003_r01,1783858737.0959692,-0.41813272121855044,-0.6859118099240087,1.8702738220167845,0.017968535093187903,-0.2349434006584835,1783858737.081067,-0.4137604534626007,-0.6861820220947266,1.8769778802834296,1783858737.1150222,-0.4721304707474801,-0.7657830541516942,1.8374822828425947,1783858737.115855,-0.0603857666216132,0.07515804546545685,-0.032791539174189754,1783858737.11565,0.020763672085586916,-0.15264369143400403,1783858737.1203334,15.0,102.0,627.0,1783858737.1229541,28067.544921875,nan,nan,49.95683670043945,nan
30.960130214691162,1783858737.16593,BSMC,eight,optuna_t003_r01,1783858737.1461606,-0.417426630429437,-0.6851458522399088,1.8609935919322473,0.017809240591979327,-0.22720375915769497,1783858737.1309397,-0.41315409541130066,-0.6855607032775879,1.8674775128672594,1783858737.1551244,-0.47261348905030004,-0.7639932019631089,1.8313025249866821,1783858737.1555204,-0.05975930426976697,0.07544083427431837,-0.029691066945565225,1783858737.1558416,0.021287864854702767,-0.14916623583640232,1783858737.1203334,15.0,102.0,627.0,1783858737.1229541,28067.544921875,nan,nan,49.95683670043945,nan
31.000325918197632,1783858737.2061257,BSMC,eight,optuna_t003_r01,1783858737.1960773,-0.41677254886029647,-0.6844284630923503,1.8545207204288134,0.018268243082778027,-0.21235471759732366,1783858737.1869974,-0.41276878118515015,-0.6851745843887329,1.8630944713869773,1783858737.195145,-0.4730874022920133,-0.7621932888657285,1.8252193068288585,1783858737.1957452,-0.05789904400526994,0.07537990261484345,-0.03577428510338887,1783858737.1960123,0.02231553770182342,-0.14952484157171245,1783858737.170464,46.0,89.0,544.0,1783858737.1707828,28067.59375,nan,nan,50.108280181884766,nan
31.04082417488098,1783858737.246624,BSMC,eight,optuna_t003_r01,1783858737.1960773,-0.41677254886029647,-0.6844284630923503,1.8545207204288134,0.018268243082778027,-0.21235471759732366,1783858737.2305565,-0.4120255708694458,-0.6841245293617249,1.8480778588974878,1783858737.235127,-0.4735519724891605,-0.7603846105492823,1.8192350828564585,1783858737.235791,-0.057024945569137,0.07577199262895337,-0.03528563757235493,1783858737.2358835,0.022939930752728283,-0.14714618526886925,1783858737.220315,31.0,83.0,660.0,1783858737.220794,28067.64453125,nan,nan,49.830108642578125,nan
31.080214500427246,1783858737.2860143,BSMC,eight,optuna_t003_r01,1783858737.246829,-0.41612227705307486,-0.6836161603193872,1.8444712132366974,0.018348415817528173,-0.20821560423648708,1783858737.283192,-0.41180893778800964,-0.682724118232727,1.842107792908822,1783858737.2765832,-0.474023951289251,-0.7584998862766069,1.8131322732508721,1783858737.277113,-0.05644770173890955,0.07598574380094829,-0.031338939985825265,1783858737.2777076,0.023454713165974347,-0.14333774119705237,1783858737.2712755,-15.0,102.0,685.0,1783858737.2720509,28067.6953125,nan,nan,50.21040344238281,nan
31.12011456489563,1783858737.3259144,BSMC,eight,optuna_t003_r01,1783858737.2963743,-0.4155137679373996,-0.6827779443774417,1.836327599718256,0.017593593353086037,-0.20202338669705963,1783858737.283192,-0.41180893778800964,-0.682724118232727,1.842107792908822,1783858737.314879,-0.4744535573972834,-0.7567408477135966,1.8075552753073802,1783858737.3152063,-0.05590364669526611,0.07628362955221582,-0.028772324410875738,1783858737.3152924,0.023933976913109164,-0.1402495612009901,1783858737.3204393,-31.0,121.0,713.0,1783858737.3208883,28067.744140625,nan,nan,49.98650360107422,nan
31.160426378250122,1783858737.3662262,BSMC,eight,optuna_t003_r01,1783858737.3468351,-0.4149533762129065,-0.6816490090016635,1.8260304265032652,0.017065618997001413,-0.2033591719206816,1783858737.3306918,-0.41142401099205017,-0.680469274520874,1.829233376359442,1783858737.3556292,-0.47489793174570183,-0.7548753841833429,1.801762488553682,1783858737.356134,-0.055719831825153304,0.076490209188164,-0.02426793794958315,1783858737.3562474,0.024277904487797757,-0.13629207236328686,1783858737.3204393,-31.0,121.0,713.0,1783858737.3208883,28067.744140625,nan,nan,49.98650360107422,nan
31.200164318084717,1783858737.4059641,BSMC,eight,optuna_t003_r01,1783858737.3961422,-0.4143980510466974,-0.6805545291597674,1.815938411432564,0.017020390939293015,-0.20471868986090566,1783858737.3799846,-0.41091805696487427,-0.6795637607574463,1.8193717401837448,1783858737.3949318,-0.4753263381551903,-0.7530303557534533,1.7961527084845712,1783858737.3952775,-0.05382641393932588,0.07643891914604795,-0.029877718018693985,1783858737.395367,0.02532103867315779,-0.13663157201577905,1783858737.3717859,-15.0,121.0,701.0,1783858737.3731253,28067.794921875,nan,nan,51.24968338012695,nan
31.240320205688477,1783858737.44612,BSMC,eight,optuna_t003_r01,1783858737.3961422,-0.4143980510466974,-0.6805545291597674,1.815938411432564,0.017020390939293015,-0.20471868986090566,1783858737.4311876,-0.41043633222579956,-0.6786849498748779,1.8115862117646038,1783858737.4362051,-0.47575296736910844,-0.7511450225548457,1.7905395621437172,1783858737.4357235,-0.05358955882103989,0.07665248006461993,-0.025398849288846836,1783858737.4363415,0.02568726870102072,-0.1327277439276138,1783858737.421898,15.0,108.0,639.0,1783858737.4232123,28067.845703125,nan,nan,50.0707893371582,nan
31.279993772506714,1783858737.4857936,BSMC,eight,optuna_t003_r01,1783858737.4463048,-0.4138602755292595,-0.6794396912484503,1.8068161998878305,0.01759680204125324,-0.20193727148823032,1783858737.4816253,-0.41011953353881836,-0.6779769659042358,1.8063567518201982,1783858737.475632,-0.4761682764492401,-0.7492611860044691,1.7850476588588449,1783858737.4757154,-0.05331601609872408,0.07690728532440644,-0.021768541028985625,1783858737.4757946,0.026065357507127858,-0.1291960262800413,1783858737.4726841,31.0,102.0,654.0,1783858737.473077,28067.896484375,nan,nan,50.77804946899414,nan
31.319974422454834,1783858737.5257742,BSMC,eight,optuna_t003_r01,1783858737.496056,-0.41336686073442797,-0.6783602934575496,1.7995233429803277,0.018493639247905598,-0.19418483981132867,1783858737.4816253,-0.41011953353881836,-0.6779769659042358,1.8063567518201982,1783858737.5154428,-0.47657748340581796,-0.7473555433819822,1.7796074680938845,1783858737.5159745,-0.05286608263305394,0.07720819022406156,-0.019915874886443197,1783858737.5160654,0.026516560168055616,-0.12640359045133356,1783858737.5214827,31.0,108.0,614.0,1783858737.522347,28067.9453125,nan,nan,48.177696228027344,nan
31.360234022140503,1783858737.5660338,BSMC,eight,optuna_t003_r01,1783858737.5463567,-0.4128975747050708,-0.6769395776780729,1.7905543615604764,0.0197443275907079,-0.19134388605786137,1783858737.529975,-0.4096642732620239,-0.6755920648574829,1.7943873194392206,1783858737.5559878,-0.4769769984216358,-0.7454449176094603,1.7742660512641741,1783858737.5561986,-0.05288890510941679,0.07747204566351092,-0.01628831029630229,1783858737.556284,0.026770078750159597,-0.12289952263758386,1783858737.5214827,31.0,108.0,614.0,1783858737.522347,28067.9453125,nan,nan,48.177696228027344,nan
31.40041708946228,1783858737.606217,BSMC,eight,optuna_t003_r01,1783858737.596194,-0.4125105375404161,-0.6756220318185651,1.7843613789290558,0.021317469121482024,-0.181802743098549,1783858737.5806596,-0.40960198640823364,-0.6750497817993164,1.7920003311728352,1783858737.595109,-0.47736482737927666,-0.7435400460981307,1.7690500877629787,1783858737.5956695,-0.05094530114437138,0.0774352978456229,-0.021504273797497756,1783858737.5957832,0.02783724069294857,-0.12322087985779945,1783858737.5765047,46.0,115.0,636.0,1783858737.5768628,28068.0,nan,nan,55.66962432861328,nan
31.440444231033325,1783858737.646244,BSMC,eight,optuna_t003_r01,1783858737.596194,-0.4125105375404161,-0.6756220318185651,1.7843613789290558,0.021317469121482024,-0.181802743098549,1783858737.6297395,-0.4093715250492096,-0.6741923093795776,1.784223302500048,1783858737.6354954,-0.4777513177313266,-0.7415896922368682,1.7638194513497485,1783858737.6359274,-0.0506414994899211,0.07774014503714011,-0.020541927579307284,1783858737.6356347,0.02822751875485431,-0.12086084106949382,1783858737.6212873,46.0,115.0,655.0,1783858737.621812,28068.044921875,nan,nan,44.605350494384766,nan
31.480666399002075,1783858737.6864662,BSMC,eight,optuna_t003_r01,1783858737.6463902,-0.41215857463923894,-0.6743330996069926,1.7777284160871083,0.022620533180437753,-0.1745181690258394,1783858737.6822405,-0.40900033712387085,-0.6730049848556519,1.7783817729995137,1783858737.6750016,-0.47812509304262674,-0.7396510831883644,1.7587273034339712,1783858737.6753883,-0.0503711036367655,0.07797930781826087,-0.019001112653137087,1783858737.6754832,0.028601061082790154,-0.11831327688236785,1783858737.6777534,46.0,115.0,635.0,1783858737.6778538,28068.1015625,nan,nan,56.5014762878418,nan
31.520057916641235,1783858737.7258577,BSMC,eight,optuna_t003_r01,1783858737.6964128,-0.4117942120839773,-0.6730483099626804,1.771884969298033,0.023677205359612846,-0.16633761886756804,1783858737.6822405,-0.40900033712387085,-0.6730049848556519,1.7783817729995137,1783858737.7150133,-0.47849248120672894,-0.737692271646174,1.753687314243591,1783858737.7159534,-0.05001931175816578,0.07826601649085899,-0.01819765505444204,1783858737.7154295,0.029008942328396414,-0.11608090184114332,1783858737.7214348,54.0,108.0,629.0,1783858737.7218692,28068.14453125,nan,nan,43.80569076538086,nan
31.560638189315796,1783858737.766438,BSMC,eight,optuna_t003_r01,1783858737.746152,-0.41130358635344927,-0.6715320976322423,1.763046712536033,0.024615892944837212,-0.1666392564666545,1783858737.7298918,-0.40792033076286316,-0.6707735061645508,1.7643594283348891,1783858737.7548282,-0.47885195642467165,-0.7357212674702059,1.748719664419502,1783858737.7555027,-0.05010024384625167,0.07856842489392207,-0.014327048116530962,1783858737.7557745,0.02923777697483826,-0.11255520388783959,1783858737.7214348,54.0,108.0,629.0,1783858737.7218692,28068.14453125,nan,nan,43.80569076538086,nan
31.600221872329712,1783858737.8060217,BSMC,eight,optuna_t003_r01,1783858737.7964594,-0.41081798774825273,-0.6700705643769379,1.7539654478308786,0.02524512132691998,-0.16755119978367022,1783858737.7793086,-0.40753456950187683,-0.6695961952209473,1.7548109797302156,1783858737.7948856,-0.47920255682084767,-0.733743799417344,1.7438372940278635,1783858737.796017,-0.048092218571617336,0.07853473462354636,-0.019209418508169485,1783858737.7952485,0.0303338402144682,-0.11287183760466357,1783858737.7795858,46.0,115.0,630.0,1783858737.7803645,28068.203125,nan,nan,58.23400115966797,nan
31.64004635810852,1783858737.8458462,BSMC,eight,optuna_t003_r01,1783858737.7964594,-0.41081798774825273,-0.6700705643769379,1.7539654478308786,0.02524512132691998,-0.16755119978367022,1783858737.8344808,-0.4072520434856415,-0.6682916283607483,1.748631476167383,1783858737.8348057,-0.4795463890218268,-0.7317481943464934,1.7390103626640565,1783858737.8354216,-0.04812720490188602,0.07881304034621875,-0.014955085166822089,1783858737.8354893,0.030582117422911156,-0.10922203856606835,1783858737.8220437,54.0,121.0,644.0,1783858737.8224287,28068.24609375,nan,nan,42.40838623046875,nan
31.680819034576416,1783858737.8866189,BSMC,eight,optuna_t003_r01,1783858737.8466809,-0.41036271076069836,-0.6686025286171734,1.7461199464510573,0.02603733858454729,-0.1651898926278173,1783858737.884357,-0.4070110619068146,-0.6675170660018921,1.741715571697693,1783858737.8763268,-0.4798827973949432,-0.7297381245226917,1.7342473468049793,1783858737.8764126,-0.04807222931544122,0.07911804030054949,-0.011872599646078006,1783858737.8765557,0.03086658503661632,-0.10608054979869307,1783858737.8828268,62.0,121.0,680.0,1783858737.8831897,28068.306640625,nan,nan,60.68936538696289,nan
31.720116138458252,1783858737.925916,BSMC,eight,optuna_t003_r01,1783858737.8961194,-0.409943731890755,-0.6672556419260195,1.738832728071344,0.02693248925470983,-0.1618920192883366,1783858737.884357,-0.4070110619068146,-0.6675170660018921,1.741715571697693,1783858737.9150712,-0.4802137129124455,-0.7277015615076847,1.7295199300232413,1783858737.91594,-0.04784211858457225,0.07938961592174137,-0.0093127980481027,1783858737.915678,0.03122527934352448,-0.10317389252679626,1783858737.9218068,62.0,140.0,703.0,1783858737.9222124,28068.345703125,nan,nan,39.285579681396484,nan
31.760419368743896,1783858737.9662192,BSMC,eight,optuna_t003_r01,1783858737.9461339,-0.4094279258523228,-0.6656092481899216,1.7291432507389712,0.028352458754906606,-0.1653684319964767,1783858737.9304554,-0.4059683680534363,-0.6652709245681763,1.7287762407299687,1783858737.9552147,-0.48053562747680895,-0.7256600245648848,1.7248775577423339,1783858737.955542,-0.048086808074629825,0.07968726286393892,-0.0042656929966373705,1783858737.9560025,0.03138411862516523,-0.09920219514363149,1783858737.9218068,62.0,140.0,703.0,1783858737.9222124,28068.345703125,nan,nan,39.285579681396484,nan
31.800334215164185,1783858738.006134,BSMC,eight,optuna_t003_r01,1783858737.9961696,-0.4090124878109313,-0.6639323981113423,1.7224301026225832,0.030474007077023923,-0.16092064052666707,1783858737.979895,-0.405931293964386,-0.6640893816947937,1.727300952392968,1783858737.99552,-0.4808460910237474,-0.7236307225587545,1.7203561734540296,1783858737.9958756,-0.0460339382946202,0.0796738497216817,-0.008787077284941658,1783858737.995963,0.03249906515753829,-0.09949538985367393,1783858737.9759889,78.0,153.0,652.0,1783858737.976787,28068.400390625,nan,nan,54.11451721191406,nan
31.840429306030273,1783858738.0462291,BSMC,eight,optuna_t003_r01,1783858737.9961696,-0.4090124878109313,-0.6639323981113423,1.7224301026225832,0.030474007077023923,-0.16092064052666707,1783858738.0306015,-0.40550124645233154,-0.6628386974334717,1.7194372280313388,1783858738.0351934,-0.4811504646422521,-0.7215795253571571,1.715877787928651,1783858738.035519,-0.046088977654560256,0.08001802996680674,-0.0065523146939321375,1783858738.0356033,0.03273391067067425,-0.09678301187360266,1783858738.0229387,15.0,140.0,670.0,1783858738.0232847,28068.447265625,nan,nan,46.68608474731445,nan
31.881321668624878,1783858738.0871215,BSMC,eight,optuna_t003_r01,1783858738.0464292,-0.4085598276473287,-0.6624550698244325,1.715274056125379,0.030106281800892587,-0.15951204758622986,1783858738.0808523,-0.40495941042900085,-0.6618973612785339,1.7118170414461331,1783858738.075341,-0.48144581811410536,-0.7195264382727845,1.7114851430652687,1783858738.0759714,-0.04598294960133096,0.08034349412897146,-0.0037889130601103105,1783858738.0755527,0.03303441915708912,-0.09386551573535197,1783858738.0778906,0.0,121.0,610.0,1783858738.0781593,28068.501953125,nan,nan,55.11435317993164,nan
31.920244216918945,1783858738.126044,BSMC,eight,optuna_t003_r01,1783858738.096405,-0.40805483952807375,-0.6612480000417899,1.7079593216898585,0.028031018224594858,-0.15928905231670487,1783858738.0808523,-0.40495941042900085,-0.6618973612785339,1.7118170414461331,1783858738.1152766,-0.48173674848100373,-0.7174392085392882,1.707109086399723,1783858738.115785,-0.045588683557813064,0.08067309062396694,-0.0008502352901356147,1783858738.1161122,0.033457597228639314,-0.09086544713088454,1783858738.1237063,78.0,115.0,534.0,1783858738.1241155,28068.546875,nan,nan,45.62538528442383,nan
31.9600248336792,1783858738.1658247,BSMC,eight,optuna_t003_r01,1783858738.1460564,-0.40757950005246474,-0.6597117020969823,1.700313936279888,0.028241345668605942,-0.15801448721852596,1783858738.1328933,-0.4046051502227783,-0.6594656109809875,1.7024756417310303,1783858738.1556182,-0.4820198455100167,-0.715341597293686,1.7027998284206274,1783858738.1560235,-0.04554955365746283,0.08100178043130798,0.002485892140739354,1783858738.1557367,0.03373071374477658,-0.08770388846118128,1783858738.1237063,78.0,115.0,534.0,1783858738.1241155,28068.546875,nan,nan,45.62538528442383,nan
32.00017523765564,1783858738.205975,BSMC,eight,optuna_t003_r01,1783858738.1964192,-0.40709219085131304,-0.6580362733437792,1.6933147202169805,0.030000950294328237,-0.15351283611103056,1783858738.1886413,-0.40407904982566833,-0.6578629612922668,1.6951567281631397,1783858738.1954896,-0.48229629880108815,-0.7132248188310131,1.6985387409539885,1783858738.1959524,-0.04341479912139103,0.08100252400438869,-0.0017751953258995368,1783858738.1963682,0.03488256552946719,-0.08798299009734348,1783858738.1730204,109.0,121.0,589.0,1783858738.1735103,28068.59765625,nan,nan,49.247413635253906,nan
32.04051947593689,1783858738.2463193,BSMC,eight,optuna_t003_r01,1783858738.1964192,-0.40709219085131304,-0.6580362733437792,1.6933147202169805,0.030000950294328237,-0.15351283611103056,1783858738.232183,-0.403815358877182,-0.6566014885902405,1.68923397601257,1783858738.2349312,-0.48256011343400207,-0.7111367172038227,1.6944192174768506,1783858738.2358272,-0.04347930933215462,0.0813917326089031,0.001104497259870163,1783858738.2356174,0.03510724335403851,-0.08506813591935983,1783858738.22375,109.0,140.0,639.0,1783858738.2241101,28068.6484375,nan,nan,50.953189849853516,nan
32.081912994384766,1783858738.2877128,BSMC,eight,optuna_t003_r01,1783858738.246199,-0.406670832370261,-0.6562963019607853,1.6865865298287965,0.03242792190888348,-0.14914447214178245,1783858738.2816265,-0.40337321162223816,-0.6551534533500671,1.68440059948335,1783858738.275288,-0.48281855807128127,-0.7090213240326692,1.690328479959589,1783858738.2761922,-0.043574493499071124,0.08172923343711154,0.003741950130792482,1783858738.275921,0.03531992081077453,-0.08227236686747968,1783858738.2730248,101.0,147.0,623.0,1783858738.2762988,28068.697265625,nan,nan,49.294471740722656,nan
32.11996245384216,1783858738.3257623,BSMC,eight,optuna_t003_r01,1783858738.2961314,-0.4062474432983313,-0.6545283812521311,1.6806271885613728,0.03452809720742359,-0.14379553977734955,1783858738.2816265,-0.40337321162223816,-0.6551534533500671,1.68440059948335,1783858738.3154516,-0.48307355312216316,-0.7068607433487174,1.6862339141122256,1783858738.315872,-0.04359611739517657,0.08209936553553678,0.005606725550852731,1783858738.3164368,0.03556657929059483,-0.07980270107401036,1783858738.3228676,93.0,140.0,610.0,1783858738.324477,28068.74609375,nan,nan,49.87453842163086,nan
32.160040616989136,1783858738.3658404,BSMC,eight,optuna_t003_r01,1783858738.3460057,-0.4056987833130543,-0.6524130635550821,1.6711802102988411,0.03601026253480723,-0.14822530247755375,1783858738.3313615,-0.40231984853744507,-0.6518797874450684,1.6691076549133834,1783858738.3548775,-0.4833149574384835,-0.7047422921493492,1.6822989956701968,1783858738.3553367,-0.04428745710075464,0.08246962952923233,0.011118785371355688,1783858738.3558621,0.03552348010292534,-0.0757508957004766,1783858738.3228676,93.0,140.0,610.0,1783858738.324477,28068.74609375,nan,nan,49.87453842163086,nan
32.20081949234009,1783858738.4066193,BSMC,eight,optuna_t003_r01,1783858738.3960824,-0.4051482660226763,-0.6504917573385024,1.6619824839666149,0.03555760290121603,-0.1522843979005264,1783858738.3817947,-0.40193480253219604,-0.6501946449279785,1.6608619904850608,1783858738.3952065,-0.4835527129038077,-0.7025802504602064,1.6783624301638906,1783858738.3955448,-0.042112472878907736,0.08248951825970935,0.007182219865049522,1783858738.3956385,0.03668901538900845,-0.07600445901837415,1783858738.3748693,54.0,134.0,619.0,1783858738.3738737,28068.796875,nan,nan,50.81852340698242,nan
32.24028563499451,1783858738.4460855,BSMC,eight,optuna_t003_r01,1783858738.3960824,-0.4051482660226763,-0.6504917573385024,1.6619824839666149,0.03555760290121603,-0.1522843979005264,1783858738.4330206,-0.4014946520328522,-0.6488619446754456,1.6538020618523472,1783858738.4352093,-0.48378275777623403,-0.700410387290281,1.674490073913116,1783858738.4355145,-0.042550794717491104,0.0828533812135201,0.012507589946501252,1783858738.4355977,0.03675334410546681,-0.07203848769740288,1783858738.423586,31.0,128.0,603.0,1783858738.4257197,28068.84765625,nan,nan,49.85732650756836,nan
32.28003787994385,1783858738.4858377,BSMC,eight,optuna_t003_r01,1783858738.4460366,-0.4045897158682846,-0.6488312219748412,1.6534301132569187,0.0337292351951638,-0.15494156545919394,1783858738.4330206,-0.4014946520328522,-0.6488619446754456,1.6538020618523472,1783858738.4757607,-0.4840086102587762,-0.6981984376769512,1.6706213740118883,1783858738.4765024,-0.04264354565586894,0.08322265789003934,0.017191260754969573,1783858738.4773555,0.036964176702366514,-0.06834494485327655,1783858738.4737186,78.0,128.0,593.0,1783858738.4742334,28068.8984375,nan,nan,49.9842529296875,nan
32.31976008415222,1783858738.52556,BSMC,eight,optuna_t003_r01,1783858738.4968042,-0.4040799656593719,-0.6472065048080201,1.6470243346681932,0.03317721780282989,-0.15049504429571842,1783858738.4856806,-0.4012361168861389,-0.6475899815559387,1.650571536865378,1783858738.515772,-0.4842220583051222,-0.6960264203975983,1.6668978778717256,1783858738.5162413,-0.04257498764485303,0.08362720609259992,0.019873543203532407,1783858738.5163767,0.03723691826703731,-0.06559146175084124,1783858738.5252411,124.0,140.0,609.0,1783858738.4742334,28068.8984375,nan,nan,49.9842529296875,nan
32.36042928695679,1783858738.566229,BSMC,eight,optuna_t003_r01,1783858738.5471528,-0.4036188520665396,-0.6451504384117482,1.6400731503612753,0.03506413577017313,-0.14707782201108335,1783858738.5325782,-0.4009021818637848,-0.6447980403900146,1.6424765827887078,1783858738.5551147,-0.4844272058170227,-0.6938567534676852,1.663251041548686,1783858738.5554233,-0.0429958149160184,0.08398604087524841,0.02317789118741076,1783858738.5555089,0.03730095105509687,-0.06258437061162708,1783858738.5252411,124.0,140.0,609.0,1783858738.5267127,28068.94921875,nan,nan,51.5281867980957,nan
32.40028262138367,1783858738.6060824,BSMC,eight,optuna_t003_r01,1783858738.596241,-0.40323212550807086,-0.6430694869064554,1.6361709834754643,0.03709366027087981,-0.13707667266497475,1783858738.5817432,-0.40084439516067505,-0.6429280638694763,1.6429378575165698,1783858738.5956023,-0.4846300009341328,-0.6916247665772337,1.65957326538215,1783858738.5961108,-0.04075514408021951,0.08403384824153379,0.019500115020874675,1783858738.5962498,0.03849340081537265,-0.06280648045620196,1783858738.5737755,109.0,153.0,632.0,1783858738.5741243,28068.998046875,nan,nan,48.718994140625,nan
32.440348386764526,1783858738.6461482,BSMC,eight,optuna_t003_r01,1783858738.596241,-0.40323212550807086,-0.6430694869064554,1.6361709834754643,0.03709366027087981,-0.13707667266497475,1783858738.629413,-0.40059420466423035,-0.6407158970832825,1.6369880558924534,1783858738.6362326,-0.48482377609416727,-0.6894024829613861,1.6559839465674835,1783858738.6363168,-0.040903793784476616,0.0844442041991449,0.019812963092019187,1783858738.636437,0.03867654345300873,-0.06116336397787889,1783858738.625326,93.0,140.0,613.0,1783858738.625789,28069.048828125,nan,nan,51.34127426147461,nan
32.479825496673584,1783858738.6856253,BSMC,eight,optuna_t003_r01,1783858738.6463158,-0.40286745650906663,-0.640923623443411,1.6315419753968,0.03801284490892315,-0.13028941715530448,1783858738.6839502,-0.4002480208873749,-0.6387802958488464,1.6308147755663531,1783858738.6756055,-0.4850101643159327,-0.6871732527925842,1.652454207303438,1783858738.6764903,-0.04117758037001316,0.08479893593466362,0.020912231906638157,1783858738.6761603,0.03880485246089617,-0.05919051756180978,1783858738.6746666,93.0,128.0,572.0,1783858738.6766798,28069.09765625,nan,nan,49.46742248535156,nan
32.51994800567627,1783858738.7257478,BSMC,eight,optuna_t003_r01,1783858738.6962798,-0.4024818886595097,-0.6388983294574618,1.6268944845030409,0.03801890147417354,-0.12429685379455126,1783858738.6839502,-0.4002480208873749,-0.6387802958488464,1.6308147755663531,1783858738.7151396,-0.48518758833411757,-0.6849583237490524,1.6490155754523097,1783858738.7157254,-0.041350333545102085,0.08515812203493334,0.02212109094926884,1783858738.715815,0.0389714946352909,-0.057195502170067476,1783858738.7252076,31.0,128.0,613.0,1783858738.6766798,28069.09765625,nan,nan,49.46742248535156,nan
32.55996513366699,1783858738.765765,BSMC,eight,optuna_t003_r01,1783858738.746035,-0.401989318166134,-0.6367328505085225,1.6198833395375278,0.03624325713565899,-0.12678969087144637,1783858738.729206,-0.3993402421474457,-0.6354280114173889,1.6206658064182542,1783858738.7548757,-0.48535977499668725,-0.6827120283081237,1.645596207454564,1783858738.755409,-0.041833031297889754,0.0855261092046883,0.025712867917036197,1783858738.755537,0.039005995011716615,-0.05409964736543642,1783858738.7252076,31.0,128.0,613.0,1783858738.7261364,28069.1484375,nan,nan,50.68137741088867,nan
32.600549936294556,1783858738.8063498,BSMC,eight,optuna_t003_r01,1783858738.796075,-0.40154949252341604,-0.6348189085318732,1.6145590471348839,0.03445721207036066,-0.12481305178061967,1783858738.7812476,-0.3992191255092621,-0.6341359615325928,1.6181334097309175,1783858738.7966313,-0.4855283758701878,-0.6804089347483588,1.6421596613024967,1783858738.7982721,-0.039524439083060345,0.08558150040619744,0.022276321764968854,1783858738.7983997,0.04022351383972143,-0.054305210882516455,1783858738.7764986,46.0,128.0,580.0,1783858738.7769375,28069.201171875,nan,nan,51.18984603881836,nan
32.6404664516449,1783858738.8462663,BSMC,eight,optuna_t003_r01,1783858738.796075,-0.40154949252341604,-0.6348189085318732,1.6145590471348839,0.03445721207036066,-0.12481305178061967,1783858738.8305218,-0.39871805906295776,-0.6326048970222473,1.6115305005110445,1783858738.8350387,-0.4856845848419695,-0.6781721117301492,1.6388874846115296,1783858738.835447,-0.03963088996783508,0.08595118700378652,0.024328437476645703,1783858738.8357565,0.04041223097936577,-0.05196441210184803,1783858738.8269587,140.0,147.0,566.0,1783858738.8274496,28069.25,nan,nan,50.246063232421875,nan
32.679975748062134,1783858738.8857756,BSMC,eight,optuna_t003_r01,1783858738.8461113,-0.40110194639522184,-0.6327421761162754,1.6090088289032312,0.03631392291484052,-0.12178093107494857,1783858738.8822834,-0.3984338343143463,-0.6309906840324402,1.6087763076205854,1783858738.875786,-0.4858387091385061,-0.6758552213288819,1.6355645301608015,1783858738.876262,-0.039844356546366755,0.0863219605843258,0.026555701257570345,1783858738.8766167,0.04056165952391236,-0.049512090226609545,1783858738.8788033,140.0,166.0,630.0,1783858738.8788939,28069.302734375,nan,nan,51.950355529785156,nan
32.72008657455444,1783858738.9258864,BSMC,eight,optuna_t003_r01,1783858738.8964972,-0.40068202324640445,-0.6305802294279048,1.604729113455429,0.03936571200297839,-0.11561728931343042,1783858738.8822834,-0.3984338343143463,-0.6309906840324402,1.6087763076205854,1783858738.915091,-0.4859817718494246,-0.6735936177196038,1.6323844041275346,1783858738.9161818,-0.04009472438805429,0.08670992884506865,0.027655290672105703,1783858738.9154782,0.0406890528814554,-0.047629570405555224,1783858738.8788033,140.0,166.0,630.0,1783858738.8788939,28069.302734375,nan,nan,51.950355529785156,nan
32.760234117507935,1783858738.966034,BSMC,eight,optuna_t003_r01,1783858738.9462261,-0.4002314207825179,-0.628023881560344,1.5994578736270668,0.04186481308659589,-0.1132465139772775,1783858738.9319255,-0.3978850245475769,-0.6271736025810242,1.6013891298926917,1783858738.9548376,-0.4861190790742654,-0.6713081884411993,1.6292329924357785,1783858738.9555485,-0.04080519329269495,0.0870928083675216,0.029775118808711643,1783858738.9553409,0.040621976335801835,-0.04527549968211302,1783858738.930757,124.0,160.0,603.0,1783858738.9320557,28069.353515625,nan,nan,51.467708587646484,nan
32.8000602722168,1783858739.00586,BSMC,eight,optuna_t003_r01,1783858738.9959993,-0.39978960128969315,-0.6255974239551867,1.5927817079531394,0.042272285349603936,-0.11527013692189549,1783858738.9796731,-0.39756152033805847,-0.625007152557373,1.5926271479033465,1783858738.995028,-0.48625085215231745,-0.6689934619257798,1.6261034043077007,1783858738.9954531,-0.03848764116472918,0.08715819276510155,0.026645530680633907,1783858738.9963982,0.041833109061912156,-0.045454022953211395,1783858738.9812243,93.0,147.0,612.0,1783858738.981365,28069.404296875,nan,nan,50.38553237915039,nan
32.84005403518677,1783858739.0458539,BSMC,eight,optuna_t003_r01,1783858738.9959993,-0.39978960128969315,-0.6255974239551867,1.5927817079531394,0.042272285349603936,-0.11527013692189549,1783858739.0327132,-0.39700496196746826,-0.6233270764350891,1.5861580227365648,1783858739.034911,-0.4863753132413638,-0.666680970416878,1.6230378719709195,1783858739.035491,-0.039170151322893546,0.08746795155592275,0.030256164017780085,1783858739.0356236,0.04177333407498767,-0.0424372621235213,1783858739.0309896,62.0,134.0,571.0,1783858739.032888,28069.455078125,nan,nan,50.30208969116211,nan
32.87989330291748,1783858739.0856931,BSMC,eight,optuna_t003_r01,1783858739.0460515,-0.39930400879875755,-0.6234870957919602,1.5861434145069244,0.0406177691447601,-0.11755695033569039,1783858739.0839021,-0.39702343940734863,-0.6216377019882202,1.5835088816777925,1783858739.0752609,-0.4864937971708069,-0.6643469217825952,1.6200041512341854,1783858739.0760708,-0.03951695736213149,0.08780657525030348,0.033860736727260976,1783858739.0753968,0.04185321651669413,-0.039416419022411886,1783858739.0769181,109.0,140.0,554.0,1783858739.0777066,28069.5,nan,nan,45.81389617919922,nan
32.92066431045532,1783858739.1264641,BSMC,eight,optuna_t003_r01,1783858739.0966191,-0.3989071512963477,-0.6214140013053465,1.5810518735662997,0.040232547262266535,-0.11463081187436013,1783858739.0839021,-0.39702343940734863,-0.6216377019882202,1.5835088816777925,1783858739.115834,-0.4866077648783281,-0.6619585330357649,1.6169611120270386,1783858739.1164918,-0.03964299761009027,0.08811180066473007,0.0359092384607389,1783858739.1162658,0.04203106728507615,-0.03712113378477858,1783858739.125775,156.0,160.0,580.0,1783858739.0777066,28069.5,nan,nan,45.81389617919922,nan
32.960705041885376,1783858739.1665049,BSMC,eight,optuna_t003_r01,1783858739.1461654,-0.3984234728175426,-0.6189207155255179,1.575579734438114,0.04243798660283602,-0.11232960512281095,1783858739.1329792,-0.39618831872940063,-0.6183398365974426,1.5767604059306322,1783858739.155138,-0.4867112845438829,-0.6596449854980265,1.6140711694973717,1783858739.1558595,-0.040301489084703865,0.0884816017134352,0.038491435059257784,1783858739.155966,0.04197455782501318,-0.034612049847059914,1783858739.125775,156.0,160.0,580.0,1783858739.1268997,28069.548828125,nan,nan,48.7286491394043,nan
33.000394105911255,1783858739.206194,BSMC,eight,optuna_t003_r01,1783858739.1958842,-0.3978849437287152,-0.6166304822327457,1.571183505380576,0.04440081684175974,-0.10772453369985754,1783858739.1895697,-0.39550408720970154,-0.6169381141662598,1.5731998649276522,1783858739.1947904,-0.48680981568621223,-0.6572907463902544,1.6111873680377662,1783858739.1953063,-0.03794680559771763,0.08856887048612447,0.035607633599652244,1783858739.1951048,0.04319428768792926,-0.03475549993366778,1783858739.1760771,140.0,166.0,610.0,1783858739.1766076,28069.599609375,nan,nan,50.467525482177734,nan
33.04026794433594,1783858739.2460678,BSMC,eight,optuna_t003_r01,1783858739.1958842,-0.3978849437287152,-0.6166304822327457,1.571183505380576,0.04440081684175974,-0.10772453369985754,1783858739.230304,-0.39561840891838074,-0.6144717335700989,1.5701373435461445,1783858739.2344918,-0.486901609232758,-0.6549366081401604,1.6083598351409694,1783858739.2347684,-0.03827165769044092,0.08903149014320194,0.03717632976039331,1783858739.2349248,0.04327899925248591,-0.032718750499458715,1783858739.226098,93.0,153.0,530.0,1783858739.2264683,28069.650390625,nan,nan,50.279754638671875,nan
33.0802264213562,1783858739.2860262,BSMC,eight,optuna_t003_r01,1783858739.2460072,-0.39747415778303397,-0.6142958068262759,1.5668884312157243,0.04436875921731341,-0.10450093065541166,1783858739.2834272,-0.3955547511577606,-0.6122204065322876,1.568912569937475,1783858739.2753992,-0.4869886529038854,-0.6525292393428024,1.6055250953146443,1783858739.2760446,-0.03858295298252347,0.0893643997231845,0.03863666409891997,1783858739.277317,0.043372049210552856,-0.030751108765381032,1783858739.277515,46.0,108.0,475.0,1783858739.2763624,28069.69921875,nan,nan,49.85961151123047,nan
33.12018585205078,1783858739.3259857,BSMC,eight,optuna_t003_r01,1783858739.2964108,-0.3971174648130447,-0.6122676043699647,1.563953716757704,0.04101482079925448,-0.09863614431884196,1783858739.2834272,-0.3955547511577606,-0.6122204065322876,1.568912569937475,1783858739.3156145,-0.4870687477398886,-0.6501276309089539,1.6027529871944735,1783858739.31625,-0.03847463696271407,0.08969011774050381,0.03879927043676945,1783858739.3159392,0.04364081060031184,-0.029424159932180265,1783858739.3256743,78.0,64.0,416.0,1783858739.2763624,28069.69921875,nan,nan,49.85961151123047,nan
33.16057324409485,1783858739.366373,BSMC,eight,optuna_t003_r01,1783858739.3467414,-0.3966994140791793,-0.6104929719525792,1.571311396057479,0.03699569537776589,-0.06589935476990808,1783858739.3308198,-0.3946886956691742,-0.6105481386184692,1.5921298083533506,1783858739.3550434,-0.4871412295904787,-0.647760683706577,1.6000742308968952,1783858739.355492,-0.03722112301334178,0.0904609989663206,0.028762834839416218,1783858739.355642,0.04440454735839547,-0.032926314577620276,1783858739.3256743,78.0,64.0,416.0,1783858739.3261387,28069.75,nan,nan,49.560855865478516,nan
33.199997901916504,1783858739.4057977,BSMC,eight,optuna_t003_r01,1783858739.3962193,-0.39619918689333017,-0.608314928204246,1.5611554302699602,0.035576124498562095,-0.08042337773117042,1783858739.3834116,-0.3941095173358917,-0.6067838668823242,1.550152427318175,1783858739.3947127,-0.4872081493469175,-0.645366626449162,1.5974174576936622,1783858739.3953695,-0.03482703160518597,0.09052668560863097,0.026106061636183234,1783858739.3950808,0.045630427902363206,-0.0330649971145353,1783858739.3772643,132.0,70.0,460.0,1783858739.3759532,28069.798828125,nan,nan,50.101768493652344,nan
33.24088382720947,1783858739.4466836,BSMC,eight,optuna_t003_r01,1783858739.3962193,-0.39619918689333017,-0.608314928204246,1.5611554302699602,0.035576124498562095,-0.08042337773117042,1783858739.4326973,-0.39387190341949463,-0.6048139333724976,1.5495204741655784,1783858739.4344413,-0.48726902298276026,-0.6429618844793108,1.594800967768491,1783858739.4348888,-0.035523327389388404,0.09073158124748097,0.03364553749853072,1783858739.435153,0.04554172702493759,-0.028271173590407338,1783858739.4274323,140.0,115.0,540.0,1783858739.4297464,28069.8515625,nan,nan,51.08111572265625,nan
33.28012943267822,1783858739.4859293,BSMC,eight,optuna_t003_r01,1783858739.4468038,-0.39574262152344236,-0.6060051495239759,1.5541479735726942,0.036545224414237416,-0.08479014774164756,1783858739.484789,-0.39363858103752136,-0.6030178070068359,1.5480189177281147,1783858739.4750488,-0.48732443465964465,-0.6405211097231194,1.5921975293115715,1783858739.476818,-0.036035792898081676,0.09099451431811534,0.03804955573887736,1783858739.4769151,0.04553477252529008,-0.024963241568035022,1783858739.476396,132.0,160.0,549.0,1783858739.477013,28069.900390625,nan,nan,49.42556381225586,nan
33.320305585861206,1783858739.5261054,BSMC,eight,optuna_t003_r01,1783858739.4964263,-0.3953197213985428,-0.6036730889170683,1.5490498023334145,0.03901167252647223,-0.08537086503560294,1783858739.484789,-0.39363858103752136,-0.6030178070068359,1.5480189177281147,1783858739.5149298,-0.4873732078732907,-0.6380985860729969,1.5896644744378854,1783858739.5157192,-0.03641904298967852,0.09128314485328266,0.040614672104470895,1783858739.516061,0.04558123450548763,-0.022555483952836804,1783858739.476396,132.0,160.0,549.0,1783858739.477013,28069.900390625,nan,nan,49.42556381225586,nan
33.36031889915466,1783858739.5661187,BSMC,eight,optuna_t003_r01,1783858739.546963,-0.39470678618117644,-0.6006771041213209,1.5421260380847437,0.04241418747101472,-0.09134565414376598,1783858739.5324044,-0.3922722637653351,-0.5985406637191772,1.538903753664802,1783858739.555283,-0.4874165909004531,-0.635634018257365,1.58713837403491,1783858739.5556796,-0.037600200823322806,0.091669616749755,0.0450123359501664,1783858739.555762,0.045289079048578346,-0.019226729714899703,1783858739.5268655,132.0,179.0,549.0,1783858739.5269911,28069.951171875,nan,nan,50.47134780883789,nan
33.39999842643738,1783858739.6057982,BSMC,eight,optuna_t003_r01,1783858739.5966282,-0.3941400022217373,-0.5976425678342163,1.5359823884046453,0.04671433915887581,-0.09441901295945289,1783858739.581871,-0.39200055599212646,-0.5963001251220703,1.5343132484031219,1783858739.5961897,-0.4874541961337153,-0.6331414808831827,1.5846347037627013,1783858739.5984175,-0.03510976579890109,0.09177865850505079,0.042508665677957636,1783858739.5994005,0.046553573235494736,-0.019315243950513847,1783858739.576673,171.0,192.0,559.0,1783858739.5770237,28070.0,nan,nan,49.9879264831543,nan
33.4400794506073,1783858739.6458793,BSMC,eight,optuna_t003_r01,1783858739.5966282,-0.3941400022217373,-0.5976425678342163,1.5359823884046453,0.04671433915887581,-0.09441901295945289,1783858739.635164,-0.3915790617465973,-0.594425618648529,1.531003842458737,1783858739.6378956,-0.48748597821509854,-0.6306176645065696,1.5821508335280567,1783858739.6379638,-0.036204200255787154,0.09214165246262454,0.04616844512341145,1783858739.6381946,0.04629909943243465,-0.016346081155300375,1783858739.627627,195.0,198.0,569.0,1783858739.6271377,28070.05078125,nan,nan,50.118106842041016,nan
33.47991490364075,1783858739.6857147,BSMC,eight,optuna_t003_r01,1783858739.6461864,-0.39358019119605525,-0.5946837061197147,1.531029101215383,0.05118116862978837,-0.09348700305684694,1783858739.6841276,-0.39142823219299316,-0.5932406783103943,1.5326922628130395,1783858739.6750505,-0.4875099168725014,-0.6282756449893201,1.5798910109580726,1783858739.67554,-0.03729972082280295,0.09251995757247565,0.04886190974268967,1783858739.6757023,0.04602840237750875,-0.013931986889796306,1783858739.6768827,109.0,172.0,559.0,1783858739.6779318,28070.1015625,nan,nan,50.149566650390625,nan
33.51999044418335,1783858739.7257903,BSMC,eight,optuna_t003_r01,1783858739.696147,-0.39309991724429366,-0.5922184919416711,1.528425175841675,0.051397452919828696,-0.08796691404993238,1783858739.6841276,-0.39142823219299316,-0.5932406783103943,1.5326922628130395,1783858739.7149448,-0.48752947739908004,-0.6258067770190161,1.5775548475614238,1783858739.7156491,-0.03755803087447143,0.09292205896500393,0.04912967171974892,1783858739.7159235,0.04612375888478287,-0.012655357982685037,1783858739.6768827,109.0,172.0,559.0,1783858739.6779318,28070.1015625,nan,nan,50.149566650390625,nan
33.56016659736633,1783858739.7659664,BSMC,eight,optuna_t003_r01,1783858739.746046,-0.39269245200702263,-0.5899136893453677,1.5273827947078629,0.049929998197884115,-0.07941481619362424,1783858739.73188,-0.3913072645664215,-0.5909998416900635,1.533904110449532,1783858739.7558465,-0.48754349055827007,-0.6233012458353987,1.5752313280736132,1783858739.7560954,-0.037472623315326754,0.09331265157786948,0.047848533365750345,1783858739.7562182,0.04636826008224165,-0.01214098034718964,1783858739.727219,109.0,153.0,536.0,1783858739.7276917,28070.150390625,nan,nan,50.336082458496094,nan
33.60048294067383,1783858739.8062828,BSMC,eight,optuna_t003_r01,1783858739.7963324,-0.3923135576309157,-0.5876510932011608,1.5271073376398538,0.0499716348991086,-0.06843610741259808,1783858739.7834976,-0.3910825252532959,-0.5892342329025269,1.5334489880285207,1783858739.7949162,-0.48755163218173836,-0.6208454590543393,1.5729992612115233,1783858739.795295,-0.035019503769789045,0.09342736642154571,0.04561646650366047,1783858739.7954457,0.047601050472968094,-0.012196041090470972,1783858739.7770798,171.0,153.0,517.0,1783858739.7813296,28070.201171875,nan,nan,49.84389114379883,nan
33.64020395278931,1783858739.8460038,BSMC,eight,optuna_t003_r01,1783858739.7963324,-0.3923135576309157,-0.5876510932011608,1.5271073376398538,0.0499716348991086,-0.06843610741259808,1783858739.830874,-0.3911585807800293,-0.5874439477920532,1.5360340838091011,1783858739.8353727,-0.48755434580060714,-0.6183309755763307,1.5707593825745518,1783858739.8355162,-0.03481025745376853,0.09380996156987086,0.04365204493469799,1783858739.8366563,0.047894651562258424,-0.012052444616326392,1783858739.827967,171.0,160.0,565.0,1783858739.828545,28070.251953125,nan,nan,50.58870315551758,nan
33.68030595779419,1783858739.8861058,BSMC,eight,optuna_t003_r01,1783858739.8461616,-0.39202167258289755,-0.5854187109000848,1.5282548512873164,0.05063061808325208,-0.055198687069156066,1783858739.8809123,-0.3908970057964325,-0.5851147770881653,1.5346791596527192,1783858739.8761675,-0.48755139082872523,-0.6157749747193979,1.5685287831274972,1783858739.876292,-0.03439154839069297,0.09415227676740262,0.04027393184018079,1783858739.8767483,0.048280090835271725,-0.01261906605561006,1783858739.8774447,109.0,166.0,530.0,1783858739.8779566,28070.30078125,nan,nan,49.944923400878906,nan
33.720409870147705,1783858739.9262097,BSMC,eight,optuna_t003_r01,1783858739.8962607,-0.3917368107803703,-0.5832563928317901,1.5286939628441756,0.04973465624152986,-0.0473205414095423,1783858739.8809123,-0.3908970057964325,-0.5851147770881653,1.5346791596527192,1783858739.9147785,-0.48754327070251446,-0.6133273788283018,1.5664356265759745,1783858739.9151974,-0.034076824743222836,0.09445587317385558,0.03774166373179888,1783858739.9152915,0.048608252595391095,-0.012839109530125948,1783858739.8774447,109.0,166.0,530.0,1783858739.8779566,28070.30078125,nan,nan,49.944923400878906,nan
33.76008462905884,1783858739.9658844,BSMC,eight,optuna_t003_r01,1783858739.9461386,-0.3913630116472967,-0.5805067368824715,1.5273660329696888,0.04826686938042381,-0.045857639809347185,1783858739.9298284,-0.3901568055152893,-0.5795678496360779,1.5300810330899226,1783858739.9549785,-0.48752956567709876,-0.6108003448483468,1.564317635990847,1783858739.955423,-0.034440271562333744,0.09476062733155416,0.0369516030211583,1783858739.9555097,0.04865146743605798,-0.012180688373703473,1783858739.9314678,93.0,153.0,528.0,1783858739.9320636,28070.35546875,nan,nan,53.291046142578125,nan
33.800172328948975,1783858740.0059721,BSMC,eight,optuna_t003_r01,1783858739.9962034,-0.39098404618352706,-0.5776968554860595,1.5254135964936522,0.04818367522579132,-0.04437780317296249,1783858739.9819133,-0.389808714389801,-0.5767467021942139,1.5263817138465738,1783858739.9956093,-0.4875104224402827,-0.6082569360143397,1.5622292716914878,1783858739.996138,-0.0318984298929486,0.09485192841697097,0.034863238721799084,1783858739.9962945,0.049913707164467816,-0.012226184209463434,1783858739.978054,156.0,140.0,502.0,1783858739.978818,28070.40234375,nan,nan,46.95539855957031,nan
33.84060716629028,1783858740.046407,BSMC,eight,optuna_t003_r01,1783858739.9962034,-0.39098404618352706,-0.5776968554860595,1.5254135964936522,0.04818367522579132,-0.04437780317296249,1783858740.0367527,-0.38952627778053284,-0.5739335417747498,1.525466117715755,1783858740.0354164,-0.48748578467050324,-0.6056912166636261,1.5601657890028249,1783858740.0360644,-0.032343546832274,0.09513235394468743,0.03475219250917272,1783858740.0371919,0.0499187281451938,-0.011250597680056807,1783858740.0327542,156.0,147.0,519.0,1783858740.0332055,28070.45703125,nan,nan,54.91179656982422,nan
33.88022518157959,1783858740.086025,BSMC,eight,optuna_t003_r01,1783858740.0465486,-0.39061683802566743,-0.5748791378714853,1.5240625848689975,0.04865902067545058,-0.04102739418085634,1783858740.0367527,-0.38952627778053284,-0.5739335417747498,1.525466117715755,1783858740.0769632,-0.4874564467890229,-0.6031682374671041,1.5581781727570134,1783858740.0757818,-0.032782243003265044,0.09541230279709989,0.03411558788801594,1783858740.0770774,0.04992179382450293,-0.010566512258926328,1783858740.077589,109.0,147.0,517.0,1783858740.0789514,28070.501953125,nan,nan,45.023075103759766,nan
33.92003774642944,1783858740.1258376,BSMC,eight,optuna_t003_r01,1783858740.0962956,-0.3902660710425496,-0.5723217972390777,1.5233236228744114,0.04774023193039037,-0.03772454354229639,1783858740.089328,-0.38922005891799927,-0.5716586709022522,1.5255698742188077,1783858740.1158676,-0.4874214222078154,-0.6005957381322576,1.5561930960463561,1783858740.1164393,-0.03285258200356102,0.09570415795239225,0.032869473171944774,1783858740.116971,0.05008148533964423,-0.010180146199300102,1783858740.077589,109.0,147.0,517.0,1783858740.0789514,28070.501953125,nan,nan,45.023075103759766,nan
33.96048712730408,1783858740.166287,BSMC,eight,optuna_t003_r01,1783858740.1463473,-0.38990463360994404,-0.5698585921522386,1.5212872180591714,0.04651710547984929,-0.038663141618933645,1783858740.1315355,-0.38880956172943115,-0.5697232484817505,1.52172201234182,1783858740.1551175,-0.48738206818065655,-0.598067100295996,1.5542819845669347,1783858740.1561952,-0.032997993133829,0.09596198534484236,0.032994766507763236,1783858740.1555653,0.05020100829604831,-0.009143755043190264,1783858740.1367378,109.0,147.0,506.0,1783858740.1371326,28070.560546875,nan,nan,58.94148635864258,nan
34.00038766860962,1783858740.2061875,BSMC,eight,optuna_t003_r01,1783858740.1962776,-0.3895002440859789,-0.5668297390622777,1.5196985405151981,0.047856457056094925,-0.03699906098951269,1783858740.1819198,-0.3882780969142914,-0.5651393532752991,1.5205151656625269,1783858740.1949086,-0.48733757013910906,-0.5955189086452237,1.552395582172788,1783858740.195531,-0.03045072168905011,0.09604364899269748,0.031108364113616505,1783858740.1953332,0.05145189281802978,-0.009163881934678882,1783858740.1776834,171.0,153.0,496.0,1783858740.1780455,28070.6015625,nan,nan,40.894439697265625,nan
34.04024696350098,1783858740.2460468,BSMC,eight,optuna_t003_r01,1783858740.1962776,-0.3895002440859789,-0.5668297390622777,1.5196985405151981,0.047856457056094925,-0.03699906098951269,1783858740.2333293,-0.38806238770484924,-0.562703013420105,1.5168094819332434,1783858740.2372205,-0.48728768785427895,-0.5929398490739293,1.5505259493060288,1783858740.2359865,-0.031070578684046946,0.09632622251390034,0.03082740879083068,1783858740.2372844,0.0513717373675689,-0.008332829888503097,1783858740.2277808,187.0,160.0,522.0,1783858740.2281413,28070.65234375,nan,nan,50.062355041503906,nan
34.08017301559448,1783858740.2859728,BSMC,eight,optuna_t003_r01,1783858740.24598,-0.3891169518197651,-0.5638026200910498,1.5174712353890385,0.05007967388869977,-0.03643156272789455,1783858740.2816586,-0.38755953311920166,-0.5601831674575806,1.513512302875912,1783858740.2758472,-0.4872327486675944,-0.5903479593572448,1.548686438544551,1783858740.2759616,-0.031737161087732495,0.09656146868152553,0.031215203155512405,1783858740.276038,0.051268873637305326,-0.0071825396865409265,1783858740.2778943,109.0,147.0,505.0,1783858740.278187,28070.701171875,nan,nan,50.216373443603516,nan
34.12007522583008,1783858740.325875,BSMC,eight,optuna_t003_r01,1783858740.2963705,-0.3887110729562027,-0.5609723458391132,1.5146359632409236,0.04947476561501236,-0.03885291623734501,1783858740.2816586,-0.38755953311920166,-0.5601831674575806,1.513512302875912,1783858740.3148685,-0.48717368890440804,-0.587781129697993,1.5469029589736842,1783858740.3153756,-0.03229330770119442,0.0968025821405188,0.032266995732760595,1783858740.3154764,0.05120654785075467,-0.005713996893477114,1783858740.2778943,109.0,147.0,505.0,1783858740.278187,28070.701171875,nan,nan,50.216373443603516,nan
34.160545349121094,1783858740.3663452,BSMC,eight,optuna_t003_r01,1783858740.3462095,-0.38829466492675363,-0.5579876832905879,1.5122050621398204,0.04747879467905375,-0.04044217939893672,1783858740.3316112,-0.3870793879032135,-0.555747389793396,1.5120653652931477,1783858740.3557835,-0.48710858848760547,-0.5851555310874709,1.5451173168304986,1783858740.355879,-0.03290754913270487,0.09705347316548277,0.032912254690678155,1783858740.3559706,0.05112191477933137,-0.004437928520297039,1783858740.3277588,93.0,128.0,475.0,1783858740.3280525,28070.751953125,nan,nan,49.8271369934082,nan
34.200114250183105,1783858740.405914,BSMC,eight,optuna_t003_r01,1783858740.3962052,-0.38791268431275067,-0.5550903226150508,1.510748010789609,0.04779883758592086,-0.03772930120734936,1783858740.3848255,-0.3868928849697113,-0.5536233186721802,1.5116509763154204,1783858740.3959377,-0.48704045081104563,-0.5825884283836191,1.543408602794849,1783858740.396026,-0.030340861529629136,0.09713577616243468,0.031203540655028617,1783858740.3961575,0.05236871910725407,-0.004424848560091517,1783858740.3793614,171.0,140.0,470.0,1783858740.3815506,28070.802734375,nan,nan,51.09785461425781,nan
34.24010252952576,1783858740.4459023,BSMC,eight,optuna_t003_r01,1783858740.3962052,-0.38791268431275067,-0.5550903226150508,1.510748010789609,0.04779883758592086,-0.03772930120734936,1783858740.4313672,-0.3866511285305023,-0.5514116287231445,1.512582003806477,1783858740.4354827,-0.48696682427444077,-0.5799819320753827,1.5417105889729457,1783858740.4355655,-0.03079120622951544,0.0973818077671966,0.030962578183336698,1783858740.435646,0.05234801554354599,-0.003627643282385136,1783858740.4326065,203.0,160.0,510.0,1783858740.432691,28070.857421875,nan,nan,53.87785720825195,nan
34.27999496459961,1783858740.4857948,BSMC,eight,optuna_t003_r01,1783858740.446115,-0.3875482881423735,-0.5521299158596938,1.5103620923768293,0.05022555330233077,-0.03175477816365233,1783858740.4822814,-0.3860296905040741,-0.5492421984672546,1.5088710605382372,1783858740.475404,-0.48688809260494087,-0.5773519231142114,1.5400343166312616,1783858740.4759955,-0.03117583339927664,0.09763510543072404,0.029672224254432278,1783858740.4761806,0.052355722449338504,-0.0033660961250505383,1783858740.4788995,156.0,172.0,537.0,1783858740.4792511,28070.90234375,nan,nan,46.110443115234375,nan
34.32011008262634,1783858740.52591,BSMC,eight,optuna_t003_r01,1783858740.496349,-0.3871278057993169,-0.5492867636467991,1.5087441512207458,0.051626976714375133,-0.030978705674894445,1783858740.4822814,-0.3860296905040741,-0.5492421984672546,1.5088710605382372,1783858740.5150065,-0.486805727749929,-0.5747444809488969,1.53840854926792,1783858740.5154598,-0.031589984240265205,0.09790738680163841,0.029664398047174245,1783858740.5156922,0.052344408712496855,-0.002465260231965107,1783858740.4788995,156.0,172.0,537.0,1783858740.4792511,28070.90234375,nan,nan,46.110443115234375,nan
34.360167026519775,1783858740.5659668,BSMC,eight,optuna_t003_r01,1783858740.546436,-0.38671202205215544,-0.5460938638541682,1.5077030451501376,0.05282661134919464,-0.029376948598548717,1783858740.529476,-0.3856607973575592,-0.5449451804161072,1.508913751406495,1783858740.5563352,-0.4867167313891844,-0.5720654705120194,1.5367749847132077,1783858740.5564268,-0.03222537034779062,0.09816818093415772,0.029071939563070078,1783858740.5565052,0.05224319016796963,-0.0018527642016746698,1783858740.5285995,156.0,172.0,439.0,1783858740.5289006,28070.953125,nan,nan,49.90938186645508,nan
34.40025019645691,1783858740.60605,BSMC,eight,optuna_t003_r01,1783858740.5963807,-0.38633063190002714,-0.5429724420810761,1.5075343973272177,0.05452651913620839,-0.024431784689868025,1783858740.5790656,-0.38546106219291687,-0.5425702333450317,1.5095245603520755,1783858740.5961769,-0.4866271072415664,-0.5694905049040501,1.535239459383214,1783858740.5963552,-0.029649877272062992,0.09824109037758011,0.02753641423307629,1783858740.5965872,0.05348027001738715,-0.0018103899375726228,1783858740.578697,203.0,160.0,478.0,1783858740.579162,28071.001953125,nan,nan,49.93069076538086,nan
34.44014549255371,1783858740.6459453,BSMC,eight,optuna_t003_r01,1783858740.5963807,-0.38633063190002714,-0.5429724420810761,1.5075343973272177,0.05452651913620839,-0.024431784689868025,1783858740.6322742,-0.3852384686470032,-0.5399587154388428,1.5048723071216885,1783858740.6349037,-0.48653056177904946,-0.5668345269853403,1.5336905700860255,1783858740.6355944,-0.030148965599090548,0.09849093824836963,0.026156172758807772,1783858740.635382,0.0534306443686696,-0.001633417607089703,1783858740.6289642,140.0,147.0,486.0,1783858740.6293576,28071.052734375,nan,nan,50.144615173339844,nan
34.480029344558716,1783858740.6858292,BSMC,eight,optuna_t003_r01,1783858740.6460228,-0.38598012844949353,-0.5401268009730692,1.5057293449838314,0.05379276032387042,-0.025142106738915364,1783858740.683694,-0.3849942684173584,-0.53769451379776,1.5065690391416788,1783858740.6761668,-0.4864303738634016,-0.5641896908761292,1.532182876067048,1783858740.677564,-0.03054335354520739,0.09867308664683402,0.026453531083216575,1783858740.6765304,0.05341855354735751,-0.0006254228380890743,1783858740.6795502,124.0,147.0,483.0,1783858740.6799335,28071.103515625,nan,nan,50.9119873046875,nan
34.52024292945862,1783858740.7260427,BSMC,eight,optuna_t003_r01,1783858740.696255,-0.3856578632692379,-0.5375105253626443,1.5051824362287105,0.051964416228799534,-0.02328132927341424,1783858740.683694,-0.3849942684173584,-0.53769451379776,1.5065690391416788,1783858740.715432,-0.4863255391426611,-0.561527441706035,1.530699664330315,1783858740.7158356,-0.030565695740678783,0.09887634439182237,0.025517228101604505,1783858740.716338,0.05356278437629284,-0.0002502244458965179,1783858740.6795502,124.0,147.0,483.0,1783858740.6799335,28071.103515625,nan,nan,50.9119873046875,nan
34.56006169319153,1783858740.7658615,BSMC,eight,optuna_t003_r01,1783858740.7463949,-0.3852818315046201,-0.5345249321806502,1.5044547176739635,0.052382646006226344,-0.021710608413473848,1783858740.7345588,-0.3844336271286011,-0.5337130427360535,1.505256605686323,1783858740.7555125,-0.48621686593245433,-0.5588669034702316,1.5292513516196755,1783858740.756066,-0.030979705671347536,0.0990992965551601,0.024796633945711966,1783858740.7562351,0.053539641904425526,0.0002300228171595968,1783858740.7289796,171.0,166.0,481.0,1783858740.7293835,28071.15234375,nan,nan,49.31067657470703,nan
34.600318908691406,1783858740.8061187,BSMC,eight,optuna_t003_r01,1783858740.7961397,-0.38493626922285806,-0.531451323181947,1.5047813266111965,0.054953288366682444,-0.016620013244393328,1783858740.7800183,-0.384272038936615,-0.5313257575035095,1.5068717689996252,1783858740.7954295,-0.48610464240377343,-0.5562125301078162,1.5278396882591743,1783858740.7960792,-0.02832373176353172,0.0991632861519038,0.023384970585210718,1783858740.7964146,0.05480103925857624,0.0003049466783896608,1783858740.7800224,218.0,179.0,469.0,1783858740.7804375,28071.203125,nan,nan,50.818397521972656,nan
34.64018988609314,1783858740.8459897,BSMC,eight,optuna_t003_r01,1783858740.7961397,-0.38493626922285806,-0.531451323181947,1.5047813266111965,0.054953288366682444,-0.016620013244393328,1783858740.8305376,-0.3840194344520569,-0.5284361243247986,1.504920573104726,1783858740.8345828,-0.48598937177090235,-0.5535731078892191,1.5264684500633954,1783858740.83636,-0.028739775336316605,0.09937367964827759,0.02168712345219892,1783858740.835839,0.05477183510246306,0.0002515346304692266,1783858740.830378,171.0,179.0,489.0,1783858740.8307378,28071.25390625,nan,nan,50.54962921142578,nan
34.68042278289795,1783858740.8862226,BSMC,eight,optuna_t003_r01,1783858740.8462286,-0.38460306582956844,-0.5283902425191725,1.5043016701761294,0.05625379403473499,-0.015146979997697277,1783858740.884253,-0.3837606608867645,-0.5256219506263733,1.506590199495515,1783858740.8755698,-0.48586890095629265,-0.5508983291407034,1.5251113852443345,1783858740.8756542,-0.02918702061552165,0.09954647736039854,0.02080971506820517,1783858740.8759527,0.05472744015439183,0.0006137470265632668,1783858740.8798335,140.0,160.0,466.0,1783858740.8801734,28071.3046875,nan,nan,49.45636749267578,nan
34.719990491867065,1783858740.9257903,BSMC,eight,optuna_t003_r01,1783858740.89603,-0.38429530931754347,-0.5255398328082204,1.5046522094377555,0.05545561022508354,-0.01245413694127651,1783858740.884253,-0.3837606608867645,-0.5256219506263733,1.506590199495515,1783858740.915026,-0.4857447470539117,-0.5482216582162399,1.523785670691273,1783858740.9153512,-0.02933761812117615,0.09972842014110707,0.019133461253517448,1783858740.9164255,0.05480572622981911,0.0005553774051262478,1783858740.8798335,140.0,160.0,466.0,1783858740.8801734,28071.3046875,nan,nan,49.45636749267578,nan
34.760178565979004,1783858740.9659784,BSMC,eight,optuna_t003_r01,1783858740.946953,-0.38393502537978547,-0.5221355082510492,1.5051490084288879,0.056055132229756104,-0.007974415368176859,1783858740.9337652,-0.3832257390022278,-0.5207086801528931,1.5065840277849964,1783858740.9549065,-0.4856166161866084,-0.5455354011265706,1.5224872310954853,1783858740.9552639,-0.030019819548659905,0.09992753039006796,0.017338222666597458,1783858740.9553564,0.05465894633069094,0.00043187501758867874,1783858740.9301136,203.0,147.0,453.0,1783858740.930864,28071.353515625,nan,nan,49.928489685058594,nan
34.80032229423523,1783858741.006122,BSMC,eight,optuna_t003_r01,1783858740.9959638,-0.3836506916367968,-0.5191119868213223,1.5059285500172699,0.05497296482956541,-0.004653606808611674,1783858740.9821868,-0.38319095969200134,-0.5182875394821167,1.5078034308791726,1783858740.9951546,-0.4854839158025873,-0.5428266520123153,1.5212099379436816,1783858740.9955866,-0.02730819994243163,0.09997281026437027,0.016060929514793765,1783858740.9956872,0.05593202374563592,0.0005376610031603939,1783858740.9800658,140.0,153.0,484.0,1783858740.9804425,28071.404296875,nan,nan,50.14178466796875,nan
34.840112924575806,1783858741.0459127,BSMC,eight,optuna_t003_r01,1783858740.9959638,-0.3836506916367968,-0.5191119868213223,1.5059285500172699,0.05497296482956541,-0.004653606808611674,1783858741.0322022,-0.3830002248287201,-0.5161954164505005,1.508151844096264,1783858741.0348725,-0.48534919767468343,-0.540145571823441,1.5199769068791538,1783858741.0353398,-0.02758167814350222,0.10012117088392276,0.014048356861883883,1783858741.0354378,0.05595062685622946,0.0002680984878041144,1783858741.0300553,140.0,160.0,457.0,1783858741.030469,28071.453125,nan,nan,49.849853515625,nan
34.88004779815674,1783858741.0858476,BSMC,eight,optuna_t003_r01,1783858741.0464153,-0.38338507464932714,-0.5162713577268351,1.5065720626100876,0.05372507099836862,-0.002801350587997389,1783858741.0815692,-0.3828771114349365,-0.5140957832336426,1.5070464298775912,1783858741.0763915,-0.4852092652172175,-0.5374272165137534,1.5187579986525042,1783858741.0768807,-0.027647331347905566,0.10025647717308445,0.01218593604241658,1783858741.0770147,0.05605498222496758,7.410426049263633e-05,1783858741.082493,218.0,160.0,460.0,1783858741.0829062,28071.505859375,nan,nan,52.695556640625,nan
34.92004442214966,1783858741.1258442,BSMC,eight,optuna_t003_r01,1783858741.0962949,-0.38313733734679206,-0.5134538337709543,1.5068303303206567,0.054899716049983914,-0.0003275002974769082,1783858741.0815692,-0.3828771114349365,-0.5140957832336426,1.5070464298775912,1783858741.115417,-0.4850665652046856,-0.5347184800881319,1.5175742923621014,1783858741.1159225,-0.027736716695272876,0.10036148275940929,0.010743962041444679,1783858741.1160493,0.0561456293425733,8.033559396743509e-05,1783858741.082493,218.0,160.0,460.0,1783858741.0829062,28071.505859375,nan,nan,52.695556640625,nan
34.95999526977539,1783858741.165795,BSMC,eight,optuna_t003_r01,1783858741.1464448,-0.38284800040593603,-0.51008795506411,1.5075392823133644,0.05521203951955802,0.0019588735566088552,1783858741.1298423,-0.3824025094509125,-0.5084586143493652,1.5085505738984257,1783858741.1554928,-0.48491911199570087,-0.5319807336711866,1.5164088195730465,1783858741.1557932,-0.02830140340652664,0.10048301419409023,0.008869537259682092,1783858741.1558733,0.05603577571373973,-0.00013646261977345517,1783858741.1308558,156.0,160.0,509.0,1783858741.1310809,28071.5546875,nan,nan,48.170318603515625,nan
35.00015354156494,1783858741.2059534,BSMC,eight,optuna_t003_r01,1783858741.196209,-0.3825736806967558,-0.5068575437821286,1.5076637932171635,0.05452930419365442,0.0016130832812581714,1783858741.179854,-0.3821741044521332,-0.5054852962493896,1.5078099401810914,1783858741.1962295,-0.4847701015691179,-0.5292717925468581,1.5152857943626574,1783858741.1959374,-0.02558846065219262,0.10050554714807315,0.007746512049292997,1783858741.196304,0.05729477530325242,-7.548567339948908e-08,1783858741.1809804,140.0,160.0,477.0,1783858741.1822114,28071.60546875,nan,nan,50.63227462768555,nan
35.04030108451843,1783858741.246101,BSMC,eight,optuna_t003_r01,1783858741.196209,-0.3825736806967558,-0.5068575437821286,1.5076637932171635,0.05452930419365442,0.0016130832812581714,1783858741.2300873,-0.38199666142463684,-0.5026544332504272,1.509740308448821,1783858741.2346432,-0.48462035512095336,-0.5266030096950838,1.5142084025374478,1783858741.235451,-0.026144315375601357,0.10059762402114152,0.006544609320284334,1783858741.2351239,0.05717938345267145,9.318810696679058e-05,1783858741.2338338,203.0,153.0,465.0,1783858741.2355585,28071.658203125,nan,nan,52.62510681152344,nan
35.08060812950134,1783858741.286408,BSMC,eight,optuna_t003_r01,1783858741.2462552,-0.3823149032509529,-0.5036112144005863,1.5086696921170277,0.05528735239614493,0.005133482961880195,1783858741.2811544,-0.3817030191421509,-0.5003331899642944,1.509202530954473,1783858741.2761874,-0.484460062314473,-0.5238008411954979,1.5131077334613452,1783858741.276656,-0.026492529700091777,0.10069458982646178,0.004438041344317466,1783858741.2768722,0.0571541935688419,-0.00025986317605632483,1783858741.2338338,203.0,153.0,465.0,1783858741.2355585,28071.658203125,nan,nan,52.62510681152344,nan
35.120525598526,1783858741.3263254,BSMC,eight,optuna_t003_r01,1783858741.2959816,-0.38204954456539675,-0.5005414002482041,1.5091747030472433,0.05610384034806482,0.0067404003741494785,1783858741.2811544,-0.3817030191421509,-0.5003331899642944,1.509202530954473,1783858741.3147614,-0.4843060063579712,-0.5211566391705741,1.512097478231305,1783858741.3150673,-0.02687333308130329,0.10079283716248873,0.002922775184061699,1783858741.31529,0.05710549219039711,-0.0003514216254671479,1783858741.2904544,187.0,166.0,505.0,1783858741.290811,28071.71484375,nan,nan,56.54795837402344,nan
35.16010355949402,1783858741.3659034,BSMC,eight,optuna_t003_r01,1783858741.3463595,-0.3817917105711402,-0.49708776835781776,1.5107246682073825,0.056344797529291564,0.009183438190464016,1783858741.3309991,-0.3814641535282135,-0.495471715927124,1.5127227884866996,1783858741.3550422,-0.48414348673907515,-0.5184150769307919,1.511078756643922,1783858741.3555677,-0.02743358297550057,0.10088676177192049,0.0003540884365396124,1783858741.3556776,0.05698281882777434,-0.0009803943207846617,1783858741.336427,148.0,179.0,477.0,1783858741.3393571,28071.759765625,nan,nan,45.99018478393555,nan
35.20036196708679,1783858741.4061618,BSMC,eight,optuna_t003_r01,1783858741.3965304,-0.38155242509283627,-0.4938418525871552,1.5120461874116815,0.05658072715243864,0.010915464268532024,1783858741.381135,-0.3812868297100067,-0.4930335581302643,1.513409546152723,1783858741.3952591,-0.4839772921248438,-0.515658511400681,1.510083605138076,1783858741.3956153,-0.024672012044087338,0.10088635882184009,-0.0006410630693065578,1783858741.3957062,0.058249720278964315,-0.0008081930961162456,1783858741.390817,171.0,172.0,432.0,1783858741.3913689,28071.814453125,nan,nan,54.38551712036133,nan
35.24048924446106,1783858741.446289,BSMC,eight,optuna_t003_r01,1783858741.3965304,-0.38155242509283627,-0.4938418525871552,1.5120461874116815,0.05658072715243864,0.010915464268532024,1783858741.4332564,-0.38118767738342285,-0.49055179953575134,1.5114550081567304,1783858741.4346302,-0.4838108942945701,-0.51294259480969,1.5091313789469938,1783858741.4356606,-0.025072031750779676,0.100960517534438,-0.0029148084646877237,1783858741.4352775,0.058187056030136165,-0.0013089149277461139,1783858741.4307103,226.0,160.0,464.0,1783858741.4328978,28071.853515625,nan,nan,39.579795837402344,nan
35.280564308166504,1783858741.4863641,BSMC,eight,optuna_t003_r01,1783858741.446675,-0.38133267881064864,-0.4906671140743244,1.5123788010781787,0.057923569335654665,0.011829920933560988,1783858741.4833536,-0.38104766607284546,-0.4876721501350403,1.513659418537227,1783858741.4751875,-0.48363938991405,-0.5101860198854716,1.5081932466973629,1783858741.476481,-0.025458716363967897,0.10099259666905439,-0.0041855543808158036,1783858741.4769547,0.058128732895215605,-0.001288067493776992,1783858741.4307103,226.0,160.0,464.0,1783858741.4328978,28071.853515625,nan,nan,39.579795837402344,nan
35.32014846801758,1783858741.5259483,BSMC,eight,optuna_t003_r01,1783858741.4959252,-0.38113913758821655,-0.4876760123026104,1.5133021101690483,0.05749560517908561,0.012827799370851295,1783858741.4833536,-0.38104766607284546,-0.4876721501350403,1.513659418537227,1783858741.5160987,-0.48346282232975196,-0.5073900428901985,1.5072705565377493,1783858741.5167646,-0.025561235855806903,0.10102179310731571,-0.006031553631298925,1783858741.5171,0.05818777667347756,-0.0015685342711728271,1783858741.4939766,156.0,166.0,494.0,1783858741.4945974,28071.91796875,nan,nan,63.46174240112305,nan
35.3606481552124,1783858741.566448,BSMC,eight,optuna_t003_r01,1783858741.546388,-0.3809008563393484,-0.4842062688799145,1.5148205723366464,0.05678911130125106,0.01399485521216321,1783858741.5319104,-0.3806007504463196,-0.4823801517486572,1.5163658124987307,1783858741.5551727,-0.48328933482026104,-0.504681357977152,1.5064040839809048,1783858741.5557454,-0.026171300174237012,0.10108260407392612,-0.008416488355741603,1783858741.5558894,0.058027632279774054,-0.0021545955517447406,1783858741.5310855,140.0,172.0,468.0,1783858741.531551,28071.955078125,nan,nan,37.009151458740234,nan
35.4006130695343,1783858741.606413,BSMC,eight,optuna_t003_r01,1783858741.5960703,-0.3806855690190197,-0.48083809823218626,1.515673220309475,0.05867792240166549,0.015280543644739127,1783858741.5815647,-0.3805252015590668,-0.48012101650238037,1.5154718097808448,1783858741.595421,-0.4831094297921959,-0.5019099628917376,1.505545177292488,1783858741.5959456,-0.023394180679079134,0.10105803075107384,-0.009275395044158417,1783858741.596091,0.05928706290959915,-0.0019453060921525642,1783858741.5811908,234.0,179.0,485.0,1783858741.5813468,28072.00390625,nan,nan,50.00008773803711,nan
35.440072536468506,1783858741.6458724,BSMC,eight,optuna_t003_r01,1783858741.5960703,-0.3806855690190197,-0.48083809823218626,1.515673220309475,0.05867792240166549,0.015280543644739127,1783858741.6311767,-0.3804666996002197,-0.47743427753448486,1.5167137995807767,1783858741.6354098,-0.4829280878766348,-0.4991523958018022,1.5047180067075399,1783858741.6360867,-0.02391955160512234,0.10107819353761781,-0.010955213601935077,1783858741.6361902,0.05915859049272183,-0.0021689341480906742,1783858741.6341276,179.0,192.0,504.0,1783858741.636302,28072.05859375,nan,nan,53.17721176147461,nan
35.48009657859802,1783858741.6858964,BSMC,eight,optuna_t003_r01,1783858741.6464849,-0.380499368973034,-0.47754655860558837,1.5166017869551336,0.05974991060457435,0.015447491699674944,1783858741.6840518,-0.380325585603714,-0.474722295999527,1.5196855503222884,1783858741.6752012,-0.48274493906840543,-0.49640149470040684,1.503919846454699,1783858741.6758478,-0.024365693525645854,0.10107412229785377,-0.012681940500434584,1783858741.675952,0.059060080459098226,-0.002430746374183168,1783858741.6811006,164.0,179.0,458.0,1783858741.681472,28072.10546875,nan,nan,46.90239334106445,nan
35.52018451690674,1783858741.7259843,BSMC,eight,optuna_t003_r01,1783858741.6960108,-0.38033498464704546,-0.47450126149432154,1.5182474585716803,0.05949828720419813,0.016955679685419563,1783858741.6840518,-0.380325585603714,-0.474722295999527,1.5196855503222884,1783858741.7152247,-0.4825591774168976,-0.49364403576133997,1.5031465964422304,1783858741.715604,-0.024485643803001278,0.10107761691709226,-0.015100862129449943,1783858741.715733,0.0590947853093113,-0.003062261106729731,1783858741.6811006,164.0,179.0,458.0,1783858741.681472,28072.10546875,nan,nan,46.90239334106445,nan
35.55996799468994,1783858741.7657678,BSMC,eight,optuna_t003_r01,1783858741.7461553,-0.3801430019541895,-0.47079558553858464,1.519372987779307,0.06080539282306224,0.018748791220505583,1783858741.7304003,-0.38006970286369324,-0.469272255897522,1.5192237622702032,1783858741.756144,-0.48236785274918853,-0.4908361036696971,1.5023865188508645,1783858741.7566588,-0.025268453477228933,0.10105962470686491,-0.016986468928442466,1783858741.756755,0.0588506778206342,-0.0034100932574331697,1783858741.7316208,226.0,166.0,457.0,1783858741.73173,28072.154296875,nan,nan,50.19708251953125,nan
35.6002414226532,1783858741.8060412,BSMC,eight,optuna_t003_r01,1783858741.7959986,-0.3799649315753638,-0.46735894334486616,1.5205227791599452,0.06056273818973788,0.01903541056096101,1783858741.7806861,-0.3799060583114624,-0.46648719906806946,1.5206807466563215,1783858741.7966433,-0.4821772415105954,-0.48806888190796405,1.5016641911134379,1783858741.7968516,-0.022495092127325405,0.10101150251086054,-0.01770879666586911,1783858741.7970264,0.060094022049794076,-0.0031619149347226067,1783858741.7823231,164.0,179.0,542.0,1783858741.7839327,28072.205078125,nan,nan,50.71975326538086,nan
35.640483140945435,1783858741.846283,BSMC,eight,optuna_t003_r01,1783858741.7959986,-0.3799649315753638,-0.46735894334486616,1.5205227791599452,0.06056273818973788,0.01903541056096101,1783858741.830168,-0.379718154668808,-0.4638311266899109,1.5217471781526224,1783858741.8351722,-0.48198726051699736,-0.48533886566924295,1.5009773471882237,1783858741.8365533,-0.023084069761227972,0.10098989520107575,-0.019545431971721428,1783858741.8368819,0.05992296746651816,-0.0035129812252664306,1783858741.8316274,148.0,179.0,502.0,1783858741.831711,28072.255859375,nan,nan,49.566200256347656,nan
35.679935693740845,1783858741.8857355,BSMC,eight,optuna_t003_r01,1783858741.846254,-0.37979154380024926,-0.46413918416124667,1.5215409898647427,0.05941483508032924,0.017972429653563087,1783858741.8818097,-0.3796105980873108,-0.4612300992012024,1.5242916794949255,1783858741.8756835,-0.4817915907015615,-0.4825544696858876,1.5003029644554915,1783858741.8751965,-0.02341496694696728,0.10096965698513777,-0.021238025409251234,1783858741.875959,0.0598588072417059,-0.0037795200594739724,1783858741.8316274,148.0,179.0,502.0,1783858741.831711,28072.255859375,nan,nan,49.566200256347656,nan
35.72002983093262,1783858741.9258296,BSMC,eight,optuna_t003_r01,1783858741.8964558,-0.37963304151799215,-0.46097397574083465,1.5233423064622165,0.05981995764419803,0.02093222776335078,1783858741.8818097,-0.3796105980873108,-0.4612300992012024,1.5242916794949255,1783858741.9147944,-0.4815942120584614,-0.47977206072894035,1.4996552173283573,1783858741.915153,-0.02361357512564647,0.100954679767647,-0.023687089133859196,1783858741.9152372,0.05984578568260216,-0.004452934535638076,1783858741.8860373,218.0,166.0,459.0,1783858741.8892388,28072.310546875,nan,nan,54.4535026550293,nan
35.76031541824341,1783858741.9661152,BSMC,eight,optuna_t003_r01,1783858741.9460347,-0.37946337074737063,-0.4574030236131383,1.525035888210467,0.059157412356854636,0.021860925159759455,1783858741.930195,-0.37935692071914673,-0.4556117057800293,1.5259933495836862,1783858741.9548357,-0.4813949375870461,-0.47698797284278094,1.499033038168473,1783858741.9553502,-0.024227252665733508,0.10092895908999368,-0.026002850041993986,1783858741.9554846,0.059655874516097225,-0.005062533780753517,1783858741.9346259,148.0,172.0,520.0,1783858741.9349818,28072.359375,nan,nan,48.8359260559082,nan
35.80019974708557,1783858742.0059996,BSMC,eight,optuna_t003_r01,1783858741.9964733,-0.3792997596439007,-0.45394429202694664,1.5258779885551523,0.058505414274555946,0.01997386796016858,1783858741.9820857,-0.3792150914669037,-0.45256438851356506,1.5255686984017258,1783858741.995617,-0.4811907776200117,-0.4741600112615838,1.49842743153553,1783858741.9965026,-0.0213929122793179,0.1008543764459006,-0.026608456674937164,1783858741.9961617,0.060912075891291086,-0.004766478674546881,1783858741.9819562,156.0,179.0,480.0,1783858741.9823582,28072.40625,nan,nan,47.17963409423828,nan
35.840433835983276,1783858742.0462337,BSMC,eight,optuna_t003_r01,1783858741.9964733,-0.3792997596439007,-0.45394429202694664,1.5258779885551523,0.058505414274555946,0.01997386796016858,1783858742.0298913,-0.3789779543876648,-0.4494861364364624,1.5257884321460127,1783858742.035474,-0.4809904947763103,-0.4714081574724335,1.4978634534412918,1783858742.0349617,-0.02201249331764504,0.10080397981234955,-0.02801453511386054,1783858742.03556,0.060714624215184455,-0.004912320688592254,1783858742.032055,249.0,192.0,480.0,1783858742.032394,28072.455078125,nan,nan,50.02485275268555,nan
35.87999963760376,1783858742.0857995,BSMC,eight,optuna_t003_r01,1783858742.0463846,-0.3791146023113831,-0.4503457388537939,1.5266622284835067,0.06104689260381197,0.020247069628861275,1783858742.0807033,-0.378853976726532,-0.44662463665008545,1.5270250176273734,1783858742.0750766,-0.480785709411248,-0.468615865285045,1.4973165430924689,1783858742.0760949,-0.022738041954448632,0.10076603091718868,-0.02934568539103788,1783858742.0756323,0.06047093625408154,-0.005009791818495441,1783858742.0824609,171.0,198.0,511.0,1783858742.0829823,28072.505859375,nan,nan,50.257965087890625,nan
35.920470237731934,1783858742.12627,BSMC,eight,optuna_t003_r01,1783858742.0959697,-0.3789464601532851,-0.44694778431320314,1.5274419188404975,0.06183150408196497,0.01897706499834192,1783858742.0807033,-0.378853976726532,-0.44662463665008545,1.5270250176273734,1783858742.1149662,-0.4805791573463134,-0.4658199724810615,1.4967943425451735,1783858742.1158283,-0.02325930003741121,0.10071926124998395,-0.030647576295323997,1783858742.1153102,0.060310060579604155,-0.005096381740796225,1783858742.0824609,171.0,198.0,511.0,1783858742.0829823,28072.505859375,nan,nan,50.257965087890625,nan
35.96004128456116,1783858742.165841,BSMC,eight,optuna_t003_r01,1783858742.1464326,-0.3787628162366983,-0.44307283685143345,1.5282276019909107,0.061586292407951077,0.01755117114409377,1783858742.1298404,-0.3786020874977112,-0.4409547746181488,1.5279593929437791,1783858742.155173,-0.4803710760641737,-0.46302278370706995,1.4962971819201991,1783858742.1556575,-0.024255901820713535,0.1006672244157669,-0.03193042007071156,1783858742.15576,0.05994711450116285,-0.005177002246314502,1783858742.1423852,164.0,179.0,454.0,1783858742.1425147,28072.56640625,nan,nan,59.73077392578125,nan
36.000072717666626,1783858742.2058725,BSMC,eight,optuna_t003_r01,1783858742.1963434,-0.37859287977042905,-0.43941566108563096,1.5283103361760786,0.06283502636492366,0.01646047428910572,1783858742.1828442,-0.37850549817085266,-0.4383511245250702,1.5265786410192477,1783858742.1955547,-0.48015801580275547,-0.4601774565555358,1.495817246157645,1783858742.1960402,-0.02140408531866319,0.10057544253909062,-0.03241035583326557,1783858742.196179,0.06119675733288582,-0.004830076604015545,1783858742.1827145,234.0,179.0,482.0,1783858742.183065,28072.607421875,nan,nan,40.81058883666992,nan
36.04034972190857,1783858742.2461495,BSMC,eight,optuna_t003_r01,1783858742.1963434,-0.37859287977042905,-0.43941566108563096,1.5283103361760786,0.06283502636492366,0.01646047428910572,1783858742.233901,-0.3783317804336548,-0.4356318712234497,1.529152298835671,1783858742.2355576,-0.47994684992269243,-0.4573748779911407,1.495369786035917,1783858742.2356346,-0.022247839090640143,0.10049972334928105,-0.03294055014016161,1783858742.2362864,0.060893886601357486,-0.004518064901841647,1783858742.233036,164.0,185.0,513.0,1783858742.233423,28072.65625,nan,nan,50.20659637451172,nan
36.0803108215332,1783858742.2861106,BSMC,eight,optuna_t003_r01,1783858742.2463205,-0.37843193637094236,-0.4360519480420789,1.529156981659953,0.062326144546011,0.016082706396272062,1783858742.2828505,-0.3781779408454895,-0.43301406502723694,1.5283983783286104,1783858742.2753522,-0.47973601235191016,-0.4545927531203203,1.4949502503418568,1783858742.2758455,-0.02274175058646044,0.10044446248335577,-0.03420673131809626,1783858742.2759502,0.06073268612618465,-0.004602036134490842,1783858742.233036,164.0,185.0,513.0,1783858742.233423,28072.65625,nan,nan,50.20659637451172,nan
36.120415925979614,1783858742.3262157,BSMC,eight,optuna_t003_r01,1783858742.296288,-0.37827016340622627,-0.4327832299775288,1.529433699805269,0.062487855831775484,0.014726524006083284,1783858742.2828505,-0.3781779408454895,-0.43301406502723694,1.5283983783286104,1783858742.3150737,-0.47952324795890783,-0.45180032451706126,1.4945537337051542,1783858742.3153844,-0.023187728458115082,0.10038010891163007,-0.0348799661001149,1783858742.3154762,0.06059031466862131,-0.004370762388167309,1783858742.3121526,171.0,179.0,470.0,1783858742.3134155,28072.736328125,nan,nan,79.19776916503906,nan
36.16033697128296,1783858742.3661368,BSMC,eight,optuna_t003_r01,1783858742.3460546,-0.3781074627625764,-0.42906898921540293,1.5301299310567513,0.06276870157087636,0.014989615611103181,1783858742.3333983,-0.3779987096786499,-0.4274381101131439,1.5298027655968576,1783858742.3550148,-0.479308523819099,-0.44899642634372944,1.4941802333451801,1783858742.355323,-0.024025310000293957,0.10030723796844969,-0.035949697711571194,1783858742.355542,0.06028018267341083,-0.004353578877081262,1783858742.3329537,234.0,185.0,496.0,1783858742.3349054,28072.755859375,nan,nan,20.619735717773438,nan
36.20021295547485,1783858742.4060128,BSMC,eight,optuna_t003_r01,1783858742.3959725,-0.3779402690023335,-0.4255473569979085,1.5310138671154405,0.06205560632109634,0.014837276224751313,1783858742.3822007,-0.37778612971305847,-0.42453017830848694,1.5311913784986675,1783858742.3956764,-0.47908952480865385,-0.4461503065161868,1.4938262438510606,1783858742.3969944,-0.02117263979601446,0.10020412955500446,-0.03630368720569077,1783858742.3962936,0.061516066971851226,-0.003952826653256077,1783858742.3876686,156.0,179.0,511.0,1783858742.3881793,28072.810546875,nan,nan,54.73112106323242,nan
36.24012088775635,1783858742.4459207,BSMC,eight,optuna_t003_r01,1783858742.3959725,-0.3779402690023335,-0.4255473569979085,1.5310138671154405,0.06205560632109634,0.014837276224751313,1783858742.430981,-0.3777516782283783,-0.42149195075035095,1.5299022574045542,1783858742.4355493,-0.47887209560183525,-0.4433370741506988,1.4935011186885006,1783858742.4360163,-0.021789898883652025,0.10014443551055838,-0.03751274842693996,1783858742.4364614,0.06129224172652717,-0.004009056538486265,1783858742.4339142,156.0,179.0,482.0,1783858742.434213,28072.857421875,nan,nan,46.5806999206543,nan
36.28014349937439,1783858742.4859433,BSMC,eight,optuna_t003_r01,1783858742.4459727,-0.37779934213938415,-0.42220524837160217,1.5309860162175646,0.060800081533266416,0.011862803396134993,1783858742.4823995,-0.37752652168273926,-0.41808921098709106,1.529999020589292,1783858742.4751306,-0.4786574528391451,-0.44057106849624944,1.4932053646729861,1783858742.4755979,-0.022365400620522644,0.10004724233010955,-0.037780651544578436,1783858742.4757464,0.06108495339146998,-0.0035812220178886734,1783858742.4339142,156.0,179.0,482.0,1783858742.434213,28072.857421875,nan,nan,46.5806999206543,nan
36.32103753089905,1783858742.5268373,BSMC,eight,optuna_t003_r01,1783858742.4961395,-0.3776399130525812,-0.4187660024335515,1.531022011098991,0.061207461999908515,0.01042492489867711,1783858742.4823995,-0.37752652168273926,-0.41808921098709106,1.529999020589292,1783858742.5150588,-0.4784387112165527,-0.43776265548157334,1.492929241852408,1783858742.5153913,-0.022989774925370052,0.09996369734663081,-0.03809276924658289,1783858742.5154848,0.06085479610461522,-0.0031660197192949577,1783858742.4942956,234.0,192.0,506.0,1783858742.4951277,28072.91796875,nan,nan,59.758705139160156,nan
36.360010862350464,1783858742.5658107,BSMC,eight,optuna_t003_r01,1783858742.546946,-0.37743643029027873,-0.4146050928668466,1.5319745895966828,0.06347477364232999,0.011824373796157698,1783858742.531892,-0.3771648406982422,-0.4123017489910126,1.5323721830198125,1783858742.5547318,-0.47821946393571,-0.4349573114134751,1.4926776443514385,1783858742.555044,-0.024248473510347552,0.0999171867246263,-0.03929694524524429,1783858742.5551198,0.06035351581269134,-0.0032226879230960927,1783858742.534253,187.0,198.0,541.0,1783858742.534587,28072.958984375,nan,nan,40.24641036987305,nan
36.40005016326904,1783858742.60585,BSMC,eight,optuna_t003_r01,1783858742.5958183,-0.37725626538419677,-0.4108222465403972,1.5322559729860423,0.06440790401962235,0.010125690403627041,1783858742.5796824,-0.3770574629306793,-0.4094022512435913,1.5318906891389548,1783858742.595071,-0.4779988048807008,-0.4321425961507668,1.4924494591060653,1783858742.5954506,-0.021427314832098743,0.09980593861982359,-0.03952513049061745,1783858742.5951827,0.06156191065744478,-0.002770021483152441,1783858742.5928144,187.0,211.0,513.0,1783858742.5938387,28073.017578125,nan,nan,58.70252227783203,nan
36.44013333320618,1783858742.6459332,BSMC,eight,optuna_t003_r01,1783858742.5958183,-0.37725626538419677,-0.4108222465403972,1.5322559729860423,0.06440790401962235,0.010125690403627041,1783858742.6317325,-0.37689322233200073,-0.4063946008682251,1.533389853474825,1783858742.6349213,-0.4777774619657639,-0.42932696693315625,1.4922454331906811,1783858742.6351926,-0.0223641424942256,0.09973354886647841,-0.04001053979536117,1783858742.6352744,0.06119190308523316,-0.0024468929997823637,1783858742.633332,249.0,204.0,471.0,1783858742.6336117,28073.056640625,nan,nan,40.71345901489258,nan
36.480008125305176,1783858742.685808,BSMC,eight,optuna_t003_r01,1783858742.6460807,-0.3770754407269468,-0.4070038843951268,1.5331478427285197,0.06659534810496331,0.011834502476482942,1783858742.6824417,-0.3766516149044037,-0.40367603302001953,1.534262487933242,1783858742.6750295,-0.477555163262392,-0.4265061151986967,1.492065269502501,1783858742.6753607,-0.023270426765290397,0.09967446455977086,-0.041082573226018715,1783858742.6764746,0.0608302012703208,-0.0024353973179059157,1783858742.633332,249.0,204.0,471.0,1783858742.6336117,28073.056640625,nan,nan,40.71345901489258,nan
36.52152371406555,1783858742.7273235,BSMC,eight,optuna_t003_r01,1783858742.6960375,-0.37688969514941023,-0.40349335974586115,1.5340011912665783,0.06678883534695625,0.012509544124716901,1783858742.6824417,-0.3766516149044037,-0.40367603302001953,1.534262487933242,1783858742.7154002,-0.47733029286052286,-0.42365876579286255,1.4919079619749551,1783858742.715794,-0.023846648329367923,0.09963079159106114,-0.04209322929162318,1783858742.7158816,0.06060424482892333,-0.0023823488362475706,1783858742.6978793,171.0,192.0,549.0,1783858742.699631,28073.12109375,nan,nan,64.14370727539062,nan
36.56007957458496,1783858742.7658794,BSMC,eight,optuna_t003_r01,1783858742.7462716,-0.3767490269620808,-0.3996649245323385,1.5340577216758915,0.06465581752629877,0.009499487724006363,1783858742.7293558,-0.3766930103302002,-0.3978431820869446,1.533469059527908,1783858742.7551596,-0.47710817009657797,-0.4208513617179787,1.4917769591466246,1783858742.7557795,-0.024858366427906974,0.09951323705843096,-0.04228076252926693,1783858742.7563121,0.06019511051531185,-0.0019137411313988554,1783858742.7336798,156.0,185.0,505.0,1783858742.7340593,28073.158203125,nan,nan,36.12130355834961,nan
36.600136280059814,1783858742.805936,BSMC,eight,optuna_t003_r01,1783858742.796323,-0.37659086732231206,-0.3958970885945219,1.534335031175328,0.06477453559569826,0.009343521229129069,1783858742.782535,-0.37646278738975525,-0.39463692903518677,1.5338033396528028,1783858742.7955155,-0.4768828127688408,-0.41800740660494173,1.4916686057953554,1783858742.7960358,-0.022008052926279345,0.09939249124039477,-0.042389115880536066,1783858742.7961383,0.061402013680725114,-0.001395876574606986,1783858742.7882557,218.0,185.0,524.0,1783858742.7888317,28073.2109375,nan,nan,54.195472717285156,nan
36.640485525131226,1783858742.8462853,BSMC,eight,optuna_t003_r01,1783858742.796323,-0.37659086732231206,-0.3958970885945219,1.534335031175328,0.06477453559569826,0.009343521229129069,1783858742.8315291,-0.37604281306266785,-0.3921845257282257,1.534637824943317,1783858742.8353686,-0.4766596534418539,-0.4151946072092362,1.4915855170567474,1783858742.83589,-0.022932521937889708,0.09929881982023786,-0.04274951411858075,1783858742.8360088,0.061023290483590724,-0.001013803318230486,1783858742.8361626,140.0,185.0,505.0,1783858742.8368633,28073.259765625,nan,nan,47.969886779785156,nan
36.680386781692505,1783858742.8861866,BSMC,eight,optuna_t003_r01,1783858742.8462698,-0.3763926625481727,-0.3925625745805156,1.5346334648012183,0.06285052617063425,0.0076647504080612095,1783858742.8820856,-0.37619704008102417,-0.38928624987602234,1.5340142669701475,1783858742.8752937,-0.47643845810992386,-0.41240906644868364,1.491526806022521,1783858742.8754025,-0.023450669919075164,0.09926283559018224,-0.04310665877869724,1783858742.8754961,0.06081197758521922,-0.0006220396583832208,1783858742.8361626,140.0,185.0,505.0,1783858742.8368633,28073.259765625,nan,nan,47.969886779785156,nan
36.72016501426697,1783858742.9259648,BSMC,eight,optuna_t003_r01,1783858742.8969133,-0.37626176375569104,-0.3893868475964826,1.5344970647115803,0.06031206944572368,0.004841282868041666,1783858742.8820856,-0.37619704008102417,-0.38928624987602234,1.5340142669701475,1783858742.9150517,-0.4762149589659487,-0.4095961939847125,1.4914913047229192,1783858742.9156764,-0.023823464065389294,0.09915392818292391,-0.043005759988661074,1783858742.9157748,0.060660237454499805,4.3734595354550515e-06,1783858742.8909981,140.0,172.0,474.0,1783858742.891643,28073.314453125,nan,nan,54.949493408203125,nan
36.76044726371765,1783858742.966247,BSMC,eight,optuna_t003_r01,1783858742.9463744,-0.37613277353664404,-0.3854251708398825,1.5345467059962625,0.061043277578905875,0.005394385962864881,1783858742.9313672,-0.37610477209091187,-0.38265806436538696,1.5338559954969484,1783858742.9549656,-0.4759901157990275,-0.4067672509070189,1.4914796966609685,1783858742.9553428,-0.02494705757010693,0.09901826853612734,-0.04306700933529406,1783858742.9554596,0.06019055376521571,0.0005408566947489122,1783858742.934763,226.0,166.0,488.0,1783858742.935199,28073.359375,nan,nan,43.94761657714844,nan
36.80044937133789,1783858743.0062492,BSMC,eight,optuna_t003_r01,1783858742.9959815,-0.37593523803956735,-0.3815319675504481,1.532840005454992,0.061412209990691274,0.0001849577895406056,1783858742.9816074,-0.37564608454704285,-0.37905991077423096,1.5296952413210954,1783858742.995549,-0.4757640027149134,-0.40392231120972594,1.491492389352036,1783858742.9963176,-0.022095792124731443,0.09889540939707558,-0.04305431664422654,1783858742.9966478,0.06138397716602132,0.0011238878861253932,1783858742.9859462,171.0,192.0,575.0,1783858742.9865398,28073.41015625,nan,nan,51.024620056152344,nan
36.84053945541382,1783858743.0463393,BSMC,eight,optuna_t003_r01,1783858742.9959815,-0.37593523803956735,-0.3815319675504481,1.532840005454992,0.061412209990691274,0.0001849577895406056,1783858743.0326598,-0.37546026706695557,-0.3759712278842926,1.5345061529917818,1783858743.0344934,-0.4755440874624093,-0.401154498673839,1.4915281921381163,1783858743.0348537,-0.023388275647283782,0.09879248540894958,-0.04131181331687572,1783858743.0349565,0.060843316913660565,0.0026255217924576173,1783858743.0355613,164.0,204.0,523.0,1783858743.0359497,28073.458984375,nan,nan,49.849754333496094,nan
36.88020992279053,1783858743.0860097,BSMC,eight,optuna_t003_r01,1783858743.046411,-0.375746438623226,-0.3777702514603687,1.533354283336625,0.06164683119171691,0.00029181860226427047,1783858743.0844958,-0.37517935037612915,-0.372719943523407,1.5317596364134656,1783858743.0753524,-0.47531590231678866,-0.3982808347185765,1.4915898516277553,1783858743.0758088,-0.02422342115332263,0.0987318995737666,-0.041764431708869676,1783858743.0759113,0.06048474548743073,0.0029804341300909403,1783858743.0849657,218.0,198.0,511.0,1783858743.085713,28073.5078125,nan,nan,49.138221740722656,nan
36.92018270492554,1783858743.1259825,BSMC,eight,optuna_t003_r01,1783858743.096326,-0.3755338710469534,-0.3740458890363263,1.5327548487241163,0.06317352446470138,-0.0011711739037170532,1783858743.0844958,-0.37517935037612915,-0.372719943523407,1.5317596364134656,1783858743.115197,-0.4750951515112769,-0.395498231694391,1.491673349574671,1783858743.115286,-0.025223366935246846,0.09867336689129749,-0.041081499149445255,1783858743.1158068,0.06005787114347443,0.003927419128460335,1783858743.0849657,218.0,198.0,511.0,1783858743.085713,28073.5078125,nan,nan,49.138221740722656,nan
36.96050524711609,1783858743.166305,BSMC,eight,optuna_t003_r01,1783858743.1471634,-0.3753128938286991,-0.36999772373866957,1.5322950295422766,0.0630817256736839,-0.0031122067190021505,1783858743.1346207,-0.37492743134498596,-0.36738014221191406,1.5319551501801587,1783858743.1551049,-0.4748703766425435,-0.39266143969916234,1.4917825977376902,1783858743.1554759,-0.02647906556938862,0.09861133551442673,-0.04051243180458641,1783858743.1555624,0.05952043340355059,0.00482464918443344,1783858743.1351533,156.0,192.0,553.0,1783858743.1362402,28073.55859375,nan,nan,50.11357879638672,nan
37.00017428398132,1783858743.205974,BSMC,eight,optuna_t003_r01,1783858743.1959884,-0.3750510509728819,-0.36642220582396445,1.5322755117440923,0.061203048222287455,-0.003993045055690093,1783858743.1829495,-0.3744216561317444,-0.36448681354522705,1.5328919599207467,1783858743.1950114,-0.47464919620057616,-0.3898657351753414,1.4919141272474303,1783858743.1953912,-0.023676919265545965,0.09849793064555992,-0.040380902294846255,1783858743.1954827,0.06067963627826513,0.005466518824931506,1783858743.185986,140.0,172.0,505.0,1783858743.186428,28073.609375,nan,nan,51.134307861328125,nan
37.040499210357666,1783858743.246299,BSMC,eight,optuna_t003_r01,1783858743.1959884,-0.3750510509728819,-0.36642220582396445,1.5322755117440923,0.061203048222287455,-0.003993045055690093,1783858743.2310007,-0.37449273467063904,-0.3615969717502594,1.5314673941029457,1783858743.2347171,-0.4744266559826969,-0.387047680869254,1.492070723963455,1783858743.236302,-0.02443725701473374,0.09850757108723411,-0.0402047877806373,1783858743.2363958,0.06034309657648791,0.006167533744664079,1783858743.2365062,203.0,172.0,490.0,1783858743.2366612,28073.66015625,nan,nan,49.768394470214844,nan
37.08016586303711,1783858743.2859657,BSMC,eight,optuna_t003_r01,1783858743.2465456,-0.37484300531504705,-0.3628236932595509,1.5318731580566998,0.06101226864793859,-0.004047080874745814,1783858743.2310007,-0.37449273467063904,-0.3615969717502594,1.5314673941029457,1783858743.2753656,-0.4742040218775593,-0.3842223568592306,1.4922519785333828,1783858743.2759619,-0.025248925167793645,0.0984530659454506,-0.03962117952331701,1783858743.2776394,0.05998330370155376,0.00707472259754938,1783858743.2365062,203.0,172.0,490.0,1783858743.2366612,28073.66015625,nan,nan,49.768394470214844,nan
37.120787382125854,1783858743.3265872,BSMC,eight,optuna_t003_r01,1783858743.2960727,-0.37464356676748123,-0.3596075372158585,1.5304334600372465,0.06034343181469249,-0.007958673709479346,1783858743.286171,-0.37433120608329773,-0.359148770570755,1.5287554325685246,1783858743.314836,-0.47398357310760914,-0.38141786686564866,1.4924559700083875,1783858743.3154194,-0.02580112459370889,0.09837900847634662,-0.03797749002885897,1783858743.3155274,0.05973244788207265,0.008543109570672674,1783858743.2876556,156.0,192.0,527.0,1783858743.2891932,28073.7109375,nan,nan,50.416385650634766,nan
37.15997314453125,1783858743.365773,BSMC,eight,optuna_t003_r01,1783858743.34608,-0.37440130225948315,-0.35570058628405044,1.53055405148386,0.06100609772873765,-0.00774189545597501,1783858743.33141,-0.37390899658203125,-0.3532109260559082,1.5318389131964107,1783858743.3552573,-0.47375997281238197,-0.37856532424353007,1.4926881266976606,1783858743.35558,-0.026843566275891982,0.09835834792017883,-0.037865924786199434,1783858743.355662,0.05926865692668737,0.009213001113641345,1783858743.3363042,171.0,204.0,503.0,1783858743.3366444,28073.759765625,nan,nan,50.12064743041992,nan
37.20010948181152,1783858743.4059093,BSMC,eight,optuna_t003_r01,1783858743.396167,-0.37411135111256766,-0.35177385434531216,1.5294554823065678,0.06388898332154251,-0.008597349904704,1783858743.382193,-0.3734820783138275,-0.35014209151268005,1.5281317179714256,1783858743.395125,-0.47354219666490865,-0.37577843912313813,1.4929390382340322,1783858743.395597,-0.02405017600614387,0.09825286841720854,-0.03761501324982785,1783858743.395693,0.060410541748689414,0.009924655877803487,1783858743.3860404,249.0,204.0,495.0,1783858743.3865464,28073.810546875,nan,nan,49.64204025268555,nan
37.240373373031616,1783858743.4461732,BSMC,eight,optuna_t003_r01,1783858743.396167,-0.37411135111256766,-0.35177385434531216,1.5294554823065678,0.06388898332154251,-0.008597349904704,1783858743.4326003,-0.3731803596019745,-0.34694981575012207,1.5286293119266618,1783858743.434881,-0.47332395915938524,-0.37297613862793894,1.4932154322132942,1783858743.43538,-0.025284533619749156,0.098251569014874,-0.03624005009327357,1783858743.435487,0.05986447389369161,0.011269108606317524,1783858743.4357643,171.0,204.0,525.0,1783858743.4361873,28073.859375,nan,nan,49.81836700439453,nan
37.27989983558655,1783858743.4856997,BSMC,eight,optuna_t003_r01,1783858743.4465437,-0.37382008638962516,-0.34802112177910133,1.528779166149579,0.06451972258560543,-0.009622137449476702,1783858743.4843028,-0.3729402720928192,-0.34376227855682373,1.5266835301735409,1783858743.4752216,-0.47310333297487067,-0.3701324850767514,1.4935206918625856,1783858743.475752,-0.026262220783253645,0.09826683671981597,-0.03525847428699346,1783858743.4755542,0.05942151730563853,0.012416689950328678,1783858743.4357643,171.0,204.0,525.0,1783858743.4361873,28073.859375,nan,nan,49.81836700439453,nan
37.32031989097595,1783858743.5261197,BSMC,eight,optuna_t003_r01,1783858743.496361,-0.3735408045903557,-0.34456797692000896,1.5275420416763017,0.06333430979111104,-0.012368855152634774,1783858743.4843028,-0.3729402720928192,-0.34376227855682373,1.5266835301735409,1783858743.5154274,-0.4728864795050133,-0.3673259733873014,1.4938465414343565,1783858743.5162683,-0.027032496775050874,0.09826868089865143,-0.03369550024194523,1783858743.5160334,0.059064435689351685,0.013866134921955108,1783858743.485904,156.0,185.0,458.0,1783858743.4873216,28073.91015625,nan,nan,50.12417984008789,nan
37.36060547828674,1783858743.5664053,BSMC,eight,optuna_t003_r01,1783858743.5462298,-0.37327488150914334,-0.3410742376507082,1.5267247770802699,0.06316441262462909,-0.011529974836883427,1783858743.5306814,-0.37275010347366333,-0.3405793309211731,1.5261671668790453,1783858743.5551398,-0.4726701614437127,-0.3645140008914923,1.4941976150865321,1783858743.5554984,-0.027796089496925563,0.09826607544180405,-0.03252716199373772,1783858743.555722,0.05870618257293618,0.015105432036295025,1783858743.536678,218.0,166.0,495.0,1783858743.5378318,28073.9609375,nan,nan,50.91374588012695,nan
37.400336265563965,1783858743.606136,BSMC,eight,optuna_t003_r01,1783858743.5960238,-0.3729194575329862,-0.33731888517942243,1.5246064692537915,0.06254389218210733,-0.014922005287351452,1783858743.5793009,-0.37203747034072876,-0.33560416102409363,1.522136825371782,1783858743.5952108,-0.4724553663554034,-0.36170851000113274,1.4945725190210775,1783858743.5959675,-0.024983859431884546,0.09817509122816516,-0.03215225805919242,1783858743.5960581,0.059841852331755166,0.01589859373018951,1783858743.5897512,171.0,179.0,512.0,1783858743.5901115,28074.013671875,nan,nan,52.914180755615234,nan
37.440064430236816,1783858743.6458642,BSMC,eight,optuna_t003_r01,1783858743.5960238,-0.3729194575329862,-0.33731888517942243,1.5246064692537915,0.06254389218210733,-0.014922005287351452,1783858743.6287525,-0.37186139822006226,-0.33296892046928406,1.5213575154380778,1783858743.6358175,-0.47223939097458273,-0.3588730974291573,1.4949765485465893,1783858743.6361473,-0.026117165833527085,0.09821877057555663,-0.029629920707202162,1783858743.6366112,0.0593253605403309,0.017882373497062485,1783858743.637739,148.0,185.0,517.0,1783858743.6374063,28074.060546875,nan,nan,47.67865753173828,nan
37.48017883300781,1783858743.6859787,BSMC,eight,optuna_t003_r01,1783858743.646066,-0.37259663328451165,-0.33385101716667764,1.522730559061718,0.061170877383071226,-0.018348582627235637,1783858743.6812243,-0.3716936707496643,-0.3299907445907593,1.5229803040039314,1783858743.675425,-0.47202986204328395,-0.3561072923333524,1.4953951216905201,1783858743.6758926,-0.027008064973136407,0.09824903659627371,-0.027335437371197813,1783858743.676142,0.05890794254837514,0.019726633492836494,1783858743.637739,148.0,185.0,517.0,1783858743.6374063,28074.060546875,nan,nan,47.67865753173828,nan
37.52065587043762,1783858743.7264557,BSMC,eight,optuna_t003_r01,1783858743.6962948,-0.37230311610340155,-0.33047600763575274,1.5221967195208541,0.06075366407591843,-0.017086668430962258,1783858743.6812243,-0.3716936707496643,-0.3299907445907593,1.5229803040039314,1783858743.7153907,-0.47181846243993064,-0.3533006231075046,1.49584470935813,1783858743.7160046,-0.027632168903468177,0.09828901499965736,-0.02635201016272415,1783858743.7161105,0.05859606458125446,0.020881836352733024,1783858743.6897357,187.0,179.0,496.0,1783858743.69208,28074.11328125,nan,nan,52.35809326171875,nan
37.560609579086304,1783858743.7664094,BSMC,eight,optuna_t003_r01,1783858743.7465289,-0.37197077253886607,-0.3264243967840529,1.521097207825441,0.06186014032989214,-0.01647443139469684,1783858743.7305362,-0.3712524175643921,-0.32377198338508606,1.5205965497450489,1783858743.7548506,-0.4716106291840121,-0.35052426745695947,1.4963141896939103,1783858743.755169,-0.02902008818971589,0.09831957729860917,-0.02478301813153072,1783858743.7552526,0.05796283377725383,0.02234301814191799,1783858743.738762,210.0,179.0,479.0,1783858743.7391055,28074.162109375,nan,nan,49.001529693603516,nan
37.60021424293518,1783858743.806014,BSMC,eight,optuna_t003_r01,1783858743.7967086,-0.37164727995463637,-0.32272869359186224,1.5199873565493058,0.06045222173550286,-0.0172073970440754,1783858743.7823339,-0.3709355592727661,-0.3204718232154846,1.5197209121465842,1783858743.7960575,-0.4713986356058407,-0.3476736292665984,1.4968219968731402,1783858743.7972164,-0.026162438259075077,0.09824946137003711,-0.024275210952300782,1783858743.7967885,0.059102510074822055,0.02323112107006738,1783858743.7865882,140.0,166.0,463.0,1783858743.7869854,28074.2109375,nan,nan,47.7436637878418,nan
37.640206813812256,1783858743.8460066,BSMC,eight,optuna_t003_r01,1783858743.7967086,-0.37164727995463637,-0.32272869359186224,1.5199873565493058,0.06045222173550286,-0.0172073970440754,1783858743.8308887,-0.37071937322616577,-0.31699836254119873,1.5184382149418103,1783858743.8350656,-0.47119486553486356,-0.34491445947813665,1.4973385299855275,1783858743.8353584,-0.02721286958359862,0.09829236863479936,-0.022648826563778313,1783858743.8354294,0.05860532494410635,0.024725560200161097,1783858743.8429666,124.0,147.0,507.0,1783858743.8430848,28074.265625,nan,nan,54.34395217895508,nan
37.68048644065857,1783858743.8862863,BSMC,eight,optuna_t003_r01,1783858743.8460922,-0.37134964285486183,-0.31922164563639993,1.5187256145331793,0.05749304306112668,-0.018619498072468998,1783858743.8820295,-0.3704755902290344,-0.314017653465271,1.5185909124517598,1783858743.8758512,-0.4709892356199434,-0.3421097389569114,1.4978889829387816,1783858743.8760679,-0.0280430317341116,0.09831328309744997,-0.020836631594397748,1783858743.8761632,0.058196733204498016,0.02632574304903119,1783858743.8429666,124.0,147.0,507.0,1783858743.8430848,28074.265625,nan,nan,54.34395217895508,nan
37.72000074386597,1783858743.9258006,BSMC,eight,optuna_t003_r01,1783858743.8960297,-0.3710578795566941,-0.31574165094306533,1.518164982237652,0.05738880707480918,-0.01637025730554492,1783858743.8820295,-0.3704755902290344,-0.314017653465271,1.5185909124517598,1783858743.9150896,-0.4707888079272155,-0.339354889860904,1.4984547409786004,1783858743.9154325,-0.028827091303731525,0.09835060718065407,-0.01971024125905152,1783858743.9155066,0.05780466347523938,0.027554381696125167,1783858743.8869946,203.0,160.0,506.0,1783858743.8870893,28074.310546875,nan,nan,45.85599136352539,nan
37.760406494140625,1783858743.9662063,BSMC,eight,optuna_t003_r01,1783858743.9468062,-0.37072603077294325,-0.3116823413152586,1.5173849653280438,0.05843195910160698,-0.016076902692223637,1783858743.9319172,-0.37002885341644287,-0.30835404992103577,1.5176491925202855,1783858743.955045,-0.4705869116554783,-0.33655732472376104,1.499054903938116,1783858743.955493,-0.030170680486782165,0.0983904993847151,-0.018330061389927765,1783858743.956105,0.05717453149493926,0.028930626842256967,1783858743.9436278,171.0,192.0,510.0,1783858743.9441628,28074.3671875,nan,nan,56.317481994628906,nan
37.80031085014343,1783858744.0061107,BSMC,eight,optuna_t003_r01,1783858743.9960382,-0.3704127686104154,-0.30784337975703985,1.5172700907359917,0.06010030462547545,-0.014575722011110633,1783858743.978888,-0.3697914183139801,-0.3055582344532013,1.5186806505963348,1783858743.9957259,-0.47038410002115627,-0.3337227031728064,1.4996895601080973,1783858743.9962626,-0.02732927394555186,0.09833930599054606,-0.017695405219946503,1783858743.9969218,0.05829336621848732,0.029898481884506424,1783858743.9869,187.0,204.0,459.0,1783858743.987448,28074.41015625,nan,nan,43.8288459777832,nan
37.84010291099548,1783858744.0459027,BSMC,eight,optuna_t003_r01,1783858743.9960382,-0.3704127686104154,-0.30784337975703985,1.5172700907359917,0.06010030462547545,-0.014575722011110633,1783858744.0297616,-0.36957332491874695,-0.30293992161750793,1.5163621199403723,1783858744.0351157,-0.4701911803976274,-0.3310020809171547,1.5003240163741238,1783858744.0351918,-0.028463746492160682,0.09839650417485353,-0.016946074361867906,1783858744.0355058,0.05774632236620935,0.030929973779320684,1783858744.0372856,249.0,185.0,490.0,1783858744.037824,28074.4609375,nan,nan,50.26095199584961,nan
37.880592584609985,1783858744.0863924,BSMC,eight,optuna_t003_r01,1783858744.0461206,-0.37010345057178023,-0.3040604443824064,1.5166143155113927,0.06279769633419954,-0.012473893306467646,1783858744.084408,-0.3691748380661011,-0.30069872736930847,1.5166676827012149,1783858744.0751538,-0.469994789036321,-0.32820650442847205,1.5010020000518511,1783858744.0756881,-0.029520291908594704,0.09843710723917587,-0.01561231545954156,1783858744.076385,0.057227745420620084,0.032288081524718126,1783858744.0372856,249.0,185.0,490.0,1783858744.037824,28074.4609375,nan,nan,50.26095199584961,nan
37.920265197753906,1783858744.126065,BSMC,eight,optuna_t003_r01,1783858744.0959423,-0.3697880308154542,-0.30080051838383626,1.516238900518075,0.0621896538194832,-0.011569934772412954,1783858744.084408,-0.3691748380661011,-0.30069872736930847,1.5166676827012149,1783858744.1150293,-0.46980183182182855,-0.32543249054508183,1.5017010689825745,1783858744.1155903,-0.030049111653296618,0.09852180130886128,-0.014537831535500478,1783858744.1158879,0.05692772465437257,0.03351623757554231,1783858744.0879052,156.0,179.0,495.0,1783858744.0882366,28074.51171875,nan,nan,50.88639831542969,nan
37.96065044403076,1783858744.1664503,BSMC,eight,optuna_t003_r01,1783858744.1463058,-0.3694882858648482,-0.29750589969739977,1.516552538733235,0.06236358465468271,-0.009285481487705584,1783858744.129184,-0.36895349621772766,-0.29791557788848877,1.5181758528417113,1783858744.1558418,-0.4696083875048216,-0.3226223681355921,1.5024361973546259,1783858744.1564076,-0.030507756959241454,0.09861109726861964,-0.014116341378609176,1783858744.156487,0.05665251274806294,0.034409657369957235,1783858744.1549358,132.0,172.0,476.0,1783858744.156113,28074.578125,nan,nan,66.93539428710938,nan
38.00007200241089,1783858744.2058718,BSMC,eight,optuna_t003_r01,1783858744.196057,-0.36922589891577606,-0.2946528910874215,1.5166960979659625,0.059821350192677036,-0.008526216715347845,1783858744.1806424,-0.36876875162124634,-0.2952445149421692,1.5180498749877165,1783858744.1951544,-0.4694216232028188,-0.31987967938173834,1.5031800848941224,1783858744.195352,-0.02775897640826366,0.09857330854563731,-0.013372453839112675,1783858744.1954293,0.057720951403711224,0.03543160232649387,1783858744.1947987,210.0,160.0,450.0,1783858744.1956444,28074.619140625,nan,nan,39.80736541748047,nan
38.04019808769226,1783858744.245998,BSMC,eight,optuna_t003_r01,1783858744.196057,-0.36922589891577606,-0.2946528910874215,1.5166960979659625,0.059821350192677036,-0.008526216715347845,1783858744.23116,-0.3684435188770294,-0.2906586825847626,1.5176708679199573,1783858744.2350543,-0.4692357991840263,-0.31711987874041836,1.5039551806888647,1783858744.2353804,-0.027842036665303715,0.09864870338830185,-0.012740917277097807,1783858744.2354693,0.057599214462522336,0.0364279173131289,1783858744.1947987,210.0,160.0,450.0,1783858744.1956444,28074.619140625,nan,nan,39.80736541748047,nan
38.08039855957031,1783858744.2861984,BSMC,eight,optuna_t003_r01,1783858744.2459867,-0.3689433618043013,-0.29132410250482654,1.5169104907313327,0.05977233768527123,-0.005899089012933187,1783858744.2800782,-0.36827152967453003,-0.2878960072994232,1.5183861492570891,1783858744.2759786,-0.4690482562889916,-0.31430102770458207,1.5047746346906998,1783858744.2765725,-0.028335200200470475,0.09872206147070368,-0.012135856040632833,1783858744.2763066,0.057300816206240834,0.03742689535146098,1783858744.2576368,148.0,172.0,487.0,1783858744.2579782,28074.681640625,nan,nan,62.84465789794922,nan
38.120476484298706,1783858744.3262763,BSMC,eight,optuna_t003_r01,1783858744.2963097,-0.36869509321443916,-0.2883309269298655,1.5171511719123136,0.056385935650550154,-0.0054539669811888404,1783858744.2800782,-0.36827152967453003,-0.2878960072994232,1.5183861492570891,1783858744.3153553,-0.4688695818843232,-0.31158187417961103,1.5055919633703598,1783858744.31586,-0.02858879829195323,0.09878367952503686,-0.011559208541953803,1783858744.31568,0.05710326714257395,0.038388066969974245,1783858744.2939734,132.0,160.0,473.0,1783858744.295481,28074.71875,nan,nan,36.22846221923828,nan
38.160433530807495,1783858744.3662333,BSMC,eight,optuna_t003_r01,1783858744.3459458,-0.36839689967833567,-0.28452067571212764,1.5178135452370454,0.05707285706468359,-0.0017737238658432598,1783858744.329315,-0.3678051233291626,-0.2816273272037506,1.5189650724614208,1783858744.3553324,-0.4686913868003127,-0.3088349620003425,1.506444684938478,1783858744.3557382,-0.02959156212670977,0.09886611206913501,-0.011368860298567318,1783858744.3560572,0.05658775098373224,0.03916006270556392,1783858744.33809,210.0,153.0,477.0,1783858744.3403,28074.76171875,nan,nan,44.19534683227539,nan
38.19999051094055,1783858744.4057903,BSMC,eight,optuna_t003_r01,1783858744.3961403,-0.36812276599134586,-0.28081572853165265,1.517601256220842,0.057948553793796875,-0.0011304511656269201,1783858744.3810673,-0.36766842007637024,-0.27860042452812195,1.5171414055936077,1783858744.395532,-0.4685141944662607,-0.3060662233891572,1.507331977295204,1783858744.3959854,-0.026817325022629887,0.09883579523121197,-0.010481567941841297,1783858744.3960764,0.05765201260159526,0.04028267440431261,1783858744.3879337,187.0,172.0,485.0,1783858744.3894277,28074.8125,nan,nan,49.907569885253906,nan
38.24014472961426,1783858744.4459445,BSMC,eight,optuna_t003_r01,1783858744.3961403,-0.36812276599134586,-0.28081572853165265,1.517601256220842,0.057948553793796875,-0.0011304511656269201,1783858744.4309578,-0.367352694272995,-0.2754094898700714,1.5193919002351446,1783858744.4352062,-0.468342551689166,-0.3033460781271841,1.5082311601060012,1783858744.4355466,-0.02782716450459413,0.09888008401011862,-0.009370096114840853,1783858744.4356334,0.05712955938907238,0.041533092905613814,1783858744.4383707,148.0,172.0,474.0,1783858744.4388628,28074.861328125,nan,nan,49.9066162109375,nan
38.28063774108887,1783858744.4864376,BSMC,eight,optuna_t003_r01,1783858744.4460487,-0.36784884961121633,-0.277284714824278,1.5182200777736161,0.05755896690179923,0.00027410376322994625,1783858744.4815295,-0.36707964539527893,-0.27247142791748047,1.5184792388930115,1783858744.4758084,-0.46816828381326975,-0.3005429844142964,1.5091865527395885,1783858744.4761083,-0.028498120929929684,0.0989585422609145,-0.009033525034027656,1783858744.476602,0.05674266683960465,0.04240664940352715,1783858744.4383707,148.0,172.0,474.0,1783858744.4388628,28074.861328125,nan,nan,49.9066162109375,nan
38.31998252868652,1783858744.5257823,BSMC,eight,optuna_t003_r01,1783858744.4959097,-0.36757388533450996,-0.273862319214913,1.518403280841125,0.057609964007726965,0.001325842193574981,1783858744.4815295,-0.36707964539527893,-0.27247142791748047,1.5184792388930115,1783858744.5147939,-0.46800484257198993,-0.29787323200333127,1.5101239704870442,1783858744.5151625,-0.029237441722083625,0.0990357163154653,-0.008279310354080804,1783858744.515247,0.05632969628155445,0.04347173249443539,1783858744.4886606,187.0,160.0,446.0,1783858744.4889145,28074.912109375,nan,nan,50.98771667480469,nan
38.36015462875366,1783858744.5659544,BSMC,eight,optuna_t003_r01,1783858744.5464456,-0.3672820212409597,-0.2700708918659286,1.5188080635955181,0.05850038118729275,0.002186318386150562,1783858744.5293374,-0.3667418658733368,-0.26782241463661194,1.5193228136145054,1783858744.5546327,-0.4678401261937781,-0.29513950974318987,1.5111119411703844,1783858744.5551229,-0.030260234628458994,0.09911955545808708,-0.0076961224251337335,1783858744.5549333,0.055792582055456695,0.044467949511357394,1783858744.547134,203.0,153.0,474.0,1783858744.5475228,28074.970703125,nan,nan,57.998409271240234,nan
38.40008521080017,1783858744.605885,BSMC,eight,optuna_t003_r01,1783858744.5963879,-0.36701700666193776,-0.26652204461811374,1.5198048852107353,0.05892450585581783,0.005825674049593491,1783858744.5793703,-0.36656635999679565,-0.2650952935218811,1.5206626944094461,1783858744.5951018,-0.4676772421739705,-0.29239016592861394,1.512134559156562,1783858744.5954375,-0.027506141168930073,0.09909976074072124,-0.0066735044389560905,1783858744.5955236,0.056835008365353774,0.04567863008981976,1783858744.5988138,124.0,147.0,483.0,1783858744.5994232,28075.0234375,nan,nan,52.07240676879883,nan
38.439900159835815,1783858744.6457,BSMC,eight,optuna_t003_r01,1783858744.5963879,-0.36701700666193776,-0.26652204461811374,1.5198048852107353,0.05892450585581783,0.005825674049593491,1783858744.6294925,-0.36630693078041077,-0.2624490261077881,1.5213228150114457,1783858744.6351256,-0.46751826797223156,-0.28965899353686997,1.513179560514203,1783858744.6355715,-0.028229359601834987,0.0991913564112286,-0.006625324696532208,1783858744.635686,0.056417673316061144,0.04640391786835269,1783858744.6409948,140.0,153.0,454.0,1783858744.6438193,28075.064453125,nan,nan,41.8390007019043,nan
38.479949712753296,1783858744.6857495,BSMC,eight,optuna_t003_r01,1783858744.6458595,-0.36677769510184294,-0.26359461181793237,1.520529738978067,0.05441567550572534,0.006302598673709187,1783858744.6294925,-0.36630693078041077,-0.2624490261077881,1.5213228150114457,1783858744.6760051,-0.4673629078009056,-0.28694036867372247,1.5142489604681906,1783858744.676757,-0.028370215328633656,0.0992851462157976,-0.006280778509876406,1783858744.6786308,0.056242280239345785,0.04728712174659235,1783858744.6409948,140.0,153.0,454.0,1783858744.6438193,28075.064453125,nan,nan,41.8390007019043,nan
38.52173566818237,1783858744.7275355,BSMC,eight,optuna_t003_r01,1783858744.695875,-0.36656292639170357,-0.26042140353315446,1.5212665102641165,0.056221776096195254,0.008808667368917297,1783858744.6852036,-0.3662846088409424,-0.2597576081752777,1.5214445912015866,1783858744.7155764,-0.46720974305918167,-0.28420802693783526,1.5153534768184076,1783858744.716191,-0.02874043306803995,0.09934572293437988,-0.005913033445708926,1783858744.716291,0.05596739737554686,0.04818310640532611,1783858744.688796,234.0,172.0,417.0,1783858744.6891553,28075.11328125,nan,nan,48.13268280029297,nan
38.56017589569092,1783858744.7659757,BSMC,eight,optuna_t003_r01,1783858744.7457566,-0.3663309355504983,-0.2572540003981167,1.5227492408664651,0.057587738623209775,0.012057476303591356,1783858744.7297122,-0.3659669756889343,-0.25715699791908264,1.5241191355020671,1783858744.7549636,-0.4670620181486224,-0.2815192997018601,1.5164698188727614,1783858744.7553012,-0.029075269248772462,0.09944940658345701,-0.006279421993703682,1783858744.7553809,0.05570622048370205,0.04869962746622876,1783858744.7440283,187.0,179.0,458.0,1783858744.7444117,28075.16796875,nan,nan,55.096473693847656,nan
38.60004806518555,1783858744.805848,BSMC,eight,optuna_t003_r01,1783858744.796493,-0.3660619268714857,-0.2535008628403958,1.5234231698603826,0.058527107611083935,0.012471237816438966,1783858744.7831917,-0.3655639588832855,-0.25125837326049805,1.5233029271672234,1783858744.7961054,-0.466915852576019,-0.2788025610704572,1.517627854813985,1783858744.7979503,-0.0263546457121598,0.0994338908494833,-0.005121386052480137,1783858744.798062,0.05672207864953925,0.049997170872424834,1783858744.7888634,179.0,172.0,453.0,1783858744.789324,28075.212890625,nan,nan,44.83041763305664,nan
38.64051532745361,1783858744.8463151,BSMC,eight,optuna_t003_r01,1783858744.796493,-0.3660619268714857,-0.2535008628403958,1.5234231698603826,0.058527107611083935,0.012471237816438966,1783858744.831908,-0.3653916120529175,-0.2485157698392868,1.5252829936646863,1783858744.8349586,-0.46677374991920245,-0.27610247247105846,1.5188091321969623,1783858744.8357868,-0.027345505585440057,0.09952852547771489,-0.0046140376634202784,1783858744.8358772,0.056180296652817034,0.05098157197747493,1783858744.7888634,179.0,172.0,453.0,1783858744.789324,28075.212890625,nan,nan,44.83041763305664,nan
38.680219888687134,1783858744.8860197,BSMC,eight,optuna_t003_r01,1783858744.8488617,-0.3658103950004335,-0.2498329908852351,1.52461794324669,0.05913593797856817,0.013854283733848175,1783858744.880784,-0.36522647738456726,-0.24649421870708466,1.5242452121539734,1783858744.875675,-0.4666334582853894,-0.2733742693865671,1.5200338462449103,1783858744.8757567,-0.028170374285026903,0.09962887079697828,-0.004584097001779641,1783858744.8758404,0.055703804974657885,0.051731508617350666,1783858744.8475034,234.0,166.0,436.0,1783858744.8506246,28075.271484375,nan,nan,58.62111282348633,nan
38.72025752067566,1783858744.9260573,BSMC,eight,optuna_t003_r01,1783858744.895938,-0.36558876313166794,-0.24676387839837863,1.5251956345159385,0.058987534995182465,0.015554153961470921,1783858744.880784,-0.36522647738456726,-0.24649421870708466,1.5242452121539734,1783858744.9148836,-0.46649994003984596,-0.27071426711327706,1.521258493232787,1783858744.915242,-0.028525516439269268,0.0997145007331497,-0.00393714128315148,1783858744.9153335,0.055424897506787626,0.05278713386768588,1783858744.8898816,148.0,153.0,458.0,1783858744.8910387,28075.314453125,nan,nan,42.36893081665039,nan
38.76033544540405,1783858744.9661353,BSMC,eight,optuna_t003_r01,1783858744.9461374,-0.3653756858515117,-0.24316318316546684,1.5269799783699098,0.059627304951432786,0.018127943885245235,1783858744.9313107,-0.3650641143321991,-0.24165715277194977,1.5283594814615677,1783858744.9548342,-0.466368454251552,-0.26802789985662456,1.5225263196190322,1783858744.9552832,-0.029264570483771204,0.09980670478297587,-0.004453658750877665,1783858744.955422,0.05498075806650271,0.05325262114381536,1783858744.9489636,140.0,147.0,435.0,1783858744.949277,28075.373046875,nan,nan,59.195308685302734,nan
38.800108671188354,1783858745.0059085,BSMC,eight,optuna_t003_r01,1783858744.9958618,-0.3652277998004489,-0.240090409636981,1.5284980495103038,0.05757558215620464,0.021254810023549946,1783858744.9791977,-0.36512479186058044,-0.23948615789413452,1.5287354126680222,1783858744.9946907,-0.4662405043873282,-0.26534322681888756,1.5238249540541986,1783858744.9949887,-0.02657686964646082,0.09979647265573005,-0.003155024315711241,1783858744.9950826,0.05597048940461007,0.054642000687726976,1783858744.9903703,234.0,153.0,428.0,1783858744.9912827,28075.4140625,nan,nan,40.93427658081055,nan
38.840065240859985,1783858745.045865,BSMC,eight,optuna_t003_r01,1783858744.9958618,-0.3652277998004489,-0.240090409636981,1.5284980495103038,0.05757558215620464,0.021254810023549946,1783858745.0300536,-0.36501580476760864,-0.23702852427959442,1.5293111564897348,1783858745.0352247,-0.4661149174100959,-0.2626328399736232,1.5251685471260168,1783858745.0356565,-0.02678834641757563,0.099843658593208,-0.0033295023842869753,1783858745.0358791,0.055740794625929097,0.055294100702230765,1783858745.041242,156.0,153.0,484.0,1783858745.0416098,28075.46484375,nan,nan,50.82096481323242,nan
38.8805091381073,1783858745.086309,BSMC,eight,optuna_t003_r01,1783858745.0460641,-0.36508542885841455,-0.2370626016800862,1.5296488728709354,0.05666960442204954,0.021963022746660614,1783858745.0821464,-0.3646487891674042,-0.23403602838516235,1.5326218430319536,1783858745.0750468,-0.46599510634228536,-0.25996945344418443,1.5265211428805778,1783858745.0756147,-0.027038467276171478,0.09988197112090148,-0.0031277299903575972,1783858745.0759552,0.055494697665665796,0.05613315754404891,1783858745.041242,156.0,153.0,484.0,1783858745.0416098,28075.46484375,nan,nan,50.82096481323242,nan
38.92039942741394,1783858745.1261992,BSMC,eight,optuna_t003_r01,1783858745.096721,-0.3649118773389509,-0.2341431924848018,1.5315648107263549,0.054817554585865985,0.023645968119123683,1783858745.0821464,-0.3646487891674042,-0.23403602838516235,1.5326218430319536,1783858745.1157057,-0.4658776886983289,-0.2572767164595435,1.5279216860802425,1783858745.116104,-0.027075749565322185,0.09998079205739173,-0.0036431246461123834,1783858745.1161947,0.05533331441130207,0.05663116817001798,1783858745.089799,140.0,147.0,418.0,1783858745.0902379,28075.513671875,nan,nan,49.07713317871094,nan
38.95996403694153,1783858745.1657639,BSMC,eight,optuna_t003_r01,1783858745.1464555,-0.3647855946899472,-0.23036311060888195,1.5335790181869327,0.05637060194199755,0.027701014451508812,1783858745.1293304,-0.36475878953933716,-0.22764578461647034,1.5339276727025017,1783858745.155014,-0.4657662716642882,-0.25463646461226075,1.5293276802539668,1783858745.1553054,-0.028013906565586125,0.100007569092065,-0.004251337932965837,1783858745.1553814,0.05479449255767003,0.057058090404447946,1783858745.1406806,234.0,147.0,415.0,1783858745.140303,28075.564453125,nan,nan,50.025047302246094,nan
39.000149965286255,1783858745.2059498,BSMC,eight,optuna_t003_r01,1783858745.1960347,-0.3646605150033335,-0.22677558844932375,1.532857613307863,0.056970844127014225,0.022898937819703463,1783858745.1864624,-0.36465632915496826,-0.22441451251506805,1.529253720546346,1783858745.1951005,-0.4656583327821116,-0.25198912523329825,1.5307705104975375,1783858745.196031,-0.0253643841596672,0.09999820905869608,-0.002808507689395112,1783858745.1975563,0.05575656992912551,0.05854232376408533,1783858745.1898456,171.0,166.0,454.0,1783858745.1912713,28075.61328125,nan,nan,50.006099700927734,nan
39.04003024101257,1783858745.24583,BSMC,eight,optuna_t003_r01,1783858745.1960347,-0.3646605150033335,-0.22677558844932375,1.532857613307863,0.056970844127014225,0.022898937819703463,1783858745.23051,-0.36462724208831787,-0.22164742648601532,1.539734589053897,1783858745.2350955,-0.46555428260554854,-0.24934226440493198,1.5322466952797758,1783858745.2354236,-0.026377298834205264,0.09996522050626525,-0.0006109180280873261,1783858745.235514,0.05518106069001113,0.06041400525904529,1783858745.2401276,164.0,160.0,440.0,1783858745.2405033,28075.6640625,nan,nan,50.07292556762695,nan
39.08023977279663,1783858745.2860396,BSMC,eight,optuna_t003_r01,1783858745.245993,-0.3645698610937163,-0.22332413942721374,1.5363130569493013,0.05674344971536252,0.028661548484897385,1783858745.280976,-0.3646637499332428,-0.21922701597213745,1.541105895756973,1783858745.2754855,-0.46545461592038967,-0.24670687929507695,1.533750405427429,1783858745.2751367,-0.026846985905350288,0.10001862640510555,-0.0025626515218724055,1783858745.2755728,0.05483070703156186,0.060178670124642966,1783858745.2401276,164.0,160.0,440.0,1783858745.2405033,28075.6640625,nan,nan,50.07292556762695,nan
39.120339155197144,1783858745.326139,BSMC,eight,optuna_t003_r01,1783858745.2961621,-0.3645047571791378,-0.21996939107417088,1.539407118021527,0.05806523008622029,0.0346270759394306,1783858745.280976,-0.3646637499332428,-0.21922701597213745,1.541105895756973,1783858745.3157282,-0.46535821877149486,-0.2440505453926336,1.5353008801691845,1783858745.3158178,-0.02723448245732131,0.10004801684067766,-0.0041062378523424314,1783858745.3159015,0.05451071347808846,0.0601641577809214,1783858745.2911894,234.0,153.0,379.0,1783858745.291593,28075.71484375,nan,nan,51.14994812011719,nan
39.16021752357483,1783858745.3660173,BSMC,eight,optuna_t003_r01,1783858745.3464992,-0.3644362767098001,-0.21677501349222025,1.5388566937539043,0.05829930338216228,0.029438963638804546,1783858745.3314779,-0.3646232485771179,-0.2165967971086502,1.5345568079625824,1783858745.3548524,-0.4652671541376344,-0.24142844475738628,1.5368662127287123,1783858745.3551915,-0.02786081104824349,0.099992163311668,-0.001990481025192059,1783858745.3552797,0.054090727324550815,0.062001420119247044,1783858745.340922,179.0,166.0,475.0,1783858745.3412788,28075.765625,nan,nan,49.801422119140625,nan
39.20026755332947,1783858745.4060674,BSMC,eight,optuna_t003_r01,1783858745.3959742,-0.3643694897728831,-0.21338401731149928,1.5435996686916904,0.058017804066260906,0.037784923759699135,1783858745.380361,-0.3644293546676636,-0.21213409304618835,1.5483784660340039,1783858745.3952575,-0.46517957611287697,-0.23878566526163225,1.5384794990989699,1783858745.3956819,-0.025216582706238173,0.0999890250105068,-0.00037719465493446513,1783858745.3957791,0.05503706873997951,0.06360555109255919,1783858745.390851,171.0,160.0,382.0,1783858745.3911889,28075.814453125,nan,nan,49.95433807373047,nan
39.24083995819092,1783858745.4466398,BSMC,eight,optuna_t003_r01,1783858745.3959742,-0.3643694897728831,-0.21338401731149928,1.5435996686916904,0.058017804066260906,0.037784923759699135,1783858745.4318502,-0.3648143708705902,-0.2090436965227127,1.5442322692901937,1783858745.434886,-0.4650973390590583,-0.23617628723884146,1.5401080612265199,1783858745.435176,-0.025522964382289473,0.10007080233214703,-0.003491607465170521,1783858745.435256,0.054745739355461044,0.06281692375895752,1783858745.441287,218.0,140.0,419.0,1783858745.4417598,28075.865234375,nan,nan,50.12284469604492,nan
39.28000783920288,1783858745.4858077,BSMC,eight,optuna_t003_r01,1783858745.4458306,-0.36438198917655157,-0.21002574442114894,1.5453789077568465,0.05830158627652503,0.03916634702189441,1783858745.483075,-0.3650338351726532,-0.20651081204414368,1.5516741675397447,1783858745.474832,-0.4650195770742491,-0.23357292263358537,1.5417687904921946,1783858745.475224,-0.0260972446778078,0.10000663737903438,-0.0036101172646518798,1783858745.4753132,0.054340216809532535,0.06353047502828797,1783858745.441287,218.0,140.0,419.0,1783858745.4417598,28075.865234375,nan,nan,50.12284469604492,nan
39.320090532302856,1783858745.5258904,BSMC,eight,optuna_t003_r01,1783858745.4963896,-0.36445010373919673,-0.20692455183501515,1.549255062851023,0.056964616738314745,0.04424850613994719,1783858745.483075,-0.3650338351726532,-0.20651081204414368,1.5516741675397447,1783858745.5151982,-0.4649455034181011,-0.2309444485488879,1.5434825678803872,1783858745.515536,-0.02617895451351683,0.09995470541873985,-0.005772494970635922,1783858745.515626,0.05413618187224053,0.06322642708904233,1783858745.4905016,156.0,147.0,468.0,1783858745.4908996,28075.9140625,nan,nan,49.476036071777344,nan
39.3600013256073,1783858745.5658011,BSMC,eight,optuna_t003_r01,1783858745.5460865,-0.3644881057128942,-0.2034295209062776,1.5519234705363218,0.05577235009151588,0.044706596097173784,1783858745.533423,-0.3649187684059143,-0.2010689377784729,1.5523528657940036,1783858745.5555604,-0.46487611624139585,-0.22832101347495498,1.5452308150514757,1783858745.5558887,-0.02678155573883863,0.09990038704817195,-0.0066926554848460995,1783858745.555989,0.053711746588587815,0.06356332334104038,1783858745.5408907,148.0,153.0,402.0,1783858745.5412374,28075.96484375,nan,nan,50.476539611816406,nan
39.40046787261963,1783858745.6062677,BSMC,eight,optuna_t003_r01,1783858745.5960839,-0.3646153828494711,-0.19988133289133486,1.5566392143475423,0.05633253301227514,0.05217103898536298,1783858745.581398,-0.36537840962409973,-0.19784016907215118,1.5596352757866006,1783858745.5951717,-0.4648129741885712,-0.22576501627784024,1.546971044198175,1783858745.5958095,-0.024224822131618782,0.09988549234421593,-0.004952426338146853,1783858745.5959194,0.054614106125833416,0.06524522567827887,1783858745.591126,218.0,140.0,397.0,1783858745.5914774,28076.015625,nan,nan,50.10771179199219,nan
39.44067883491516,1783858745.6464787,BSMC,eight,optuna_t003_r01,1783858745.5960839,-0.3646153828494711,-0.19988133289133486,1.5566392143475423,0.05633253301227514,0.05217103898536298,1783858745.6298242,-0.36505573987960815,-0.1955314725637436,1.562178761891371,1783858745.6354337,-0.46475306114605036,-0.22315142694313372,1.5487888459602113,1783858745.6362922,-0.024685375166875013,0.09979821714178765,-0.007850368387330997,1783858745.6358366,0.05424364267198273,0.06459355382435619,1783858745.640929,164.0,140.0,456.0,1783858745.6412826,28076.064453125,nan,nan,49.8868522644043,nan
39.47996234893799,1783858745.6857622,BSMC,eight,optuna_t003_r01,1783858745.645942,-0.36466928620320543,-0.19664699700105295,1.560714277258696,0.05551079215054297,0.056190516083833235,1783858745.6800382,-0.3653281331062317,-0.19227902591228485,1.5643112817239317,1783858745.675839,-0.46469847976437606,-0.22056397001465217,1.5506273765933152,1783858745.6762843,-0.02492423967033434,0.09978298171275052,-0.01008690066538076,1783858745.6763713,0.053965067942044725,0.0642993317896394,1783858745.640929,164.0,140.0,456.0,1783858745.6412826,28076.064453125,nan,nan,49.8868522644043,nan
39.521501779556274,1783858745.7273016,BSMC,eight,optuna_t003_r01,1783858745.6961415,-0.36477058278504904,-0.1934549077142489,1.5640942865912157,0.05451384027113968,0.0571231472514971,1783858745.6800382,-0.3653281331062317,-0.19227902591228485,1.5643112817239317,1783858745.715095,-0.4646494943393532,-0.21801944494210612,1.55247384865021,1783858745.715384,-0.02523337301257759,0.09971203713142872,-0.011620437941005647,1783858745.7154553,0.053657597283330166,0.06434638477725006,1783858745.691101,156.0,147.0,419.0,1783858745.6914592,28076.115234375,nan,nan,50.089508056640625,nan
39.56035804748535,1783858745.7661579,BSMC,eight,optuna_t003_r01,1783858745.7467175,-0.36486063220775883,-0.1897548595093844,1.5683169112653346,0.055745815731281644,0.06144557119887154,1783858745.7297003,-0.36531969904899597,-0.18730776011943817,1.5692627632681817,1783858745.7551215,-0.464605163587942,-0.2154691662774807,1.554363460016087,1783858745.7557917,-0.025961535615473912,0.09968046840430973,-0.013953451249247628,1783858745.7558928,0.053170675713737535,0.0640166419299416,1783858745.7421274,218.0,147.0,429.0,1783858745.7424834,28076.166015625,nan,nan,50.87201690673828,nan
39.60040092468262,1783858745.8062007,BSMC,eight,optuna_t003_r01,1783858745.79598,-0.3650346284063845,-0.18632191604492626,1.5720817422195266,0.055758274181399746,0.06341593871529717,1783858745.7801933,-0.3658158779144287,-0.18444384634494781,1.5722966012673143,1783858745.795574,-0.4645656209261057,-0.21291317981145302,1.5562971728472847,1783858745.795675,-0.02340545896331798,0.09964726321006172,-0.012019738418049819,1783858745.7957451,0.05406056751731834,0.06584133992242412,1783858745.792095,171.0,147.0,478.0,1783858745.7924554,28076.216796875,nan,nan,50.080562591552734,nan
39.639981508255005,1783858745.8457813,BSMC,eight,optuna_t003_r01,1783858745.79598,-0.3650346284063845,-0.18632191604492626,1.5720817422195266,0.055758274181399746,0.06341593871529717,1783858745.831088,-0.3658332824707031,-0.1821407973766327,1.5736629763280696,1783858745.8349376,-0.46453122252864815,-0.21036907273286934,1.5582622902359509,1783858745.8350189,-0.02391924239991066,0.09952742250113418,-0.013819451983575703,1783858745.8353481,0.05365911147335977,0.0657827163946283,1783858745.8413944,140.0,147.0,428.0,1783858745.8419347,28076.265625,nan,nan,49.384361267089844,nan
39.67998266220093,1783858745.8857825,BSMC,eight,optuna_t003_r01,1783858745.846088,-0.36518553850477,-0.18319360386096242,1.5748549568840389,0.05439577097948104,0.061318385430342306,1783858745.8819737,-0.3655821681022644,-0.17940710484981537,1.5764847166699079,1783858745.8754349,-0.464501828215589,-0.20782038093574912,1.5602721335090939,1783858745.875739,-0.024223487267920927,0.09941542242326111,-0.014582823374944986,1783858745.8763118,0.05334329836770988,0.06625966022447022,1783858745.8413944,140.0,147.0,428.0,1783858745.8419347,28076.265625,nan,nan,49.384361267089844,nan
39.720346450805664,1783858745.9261463,BSMC,eight,optuna_t003_r01,1783858745.8965864,-0.3652690561070971,-0.18010950216579844,1.5777076336103497,0.05406283549882736,0.060725002652785465,1783858745.8819737,-0.3655821681022644,-0.17940710484981537,1.5764847166699079,1783858745.915299,-0.46447750302371416,-0.2052590161712804,1.562334311018144,1783858745.915692,-0.024463258803213546,0.0993798921464808,-0.015373322592205696,1783858745.9157836,0.053050848944599466,0.06675860407532275,1783858745.8918414,187.0,140.0,405.0,1783858745.8921688,28076.31640625,nan,nan,50.525054931640625,nan
39.760432958602905,1783858745.9662328,BSMC,eight,optuna_t003_r01,1783858745.9463065,-0.3653877748551444,-0.1771010080240976,1.581343099914918,0.05488906983028493,0.06280436205164763,1783858745.930643,-0.36580216884613037,-0.1769385039806366,1.581264669188783,1783858745.9561858,-0.46445889614152736,-0.20275730611929188,1.5643902407077235,1783858745.9557781,-0.02461000990871515,0.09933619741656922,-0.01695285920719458,1783858745.956294,0.052798389891002266,0.06685607418441399,1783858745.944015,203.0,153.0,435.0,1783858745.9443967,28076.3671875,nan,nan,52.019046783447266,nan
39.80030941963196,1783858746.0061092,BSMC,eight,optuna_t003_r01,1783858745.9958184,-0.3655279918003208,-0.17360790647663252,1.5837699528258682,0.05615212028768663,0.06097051307699615,1783858745.9803703,-0.3660134971141815,-0.17165714502334595,1.582011405178405,1783858745.9948637,-0.4644454083990417,-0.20023771116802563,1.5665034298227942,1783858745.9951494,-0.02209069733851824,0.09929613732056893,-0.014839670092123834,1783858745.9952228,0.0536629828868638,0.06880719735537999,1783858745.992262,187.0,166.0,421.0,1783858745.9927373,28076.416015625,nan,nan,48.174129486083984,nan
39.84009408950806,1783858746.045894,BSMC,eight,optuna_t003_r01,1783858745.9958184,-0.3655279918003208,-0.17360790647663252,1.5837699528258682,0.05615212028768663,0.06097051307699615,1783858746.031666,-0.3663654625415802,-0.1688934564590454,1.5820226039382697,1783858746.036961,-0.46443720003878675,-0.1976709435337107,1.5687009878126692,1783858746.0363107,-0.022777836919037994,0.09921306049134986,-0.015068965013198987,1783858746.0370693,0.05317521164060976,0.06961490882490977,1783858745.992262,187.0,166.0,421.0,1783858745.9927373,28076.416015625,nan,nan,48.174129486083984,nan
39.880277156829834,1783858746.086077,BSMC,eight,optuna_t003_r01,1783858746.0463428,-0.36571021187798186,-0.17022420088590573,1.5852309360986763,0.05670504173155864,0.056823969424789754,1783858746.082964,-0.3664008378982544,-0.16648976504802704,1.582865820725035,1783858746.0749948,-0.46443468010354183,-0.19521977671110757,1.570842640653391,1783858746.0755217,-0.023567972215642736,0.09907497223262647,-0.014388295445285193,1783858746.0756183,0.05265157409361191,0.07082988545707254,1783858746.04623,218.0,166.0,422.0,1783858746.04669,28076.470703125,nan,nan,53.842552185058594,nan
39.920408487319946,1783858746.1262083,BSMC,eight,optuna_t003_r01,1783858746.0965064,-0.3658690235898981,-0.1669406856640337,1.586423400705226,0.05775548125011906,0.053151542764172145,1783858746.082964,-0.3664008378982544,-0.16648976504802704,1.582865820725035,1783858746.115837,-0.46443769103716553,-0.1926680570168149,1.5731177711762543,1783858746.1163995,-0.02418395287572312,0.09895865936015256,-0.01330562952897174,1783858746.116519,0.052190660901226274,0.0722971189462007,1783858746.0943,171.0,153.0,451.0,1783858746.0949075,28076.517578125,nan,nan,48.07501983642578,nan
39.96015214920044,1783858746.165952,BSMC,eight,optuna_t003_r01,1783858746.1467066,-0.3660499931565197,-0.16396241834299238,1.5894525327752091,0.056414437099707705,0.054346580125137975,1783858746.1331584,-0.36662793159484863,-0.1638605147600174,1.589297762876122,1783858746.1547523,-0.4644460221549799,-0.19023525151446513,1.5753311025447236,1783858746.1550756,-0.024432671021899832,0.09886902888294934,-0.01412143023048551,1783858746.1551642,0.05188900008092533,0.07280320944069138,1783858746.1422286,171.0,134.0,394.0,1783858746.1426082,28076.56640625,nan,nan,48.16547393798828,nan
40.00046443939209,1783858746.2062643,BSMC,eight,optuna_t003_r01,1783858746.1966577,-0.36619527078754277,-0.16113198560621741,1.5937422739950204,0.05645185610178522,0.05842939061659856,1783858746.1791792,-0.366548091173172,-0.1618267446756363,1.5955073471121743,1783858746.1954608,-0.464460228099366,-0.18773843727071216,1.5776484961004709,1783858746.1951106,-0.021936026265012693,0.09883665397643815,-0.011804036674738285,1783858746.1955564,0.05273265601335154,0.07489890565114243,1783858746.195682,234.0,134.0,422.0,1783858746.195928,28076.619140625,nan,nan,52.83451843261719,nan
40.04094910621643,1783858746.246749,BSMC,eight,optuna_t003_r01,1783858746.1966577,-0.36619527078754277,-0.16113198560621741,1.5937422739950204,0.05645185610178522,0.05842939061659856,1783858746.233143,-0.3668583035469055,-0.15698392689228058,1.5979481865718277,1783858746.2359521,-0.464480321354905,-0.18523707130814485,1.5800176436304652,1783858746.2355912,-0.02184369443549681,0.09881224284032251,-0.013724630364555292,1783858746.2360556,0.052562372236345786,0.07493329664419536,1783858746.195682,234.0,134.0,422.0,1783858746.195928,28076.619140625,nan,nan,52.83451843261719,nan
40.08010935783386,1783858746.2859092,BSMC,eight,optuna_t003_r01,1783858746.2460585,-0.36638056739721303,-0.15785068879344769,1.5976652671183271,0.0572018645830219,0.06276224729963539,1783858746.2829103,-0.36697304248809814,-0.1550782173871994,1.6013850697208591,1783858746.2748547,-0.46450551143283825,-0.18281244642052358,1.5823604782776517,1783858746.2751474,-0.02231655168112853,0.09876014128630528,-0.015304788840675432,1783858746.2752252,0.05215920269998613,0.07511561149552248,1783858746.2785113,187.0,147.0,499.0,1783858746.2797127,28076.703125,nan,nan,83.68724822998047,nan
40.120023250579834,1783858746.325823,BSMC,eight,optuna_t003_r01,1783858746.2962372,-0.36656056608152104,-0.15487892515239302,1.6014563899762446,0.05694821462026112,0.06536230846812169,1783858746.2829103,-0.36697304248809814,-0.1550782173871994,1.6013850697208591,1783858746.3153563,-0.46453737176380017,-0.18032114441741198,1.5848163140754439,1783858746.3161886,-0.02242675742443029,0.09871069609853911,-0.016640075900800744,1783858746.3162806,0.05189994238451177,0.07546263943131182,1783858746.2987278,93.0,140.0,475.0,1783858746.2990353,28076.72265625,nan,nan,20.15004539489746,nan
40.1600239276886,1783858746.3658237,BSMC,eight,optuna_t003_r01,1783858746.3464844,-0.3667748227791997,-0.15250939176558215,1.604067998030873,0.04952448619933479,0.059955405459675606,1783858746.3296707,-0.36740270256996155,-0.15212400257587433,1.6032126775540188,1783858746.354957,-0.4645740426550421,-0.1779130267821893,1.5872379503167044,1783858746.3553271,-0.022136232180270488,0.09859015825751326,-0.01683004771416852,1783858746.3554087,0.051814314680546716,0.07633388542315822,1783858746.3428652,93.0,108.0,379.0,1783858746.3432176,28076.765625,nan,nan,43.719730377197266,nan
40.200321674346924,1783858746.4061215,BSMC,eight,optuna_t003_r01,1783858746.3965406,-0.36709053824272553,-0.1489553316777885,1.608288035338325,0.050545611029700746,0.06306920874957912,1783858746.380051,-0.3680424094200134,-0.14581774175167084,1.6092958121767538,1783858746.3958051,-0.46461829703297836,-0.17541563068375193,1.5898000926435012,1783858746.3964887,-0.019638746122721075,0.09855131093066914,-0.014267905387371771,1783858746.3969095,0.052645902269831804,0.07861070800656947,1783858746.3988528,171.0,96.0,375.0,1783858746.39912,28076.822265625,nan,nan,56.37164306640625,nan
40.24005746841431,1783858746.4458573,BSMC,eight,optuna_t003_r01,1783858746.3965406,-0.36709053824272553,-0.1489553316777885,1.608288035338325,0.050545611029700746,0.06306920874957912,1783858746.4299407,-0.36826738715171814,-0.14275819063186646,1.6109628600574784,1783858746.4355354,-0.46466657918532983,-0.1730313462546307,1.5922954420490654,1783858746.4368029,-0.02040166008128039,0.09840991062827462,-0.015992593289259727,1783858746.43691,0.05211451379369289,0.07875289165591329,1783858746.4433422,187.0,115.0,409.0,1783858746.443933,28076.8671875,nan,nan,44.03762435913086,nan
40.28042697906494,1783858746.4862268,BSMC,eight,optuna_t003_r01,1783858746.4462428,-0.36738604432661953,-0.14579058608973886,1.6118015386890074,0.04820386892338358,0.06559732221415485,1783858746.481571,-0.36856797337532043,-0.13973762094974518,1.6117015416205662,1783858746.475283,-0.46472167354235516,-0.17061376276047277,1.5948758566492462,1783858746.4758177,-0.02081216071972716,0.09827140367892322,-0.016925682039761192,1783858746.4760642,0.051726062293707825,0.07931134816293332,1783858746.4433422,187.0,115.0,409.0,1783858746.443933,28076.8671875,nan,nan,44.03762435913086,nan
40.320528507232666,1783858746.5263283,BSMC,eight,optuna_t003_r01,1783858746.496361,-0.3676902426151543,-0.14252314602980076,1.6140896822048583,0.04794711348201652,0.06294013958788341,1783858746.481571,-0.36856797337532043,-0.13973762094974518,1.6117015416205662,1783858746.5154045,-0.46478330616336894,-0.16818742340268103,1.5975175881413204,1783858746.5154858,-0.02143805814179168,0.09811283190979116,-0.01657209406353788,1783858746.5155618,0.05124533862427227,0.08050673487805501,1783858746.4931843,140.0,128.0,441.0,1783858746.4935615,28076.91796875,nan,nan,50.0862922668457,nan
40.36047053337097,1783858746.5662704,BSMC,eight,optuna_t003_r01,1783858746.5459843,-0.36801718220375723,-0.13935047690557442,1.6176940903459565,0.04873824357445625,0.0641809793193597,1783858746.5327504,-0.36893561482429504,-0.13708443939685822,1.6176865984488595,1783858746.5560892,-0.46485208546126144,-0.16573839361116882,1.600238023861853,1783858746.5561714,-0.021819227353546643,0.09796551410902629,-0.017456066484103472,1783858746.556458,0.05086130413014573,0.08113653838802516,1783858746.5445514,140.0,134.0,407.0,1783858746.5449626,28076.96875,nan,nan,51.228355407714844,nan
40.40012240409851,1783858746.6059222,BSMC,eight,optuna_t003_r01,1783858746.5962589,-0.36839499870034215,-0.13572741655327528,1.6219896072572866,0.05042117178772401,0.06691361059503542,1783858746.5820384,-0.36945194005966187,-0.13224384188652039,1.622830990536785,1783858746.5952616,-0.4649243718362306,-0.16338972997913304,1.602899094459263,1783858746.5953171,-0.019469757247046894,0.09792761430536237,-0.014794995886693528,1783858746.5953875,0.05163179876583439,0.08346292643732327,1783858746.5943117,218.0,147.0,440.0,1783858746.5948875,28077.017578125,nan,nan,49.87076187133789,nan
40.44053077697754,1783858746.6463306,BSMC,eight,optuna_t003_r01,1783858746.5962589,-0.36839499870034215,-0.13572741655327528,1.6219896072572866,0.05042117178772401,0.06691361059503542,1783858746.6323538,-0.3697895407676697,-0.12981227040290833,1.6284537946585456,1783858746.6366327,-0.4650069614324493,-0.16092685337376567,1.6057456581416534,1783858746.6369483,-0.02022270002967978,0.09777487081315699,-0.016243949115633205,1783858746.6370442,0.05108515475087142,0.0838626669870869,1783858746.6437068,187.0,160.0,435.0,1783858746.64407,28077.068359375,nan,nan,49.36361312866211,nan
40.48011922836304,1783858746.685919,BSMC,eight,optuna_t003_r01,1783858746.6457288,-0.3687809337077414,-0.13225230094072477,1.6268392190753165,0.05269468265430627,0.07082039233319787,1783858746.6800683,-0.37002256512641907,-0.12786252796649933,1.6254634003140322,1783858746.6753232,-0.4650903642741292,-0.15863018404658208,1.6084530479213606,1783858746.6756558,-0.02094183595156151,0.09763574468475177,-0.01838617115395591,1783858746.6757352,0.05056495805883825,0.08387934178373767,1783858746.6437068,187.0,160.0,435.0,1783858746.64407,28077.068359375,nan,nan,49.36361312866211,nan
40.520976066589355,1783858746.726776,BSMC,eight,optuna_t003_r01,1783858746.6960444,-0.3691408059087595,-0.12900834890877405,1.6287899273938924,0.05398326453805322,0.06588706439690986,1783858746.6800683,-0.37002256512641907,-0.12786252796649933,1.6254634003140322,1783858746.7149262,-0.4651823805360228,-0.1562760266606288,1.6112824516958706,1783858746.7152503,-0.021655161353772604,0.09746057815140056,-0.0175074756980218,1783858746.7153273,0.05004253567813712,0.08537306711528647,1783858746.6941793,171.0,166.0,463.0,1783858746.6945693,28077.1171875,nan,nan,50.4671745300293,nan
40.560474157333374,1783858746.766274,BSMC,eight,optuna_t003_r01,1783858746.7456644,-0.36947179854298084,-0.12606942921153197,1.6320560553679777,0.05604017943264963,0.06691032411441766,1783858746.7289667,-0.3701508343219757,-0.12656979262828827,1.6307596291225965,1783858746.7559638,-0.4652828852667943,-0.15388155348378274,1.61421795745912,1783858746.7563555,-0.021894263744568255,0.09733406295237299,-0.01783809790885771,1783858746.7564442,0.049711242699376025,0.08633993760319825,1783858746.7439196,234.0,153.0,436.0,1783858746.7443583,28077.16796875,nan,nan,49.836280822753906,nan
40.60009980201721,1783858746.8058996,BSMC,eight,optuna_t003_r01,1783858746.7956855,-0.3699154903592911,-0.12298976124639455,1.6362436031500296,0.056545866947559455,0.06916293723886129,1783858746.7791984,-0.3710247278213501,-0.12288007885217667,1.636555294515346,1783858746.7949052,-0.4653869165683471,-0.1515643807577499,1.6171153572702552,1783858746.7968953,-0.019575068604961846,0.0972960385076133,-0.014940698097722471,1783858746.7951796,0.05046024703063115,0.08883501603512954,1783858746.7939963,179.0,153.0,441.0,1783858746.7943788,28077.21875,nan,nan,50.06613540649414,nan
40.64018392562866,1783858746.8459837,BSMC,eight,optuna_t003_r01,1783858746.7956855,-0.3699154903592911,-0.12298976124639455,1.6362436031500296,0.056545866947559455,0.06916293723886129,1783858746.828956,-0.37146705389022827,-0.12032992392778397,1.6415787879884587,1783858746.8353312,-0.4654995698906351,-0.1492101607666717,1.6201175207807919,1783858746.8358917,-0.019913011316338516,0.097094271670231,-0.016126082369237738,1783858746.8357065,0.05008583063689673,0.08939757489783377,1783858746.8455503,171.0,160.0,440.0,1783858746.845723,28077.26953125,nan,nan,51.313716888427734,nan
40.67997622489929,1783858746.885776,BSMC,eight,optuna_t003_r01,1783858746.8458972,-0.3703709671719053,-0.12000073173969439,1.6408639248738404,0.05671730363661121,0.07209955959948813,1783858746.8817148,-0.37169530987739563,-0.11803583055734634,1.642317717152472,1783858746.8754373,-0.4656178423225293,-0.14688526169151073,1.623141485392892,1783858746.8767757,-0.02015030220268709,0.09689535849476508,-0.017722439480948315,1783858746.8760245,0.049753593523480064,0.08977516578900653,1783858746.8455503,171.0,160.0,440.0,1783858746.845723,28077.26953125,nan,nan,51.313716888427734,nan
40.72000789642334,1783858746.9258077,BSMC,eight,optuna_t003_r01,1783858746.8962529,-0.37078667430702505,-0.117212345314602,1.6439299015214144,0.0563760998036491,0.07004012702083345,1783858746.8817148,-0.37169530987739563,-0.11803583055734634,1.642317717152472,1783858746.9147792,-0.4657423763289152,-0.1445758307124242,1.6262049752936134,1783858746.9152772,-0.020352079773161873,0.09670128504054987,-0.017724926227800974,1783858746.9153774,0.04943699073917984,0.09091722178324116,1783858746.8949704,226.0,153.0,409.0,1783858746.8955195,28077.318359375,nan,nan,49.76736068725586,nan
40.76026654243469,1783858746.9660664,BSMC,eight,optuna_t003_r01,1783858746.9460588,-0.37117960548267154,-0.11436131325327502,1.646708094080475,0.0573282036898946,0.0688845660057646,1783858746.9290254,-0.37191933393478394,-0.11554180085659027,1.6442335890736994,1783858746.9551437,-0.46587505270895824,-0.14224975754400676,1.6293520954641805,1783858746.9556017,-0.020626531274241015,0.0965377607878723,-0.017355998616294555,1783858746.9558167,0.04908624918331105,0.09226864614428118,1783858746.9449825,156.0,160.0,437.0,1783858746.9453325,28077.369140625,nan,nan,50.034942626953125,nan
40.800580978393555,1783858747.0063808,BSMC,eight,optuna_t003_r01,1783858746.996191,-0.3716535349178105,-0.11116660640207349,1.65066112634059,0.057102930715410435,0.06949878408154644,1783858746.9807627,-0.3726986348628998,-0.11049052327871323,1.650729815001299,1783858746.9954598,-0.4660149863670926,-0.1399263024048842,1.6325588645671507,1783858746.9960814,-0.018299155076092505,0.09650108321317553,-0.014149229513324313,1783858746.9974568,0.049826251314534,0.09499092788666356,1783858746.9976282,156.0,147.0,384.0,1783858746.9963999,28077.419921875,nan,nan,51.08740997314453,nan
40.840086221694946,1783858747.045886,BSMC,eight,optuna_t003_r01,1783858746.996191,-0.3716535349178105,-0.11116660640207349,1.65066112634059,0.057102930715410435,0.06949878408154644,1783858747.0298967,-0.37302204966545105,-0.10747383534908295,1.6521130706626908,1783858747.0349886,-0.46615835140005263,-0.13766620112122302,1.6357402899016606,1783858747.0353923,-0.018875540116321504,0.09631771822431519,-0.014920836438929273,1783858747.0355303,0.04935000552907933,0.09580801882090483,1783858746.9976282,156.0,147.0,384.0,1783858746.9963999,28077.419921875,nan,nan,51.08740997314453,nan
40.8799614906311,1783858747.0857613,BSMC,eight,optuna_t003_r01,1783858747.0463374,-0.37209817445206866,-0.10808679854805371,1.6536394953290088,0.05599964457792053,0.06728204375150361,1783858747.0817502,-0.37323927879333496,-0.10471761226654053,1.6569395448339796,1783858747.0761216,-0.46631305803220185,-0.13534683650743748,1.6390703960095854,1783858747.0766127,-0.01937041388699284,0.09614749618898918,-0.014569099319423406,1783858747.0762491,0.04890035030525495,0.09720477141256209,1783858747.0465958,218.0,140.0,431.0,1783858747.0466967,28077.470703125,nan,nan,50.09939956665039,nan
40.92013621330261,1783858747.125936,BSMC,eight,optuna_t003_r01,1783858747.0962574,-0.3725175476311042,-0.10499745764927823,1.6574298088946224,0.05637220454462004,0.06906700830673163,1783858747.0817502,-0.37323927879333496,-0.10471761226654053,1.6569395448339796,1783858747.1156685,-0.46647264043775777,-0.13306875619979153,1.6424071922629602,1783858747.1159894,-0.019836542988181265,0.09603160328192474,-0.015022616631662267,1783858747.116081,0.04846403592636256,0.09823939307568139,1783858747.0986934,140.0,147.0,456.0,1783858747.099291,28077.521484375,nan,nan,52.158382415771484,nan
40.96035981178284,1783858747.1661596,BSMC,eight,optuna_t003_r01,1783858747.146596,-0.3729396992492523,-0.10205812288793188,1.6603021827944782,0.05504218595471057,0.06676597569371093,1783858747.1305003,-0.37370216846466064,-0.10176502168178558,1.658586188274459,1783858747.155374,-0.46663725936666417,-0.13082635529370137,1.6457571902880814,1783858747.155854,-0.020277786830182803,0.09589397962843153,-0.014544992506396737,1783858747.1559439,0.04804042498317778,0.09970181744127501,1783858747.146405,156.0,140.0,413.0,1783858747.146519,28077.568359375,nan,nan,46.694862365722656,nan
40.999961137771606,1783858747.205761,BSMC,eight,optuna_t003_r01,1783858747.1959686,-0.3733273879449677,-0.0991835697154917,1.6632356523690675,0.05380228405374579,0.06510609741141712,1783858747.1800196,-0.37394124269485474,-0.09869705140590668,1.6619141680783063,1783858747.1950362,-0.4668081958373791,-0.12860065815878688,1.6491480787668147,1783858747.195607,-0.018045719711928546,0.095865284803198,-0.01115410402766348,1783858747.1960797,0.04873871359180466,0.10254010638434914,1783858747.2003083,234.0,147.0,399.0,1783858747.2006752,28077.625,nan,nan,55.239566802978516,nan
41.04014801979065,1783858747.2459478,BSMC,eight,optuna_t003_r01,1783858747.1959686,-0.3733273879449677,-0.0991835697154917,1.6632356523690675,0.05380228405374579,0.06510609741141712,1783858747.2347267,-0.37460315227508545,-0.09268336743116379,1.6617645507659116,1783858747.2348444,-0.46698760416955654,-0.12636516578984006,1.652621598842682,1783858747.235523,-0.018419982813918642,0.095769407962672,-0.010614053526385447,1783858747.2357867,0.04833933013785249,0.10407484878969342,1783858747.2003083,234.0,147.0,399.0,1783858747.2006752,28077.625,nan,nan,55.239566802978516,nan
41.080636501312256,1783858747.2864363,BSMC,eight,optuna_t003_r01,1783858747.2462933,-0.3737967152797846,-0.09541733384789974,1.6650314336541752,0.05587937604137114,0.06230639915439876,1783858747.2832255,-0.374881386756897,-0.08969543129205704,1.6657539008988165,1783858747.2759507,-0.4671778670373025,-0.12409510429449665,1.6562200614876432,1783858747.2761557,-0.019763767142337164,0.09566528905351082,-0.008811372166531939,1783858747.2762523,0.04752822805998206,0.10622793200376325,1783858747.2462406,156.0,153.0,455.0,1783858747.246603,28077.669921875,nan,nan,45.7733039855957,nan
41.11999464035034,1783858747.3257945,BSMC,eight,optuna_t003_r01,1783858747.296927,-0.37423129270404093,-0.09187109466017569,1.6675142702898575,0.055997877091216806,0.060301633566926326,1783858747.2832255,-0.374881386756897,-0.08969543129205704,1.6657539008988165,1783858747.3153694,-0.4673697296571113,-0.12190023874172448,1.6597693433871914,1783858747.3158257,-0.020894681422824867,0.09560298227864099,-0.007744926902666149,1783858747.31593,0.04681186851692917,0.1080283751805255,1783858747.3028228,171.0,147.0,403.0,1783858747.3032568,28077.7265625,nan,nan,56.62909698486328,nan
41.160029888153076,1783858747.3658297,BSMC,eight,optuna_t003_r01,1783858747.346275,-0.3746640477583032,-0.08860433976975167,1.6699596690780016,0.055694131729786524,0.058679372626198885,1783858747.3333058,-0.3753373920917511,-0.08691047877073288,1.6686302239648676,1783858747.355009,-0.4675698204110561,-0.11970216301752809,1.6633946058300397,1783858747.3553603,-0.021747294852538193,0.09552807110766824,-0.006565063247961911,1783858747.3554626,0.04620956344650909,0.10990042476332791,1783858747.3460233,234.0,140.0,409.0,1783858747.346633,28077.76953125,nan,nan,43.26884078979492,nan
41.20022630691528,1783858747.4060261,BSMC,eight,optuna_t003_r01,1783858747.3962364,-0.375148433743014,-0.08479612210120539,1.6725806534703254,0.057336536949523884,0.05930845277820563,1783858747.3806226,-0.37588560581207275,-0.08217442780733109,1.6706971441038603,1783858747.3955874,-0.4677811355881083,-0.11747193302026918,1.6671472007186328,1783858747.395932,-0.019507100815822773,0.09551755338021534,-0.0028124683593688804,1783858747.3960285,0.04689802333310612,0.11299486788674447,1783858747.3460233,234.0,140.0,409.0,1783858747.346633,28077.76953125,nan,nan,43.26884078979492,nan
41.240251541137695,1783858747.4460514,BSMC,eight,optuna_t003_r01,1783858747.3962364,-0.375148433743014,-0.08479612210120539,1.6725806534703254,0.057336536949523884,0.05930845277820563,1783858747.4315107,-0.3762715458869934,-0.07969753444194794,1.6639496667710203,1783858747.4349966,-0.46799446892157703,-0.115306557905335,1.670864166577295,1783858747.4353085,-0.02091856531572979,0.09546563028896016,-0.001716486893030389,1783858747.4356709,0.04606048552202236,0.11485307566977715,1783858747.4065962,140.0,128.0,418.0,1783858747.4068851,28077.830078125,nan,nan,60.674530029296875,nan
41.28019881248474,1783858747.4859986,BSMC,eight,optuna_t003_r01,1783858747.446063,-0.3755787311232415,-0.08151289737669348,1.6713829550759407,0.05570397569384432,0.0487678958468084,1783858747.4799387,-0.37686222791671753,-0.07732737809419632,1.6786697842068696,1783858747.475654,-0.46821869601053967,-0.11311544830082063,1.674700977987722,1783858747.4760416,-0.022140177243844587,0.09534514602664904,0.0033180229117812927,1783858747.4761286,0.045297048386927205,0.11851039789324194,1783858747.4469714,117.0,115.0,430.0,1783858747.4470513,28077.869140625,nan,nan,39.33789825439453,nan
41.32024931907654,1783858747.5260491,BSMC,eight,optuna_t003_r01,1783858747.496346,-0.37603988751645434,-0.07861586479335182,1.675927418503394,0.05254253615802345,0.053710753159657496,1783858747.4799387,-0.37686222791671753,-0.07732737809419632,1.6786697842068696,1783858747.5153594,-0.46844757087543076,-0.11096072059507192,1.6785502905720544,1783858747.5156822,-0.022469239111983095,0.09529167295380768,0.002622872068660298,1783858747.5157669,0.04491001735558972,0.11959584249689574,1783858747.4988828,179.0,108.0,424.0,1783858747.4992118,28077.923828125,nan,nan,52.97580337524414,nan
41.360363721847534,1783858747.5661635,BSMC,eight,optuna_t003_r01,1783858747.5461757,-0.3766338005182706,-0.07531779619702827,1.6821600054238541,0.05139230219708365,0.06360342229569066,1783858747.53095,-0.3779110908508301,-0.07268230617046356,1.6866479939306407,1783858747.5556588,-0.46868298410749387,-0.10882326881528159,1.6824454054778681,1783858747.5560741,-0.023068161638796703,0.09520256726276556,0.0002854000540140067,1783858747.5561833,0.04440986590404505,0.11995380379529491,1783858747.546167,179.0,108.0,442.0,1783858747.546677,28077.970703125,nan,nan,47.1716423034668,nan
41.4004008769989,1783858747.6062007,BSMC,eight,optuna_t003_r01,1783858747.5960748,-0.37720803656355917,-0.07212317709636702,1.6876103684140695,0.05078677391711741,0.07055101482457228,1783858747.5788412,-0.37835583090782166,-0.06997951865196228,1.6897563640989524,1783858747.5954506,-0.46892811132945506,-0.10667549262872736,1.6864383143717854,1783858747.5961187,-0.020906448033840133,0.0952074858623126,0.004278308947931242,1783858747.5962298,0.04506262568708105,0.12320025603770215,1783858747.601066,109.0,121.0,446.0,1783858747.601553,28078.025390625,nan,nan,54.998958587646484,nan
41.4406840801239,1783858747.646484,BSMC,eight,optuna_t003_r01,1783858747.5960748,-0.37720803656355917,-0.07212317709636702,1.6876103684140695,0.05078677391711741,0.07055101482457228,1783858747.6298108,-0.3788706362247467,-0.0668901652097702,1.6927637380897316,1783858747.6351764,-0.46918028075813467,-0.10454216271350744,1.6904848637081336,1783858747.6356232,-0.0214788176119559,0.09512383888712292,0.002874495294064028,1783858747.6362753,0.044569980716670926,0.12403004416191866,1783858747.601066,109.0,121.0,446.0,1783858747.601553,28078.025390625,nan,nan,54.998958587646484,nan
41.48029565811157,1783858747.6860955,BSMC,eight,optuna_t003_r01,1783858747.64644,-0.37776323263197426,-0.06909757618838314,1.692113218233794,0.04877043230019044,0.07221045806665673,1783858747.681115,-0.3792598247528076,-0.0641222596168518,1.6937655876813356,1783858747.6758327,-0.4694416015756486,-0.10240638172346894,1.6946186279291742,1783858747.6761708,-0.021969117448084385,0.09503556038083277,0.002505409695380267,1783858747.6762571,0.04410912845108987,0.125351577598999,1783858747.6469493,124.0,102.0,330.0,1783858747.648085,28078.0703125,nan,nan,45.220420837402344,nan
41.52059507369995,1783858747.726395,BSMC,eight,optuna_t003_r01,1783858747.6968002,-0.3782779407027501,-0.06623557586548376,1.695284831833328,0.04664694110644226,0.07035443080211758,1783858747.681115,-0.3792598247528076,-0.0641222596168518,1.6937655876813356,1783858747.715207,-0.4697071017587421,-0.10030850024634275,1.698761675206434,1783858747.7155414,-0.022456740396819937,0.09495235899131779,0.0034768433731060533,1783858747.7156396,0.04365168431687958,0.12726972144549148,1783858747.697307,195.0,102.0,402.0,1783858747.698006,28078.12109375,nan,nan,50.80418014526367,nan
41.5600848197937,1783858747.7658846,BSMC,eight,optuna_t003_r01,1783858747.7462616,-0.3787949916754179,-0.06331489570214265,1.6982233886563447,0.04683936114427538,0.07008111687042895,1783858747.7312188,-0.37969842553138733,-0.06148213520646095,1.696013043706053,1783858747.7550256,-0.46998177208419334,-0.09820877460907149,1.702992635089383,1783858747.7555518,-0.02302272162519371,0.09488185282475506,0.004769246433038221,1783858747.7558038,0.04315902982652159,0.12935931014850086,1783858747.7470815,140.0,128.0,432.0,1783858747.7477345,28078.169921875,nan,nan,49.69612503051758,nan
41.600035667419434,1783858747.8058355,BSMC,eight,optuna_t003_r01,1783858747.7961197,-0.37944196191325186,-0.05997413488400261,1.7031070261597312,0.04724299104329111,0.07348921723193338,1783858747.7799518,-0.3807999789714813,-0.05666368454694748,1.7043415004319291,1783858747.7951097,-0.4702625752283975,-0.09613089429858071,1.7072648694235713,1783858747.7955945,-0.02092600329015866,0.09489631705816087,0.00904148076722655,1783858747.795725,0.043781626211897046,0.1327873753990733,1783858747.7973247,140.0,121.0,373.0,1783858747.7980754,28078.220703125,nan,nan,50.51862335205078,nan
41.64055252075195,1783858747.8463523,BSMC,eight,optuna_t003_r01,1783858747.7961197,-0.37944196191325186,-0.05997413488400261,1.7031070261597312,0.04724299104329111,0.07348921723193338,1783858747.8294497,-0.3811882734298706,-0.05501043424010277,1.70845674812292,1783858747.8349805,-0.4705531657692904,-0.0940484233092965,1.7116340457594252,1783858747.8378177,-0.021756623768183714,0.09481011508270851,0.008527019599694041,1783858747.8355043,0.04317670630577045,0.13411559374261406,1783858747.7973247,140.0,121.0,373.0,1783858747.7980754,28078.220703125,nan,nan,50.51862335205078,nan
41.68076157569885,1783858747.8865614,BSMC,eight,optuna_t003_r01,1783858747.846505,-0.38004472973682973,-0.05698960842247879,1.7078183596798824,0.046920986067386004,0.07550094044957492,1783858747.8812294,-0.3817455470561981,-0.053346581757068634,1.7099157928257445,1783858747.8753448,-0.4708496092138358,-0.09199003940603365,1.716041183044819,1783858747.8754346,-0.022269005828567993,0.09473461714323538,0.008222823364936627,1783858747.8755076,0.04270606328529761,0.1355510272213024,1783858747.8477442,203.0,121.0,365.0,1783858747.8479285,28078.271484375,nan,nan,50.34845733642578,nan
41.72101354598999,1783858747.9268134,BSMC,eight,optuna_t003_r01,1783858747.895952,-0.38065456217275906,-0.05417836255610107,1.7114293732646135,0.04813769933427358,0.07599403244004277,1783858747.8812294,-0.3817455470561981,-0.053346581757068634,1.7099157928257445,1783858747.915552,-0.4711612356825191,-0.0898930736599255,1.7206239684830469,1783858747.9159403,-0.022675801269205924,0.09461927169362182,0.009194595218433353,1783858747.916168,0.04227229994003117,0.13759556083505828,1783858747.8982928,218.0,128.0,405.0,1783858747.8986988,28078.322265625,nan,nan,50.741920471191406,nan
41.76039361953735,1783858747.9661934,BSMC,eight,optuna_t003_r01,1783858747.9460924,-0.3812610507559175,-0.05134758654194001,1.7150777005375168,0.05014593038490521,0.07711701311123519,1783858747.9297628,-0.3821786940097809,-0.05129607021808624,1.7131131491047205,1783858747.9549756,-0.4714695355988082,-0.08788129073854603,1.7251113587315254,1783858747.9559236,-0.023183806345274147,0.09452403611420739,0.010033658194008588,1783858747.9566703,0.041804931971828094,0.13954778013303218,1783858747.951251,171.0,121.0,425.0,1783858747.9518898,28078.375,nan,nan,52.67578887939453,nan
41.80023908615112,1783858748.006039,BSMC,eight,optuna_t003_r01,1783858747.9967587,-0.38192420136718147,-0.04835836166262111,1.7196486680717367,0.05074151449433164,0.07968779549925567,1783858747.9808166,-0.3830423653125763,-0.04745238646864891,1.719233118413593,1783858747.9948688,-0.4717887668324191,-0.08585957758368837,1.72971299632062,1783858747.9957228,-0.021137200344241405,0.09454926581048004,0.014635295783103075,1783858747.996031,0.04240251362100525,0.143191438463853,1783858747.9980538,156.0,102.0,352.0,1783858747.9983046,28078.421875,nan,nan,46.92453384399414,nan
41.84035539627075,1783858748.0461552,BSMC,eight,optuna_t003_r01,1783858747.9967587,-0.38192420136718147,-0.04835836166262111,1.7196486680717367,0.05074151449433164,0.07968779549925567,1783858748.0296543,-0.38348954916000366,-0.04548368602991104,1.7211471800082385,1783858748.0353127,-0.47211950771416267,-0.08382654177314525,1.7344361623915705,1783858748.0360785,-0.02169971231876535,0.09445796722702214,0.014787494319833838,1783858748.035439,0.04190618126013725,0.1449182375830212,1783858747.9980538,156.0,102.0,352.0,1783858747.9983046,28078.421875,nan,nan,46.92453384399414,nan
41.8800995349884,1783858748.0858994,BSMC,eight,optuna_t003_r01,1783858748.0461211,-0.3825231816880303,-0.04576222849659462,1.723211452198982,0.049572219192625375,0.07935090643941207,1783858748.080411,-0.3841632008552551,-0.04339389503002167,1.7244716757036864,1783858748.0761259,-0.4724561568721748,-0.08181737435428901,1.7392009358268132,1783858748.0762608,-0.021983031794451886,0.09436450541075116,0.015989483627831147,1783858748.0763419,0.04152723499118897,0.14710834358638636,1783858748.0473955,187.0,102.0,385.0,1783858748.0486307,28078.470703125,nan,nan,49.44169616699219,nan
41.92009115219116,1783858748.125891,BSMC,eight,optuna_t003_r01,1783858748.0961711,-0.38314501368647563,-0.043255073375690116,1.7267246478663565,0.04895939585765286,0.07948391615944961,1783858748.080411,-0.3841632008552551,-0.04339389503002167,1.7244716757036864,1783858748.1150503,-0.47279825021888255,-0.07983396832205955,1.7440019924218317,1783858748.1155438,-0.02221221333309569,0.0942461455714677,0.01727734455547525,1783858748.1156878,0.04117236407468018,0.14933731174703768,1783858748.0983863,124.0,108.0,394.0,1783858748.0984871,28078.521484375,nan,nan,50.625003814697266,nan
41.96081066131592,1783858748.1666105,BSMC,eight,optuna_t003_r01,1783858748.1466453,-0.38375429559295743,-0.04097029156766559,1.7300662822197597,0.04693175372465399,0.07769619605397886,1783858748.1307955,-0.38480496406555176,-0.0412711463868618,1.727936312338331,1783858748.1548524,-0.4731507319764382,-0.07784793429527201,1.7489091647213617,1783858748.1551402,-0.02223284822142919,0.09411367504870692,0.01884288250160204,1783858748.155216,0.04090242925097009,0.15171373667965846,1783858748.1484673,124.0,96.0,355.0,1783858748.1486256,28078.572265625,nan,nan,49.84916687011719,nan
42.000256061553955,1783858748.2060559,BSMC,eight,optuna_t003_r01,1783858748.1959333,-0.3843325818788001,-0.03882366948704671,1.733328150437637,0.044597703446487356,0.07593948390578943,1783858748.1792243,-0.38534870743751526,-0.038908883929252625,1.7313836520065555,1783858748.194938,-0.4735092321358939,-0.07588430264420731,1.75386197885762,1783858748.1952772,-0.020237212399733185,0.09415621082842872,0.023795696637860297,1783858748.195361,0.04147478546423591,0.15557989286732898,1783858748.1988168,187.0,96.0,349.0,1783858748.199095,28078.623046875,nan,nan,51.1500129699707,nan
42.04007816314697,1783858748.245878,BSMC,eight,optuna_t003_r01,1783858748.1959333,-0.3843325818788001,-0.03882366948704671,1.733328150437637,0.044597703446487356,0.07593948390578943,1783858748.2302504,-0.3865865468978882,-0.03475075960159302,1.741988963168374,1783858748.2349238,-0.4738776782005151,-0.0739218137816629,1.7589151861080397,1783858748.2352839,-0.02014564236673448,0.09404444216338648,0.025587035670402658,1783858748.2353747,0.04125072935919628,0.15809011519884816,1783858748.1988168,187.0,96.0,349.0,1783858748.199095,28078.623046875,nan,nan,51.1500129699707,nan
42.08040404319763,1783858748.2862039,BSMC,eight,optuna_t003_r01,1783858748.2462819,-0.38508234900108546,-0.03609771053775402,1.7396204564469022,0.04482994690562009,0.0834133852385028,1783858748.2815466,-0.38727280497550964,-0.03253527730703354,1.7457874623706944,1783858748.275117,-0.4742535114512323,-0.07197463800319465,1.7640340075159475,1783858748.2759368,-0.020384031885391334,0.09393157818947957,0.024413551069045303,1783858748.2754927,0.04089238553723242,0.15936161643814242,1783858748.2501273,203.0,108.0,392.0,1783858748.2504652,28078.673828125,nan,nan,51.11682891845703,nan
42.12025475502014,1783858748.3260546,BSMC,eight,optuna_t003_r01,1783858748.2966251,-0.3858525398373605,-0.03333515248304482,1.745290520411693,0.0462728691409572,0.08878457818973884,1783858748.2815466,-0.38727280497550964,-0.03253527730703354,1.7457874623706944,1783858748.3151786,-0.4746408818154531,-0.07002209386204966,1.7692751269452311,1783858748.3155053,-0.02071528391865197,0.09380926580639515,0.02398460653353807,1783858748.3155928,0.04049176729760209,0.16098883042439743,1783858748.2989051,124.0,108.0,418.0,1783858748.2994006,28078.72265625,nan,nan,48.86345291137695,nan
42.16000843048096,1783858748.3658082,BSMC,eight,optuna_t003_r01,1783858748.3459795,-0.3865956468782696,-0.03093297390254376,1.7503120023542909,0.04541196767193741,0.09031578052582999,1783858748.331528,-0.3880594074726105,-0.030410220846533775,1.7503500342975238,1783858748.3548079,-0.4750288345234449,-0.06811880707822332,1.774491394020572,1783858748.3551526,-0.020798251832184818,0.09365173563144082,0.024179391666281132,1783858748.3552387,0.040199448475245,0.16286074215111734,1783858748.3481889,109.0,96.0,380.0,1783858748.3485436,28078.771484375,nan,nan,49.165252685546875,nan
42.20078992843628,1783858748.4065897,BSMC,eight,optuna_t003_r01,1783858748.3962507,-0.3874091332523257,-0.028255246094813554,1.7563001676221983,0.04372992053263543,0.09314706752886588,1783858748.380871,-0.38917431235313416,-0.026290414854884148,1.7576159639565365,1783858748.3961854,-0.4754323171192081,-0.06619162121389752,1.7798843918873382,1783858748.3962765,-0.01882999224465752,0.09370462945761975,0.029572389533047305,1783858748.396363,0.040755060828784814,0.16701331359996127,1783858748.3481889,109.0,96.0,380.0,1783858748.3485436,28078.771484375,nan,nan,49.165252685546875,nan
42.240100622177124,1783858748.4459004,BSMC,eight,optuna_t003_r01,1783858748.3962507,-0.3874091332523257,-0.028255246094813554,1.7563001676221983,0.04372992053263543,0.09314706752886588,1783858748.4305358,-0.38989776372909546,-0.024295488372445107,1.7590488306691616,1783858748.434614,-0.4758356710654822,-0.06431540775921307,1.7852454818929617,1783858748.4349313,-0.019131947860475226,0.0935604426023535,0.02894531427076341,1783858748.435018,0.04037264949529922,0.16858213414140522,1783858748.4070876,203.0,96.0,377.0,1783858748.4071748,28078.830078125,nan,nan,58.691829681396484,nan
42.27999973297119,1783858748.4857996,BSMC,eight,optuna_t003_r01,1783858748.4460523,-0.3882387189632825,-0.025554303849745035,1.7608776183431747,0.04452809896667554,0.09407498224942398,1783858748.4803941,-0.3903818726539612,-0.02229773811995983,1.7675898746238465,1783858748.4760654,-0.4762586219623703,-0.06239916284150662,1.790837136033805,1783858748.4764547,-0.019550873716123702,0.09339598650385252,0.02995951769063021,1783858748.4761796,0.03993183655656404,0.17090847567320694,1783858748.466419,171.0,108.0,404.0,1783858748.4667852,28078.890625,nan,nan,59.40011215209961,nan
42.32008504867554,1783858748.5258849,BSMC,eight,optuna_t003_r01,1783858748.496408,-0.3890262065704485,-0.02295312354133521,1.7670219133748708,0.045200553340872675,0.09848889504752122,1783858748.4803941,-0.3903818726539612,-0.02229773811995983,1.7675898746238465,1783858748.515056,-0.476680055237204,-0.06053906381603391,1.796380639942818,1783858748.5154514,-0.019774884470520882,0.09329980726992554,0.02935872656794714,1783858748.5158198,0.039581227222141864,0.17255738320475447,1783858748.4985857,124.0,102.0,348.0,1783858748.498866,28078.921875,nan,nan,32.44451141357422,nan
42.359922647476196,1783858748.5657225,BSMC,eight,optuna_t003_r01,1783858748.5460656,-0.38975865715399366,-0.020666147049407755,1.7709906014498065,0.044158095883098006,0.09571482857225082,1783858748.5311656,-0.3910365104675293,-0.02042076550424099,1.7683145953736652,1783858748.554843,-0.4771110756583042,-0.05868483443339931,1.802023523948872,1783858748.5552197,-0.01988849846665996,0.09316819863931873,0.03103292249906553,1783858748.5556886,0.0392729647374171,0.17517182380617669,1783858748.5634837,171.0,96.0,323.0,1783858748.5639696,28078.98828125,nan,nan,64.74533081054688,nan
42.40003418922424,1783858748.605834,BSMC,eight,optuna_t003_r01,1783858748.59622,-0.39065174300267436,-0.017972299044385028,1.777213239618886,0.04429137278841877,0.09983663322694876,1783858748.580641,-0.3924295902252197,-0.01656683161854744,1.7778811833890538,1783858748.5951183,-0.4775524114155749,-0.05683410425730387,1.8077756489281431,1783858748.5955834,-0.017986967233095803,0.093232684320954,0.03678504747833666,1783858748.5957265,0.039801415743378206,0.1795367299379714,1783858748.6014824,218.0,102.0,376.0,1783858748.6015677,28079.025390625,nan,nan,37.248775482177734,nan
42.440138816833496,1783858748.6459386,BSMC,eight,optuna_t003_r01,1783858748.59622,-0.39065174300267436,-0.017972299044385028,1.777213239618886,0.04429137278841877,0.09983663322694876,1783858748.630289,-0.3930991590023041,-0.014410031959414482,1.7864934268802093,1783858748.6348722,-0.4780021954590927,-0.05499523742764201,1.8136131547397203,1783858748.6351683,-0.018334157308909072,0.09308414573193238,0.03639991512083429,1783858748.635253,0.03939769771552676,0.18134786502680778,1783858748.6014824,218.0,102.0,376.0,1783858748.6015677,28079.025390625,nan,nan,37.248775482177734,nan
42.480339765548706,1783858748.6861396,BSMC,eight,optuna_t003_r01,1783858748.6461346,-0.3915488359573885,-0.01523294439808718,1.7846850089414563,0.04602634144912573,0.10787166653421508,1783858748.6796649,-0.3938625752925873,-0.012495927512645721,1.784891012789485,1783858748.6756163,-0.47845573027254396,-0.05318694067635263,1.8194760920012731,1783858748.6752472,-0.01864214086414462,0.09298271181782977,0.03479108305981682,1783858748.6757057,0.03901537435942187,0.18267480250156676,1783858748.6502545,124.0,102.0,378.0,1783858748.6507843,28079.07421875,nan,nan,49.464317321777344,nan
42.52012634277344,1783858748.7259262,BSMC,eight,optuna_t003_r01,1783858748.695895,-0.39238257681236427,-0.012842514324516054,1.7886683944130668,0.04514972506505379,0.10415804277291721,1783858748.6796649,-0.3938625752925873,-0.012495927512645721,1.784891012789485,1783858748.7153883,-0.4789265698720355,-0.05135598660748261,1.8255400478492345,1783858748.7158728,-0.018896299746417534,0.09282284275918724,0.03687165343616771,1783858748.716026,0.03864487981079037,0.1855625498071844,1783858748.6986294,124.0,76.0,298.0,1783858748.6989183,28079.123046875,nan,nan,48.573734283447266,nan
42.560277700424194,1783858748.7660775,BSMC,eight,optuna_t003_r01,1783858748.7461615,-0.39313605595340745,-0.010742158614955272,1.7939947193780694,0.04286578980443925,0.10421700151954998,1783858748.7313185,-0.3943951725959778,-0.010683225467801094,1.792777522215107,1783858748.7555816,-0.4794059654298205,-0.04953787403413601,1.8316924222877518,1783858748.7558463,-0.01873753971314691,0.09271736310666306,0.03769770290968233,1783858748.7559316,0.03844999567505557,0.1879724446694255,1783858748.7526,203.0,70.0,276.0,1783858748.753315,28079.17578125,nan,nan,53.66591262817383,nan
42.60050320625305,1783858748.806303,BSMC,eight,optuna_t003_r01,1783858748.7959495,-0.3941054669337662,-0.00824187907950943,1.8007638793948784,0.043027921030661526,0.11009163384618793,1783858748.7809415,-0.3960712254047394,-0.007215428631752729,1.8011408672359772,1783858748.7950053,-0.47987862470777004,-0.047788658069050305,1.8377386411413696,1783858748.795491,-0.01692709092964874,0.09279110921078047,0.04374392176330022,1783858748.795633,0.038946003106049946,0.19249024674324067,1783858748.7988229,140.0,70.0,297.0,1783858748.7990932,28079.22265625,nan,nan,46.59696578979492,nan
42.64033484458923,1783858748.8461347,BSMC,eight,optuna_t003_r01,1783858748.7959495,-0.3941054669337662,-0.00824187907950943,1.8007638793948784,0.043027921030661526,0.11009163384618793,1783858748.8298674,-0.39684391021728516,-0.00497940368950367,1.8071206527161723,1783858748.8352938,-0.4803699377564838,-0.04601386323268705,1.8440045022846063,1783858748.8357205,-0.017113955964753465,0.09260342447462662,0.043240622889727964,1783858748.8358471,0.038612524122608946,0.19436449994615493,1783858748.7988229,140.0,70.0,297.0,1783858748.7990932,28079.22265625,nan,nan,46.59696578979492,nan
42.68082118034363,1783858748.886621,BSMC,eight,optuna_t003_r01,1783858748.8461425,-0.3950245046782891,-0.005897514883575224,1.8073974954995788,0.04188683255426248,0.11391836301465882,1783858748.8814704,-0.397675096988678,-0.0029931305907666683,1.8103566444348747,1783858748.875021,-0.48086640538508973,-0.04426334464328968,1.8503181466005025,1783858748.8759208,-0.017175639955548286,0.09244331345329951,0.04292065110092369,1783858748.876182,0.03833346182040307,0.19633101545976658,1783858748.854982,140.0,70.0,337.0,1783858748.855682,28079.279296875,nan,nan,55.8825798034668,nan
42.72085499763489,1783858748.9266548,BSMC,eight,optuna_t003_r01,1783858748.8959577,-0.3959138119436791,-0.003717049287955095,1.812697841645677,0.04045757773406809,0.11358912381300817,1783858748.8814704,-0.397675096988678,-0.0029931305907666683,1.8103566444348747,1783858748.9149845,-0.4813748835823788,-0.04251310278808623,1.8567674793751499,1783858748.915371,-0.01719434417121601,0.09226637015371185,0.04406963772947292,1783858748.9154756,0.03806842196126421,0.19892394451568407,1783858748.899664,203.0,76.0,250.0,1783858748.90008,28079.32421875,nan,nan,44.47128677368164,nan
42.76023626327515,1783858748.966036,BSMC,eight,optuna_t003_r01,1783858748.946385,-0.3968235554971955,-0.0013688468327331836,1.8181679950826128,0.041268510347177614,0.11483058264021745,1783858748.929777,-0.3983987867832184,-0.0009036757401190698,1.815304995899632,1783858748.9558764,-0.48189632142991756,-0.040760994565456926,1.863364894511963,1783858748.9555767,-0.0173624061346894,0.09212851708159939,0.045196899429350124,1783858748.9559562,0.037739420559751546,0.20155737606771246,1783858748.9571655,218.0,64.0,282.0,1783858748.9575727,28079.380859375,nan,nan,57.68299102783203,nan
42.800944328308105,1783858749.0067441,BSMC,eight,optuna_t003_r01,1783858748.9965198,-0.3980017422377049,0.0014258142912614191,1.826777037606843,0.04306730546253458,0.12520015516930852,1783858748.9800441,-0.40046292543411255,0.003124693874269724,1.8283650577639,1783858748.9961758,-0.4824216974817638,-0.03903743837470336,1.8699970088909232,1783858748.9958246,-0.015562674409316572,0.09221587642697814,0.0518290138083104,1783858748.9962826,0.038226052294847365,0.20643013935550122,1783858748.999775,140.0,44.0,292.0,1783858749.0000749,28079.423828125,nan,nan,42.81192398071289,nan
42.840394258499146,1783858749.046194,BSMC,eight,optuna_t003_r01,1783858748.9965198,-0.3980017422377049,0.0014258142912614191,1.826777037606843,0.04306730546253458,0.12520015516930852,1783858749.0295014,-0.4013715982437134,0.005040139891207218,1.8339129218183186,1783858749.034787,-0.48294708555450255,-0.037353917025699374,1.876615536948512,1783858749.0351522,-0.01600843577734767,0.09199624392434086,0.04983849934166896,1783858749.0352347,0.03779556269062737,0.20779183633589599,1783858748.999775,140.0,44.0,292.0,1783858749.0000749,28079.423828125,nan,nan,42.81192398071289,nan
42.88014197349548,1783858749.0859418,BSMC,eight,optuna_t003_r01,1783858749.046414,-0.39907757613488887,0.0038001383121874185,1.8344028175376075,0.04165873991544056,0.13057623502957316,1783858749.0829732,-0.40198296308517456,0.006489873863756657,1.8367251099640345,1783858749.0747168,-0.4834863739458498,-0.03566570818606288,1.8833962801724575,1783858749.075018,-0.016108652912755643,0.09177641030815875,0.04899346263485005,1783858749.0753999,0.03750556268835591,0.20965872897602322,1783858749.0496516,109.0,12.0,210.0,1783858749.0499647,28079.474609375,nan,nan,49.80427551269531,nan
42.9201180934906,1783858749.125918,BSMC,eight,optuna_t003_r01,1783858749.0959773,-0.3999834527499032,0.005640845383911385,1.8400271542278748,0.03763588106433717,0.12981536046167094,1783858749.0829732,-0.40198296308517456,0.006489873863756657,1.8367251099640345,1783858749.1152625,-0.4840363810460387,-0.03398373335526708,1.8902996967534302,1783858749.1153462,-0.015839891204635116,0.09156473033891363,0.050272542525555464,1783858749.115432,0.037365548817460716,0.21239947978216278,1783858749.0997994,187.0,0.0,175.0,1783858749.1000965,28079.5234375,nan,nan,50.069976806640625,nan
42.96015667915344,1783858749.1659565,BSMC,eight,optuna_t003_r01,1783858749.1462078,-0.4009247790365463,0.00752094678968102,1.8468498220538119,0.0355485715828228,0.13404115152142065,1783858749.1309385,-0.40296754240989685,0.008254206739366055,1.8443378429463586,1783858749.1546063,-0.4845924043040748,-0.03232245275208903,1.8972675043961278,1783858749.154932,-0.01553036604941066,0.09135959574847084,0.05041768234231592,1783858749.155256,0.03724732629909939,0.21470686330777203,1783858749.1498768,140.0,0.0,166.0,1783858749.15021,28079.57421875,nan,nan,50.104366302490234,nan
43.00016951560974,1783858749.2059693,BSMC,eight,optuna_t003_r01,1783858749.1968665,-0.4018929716157044,0.009165337035452773,1.8527077239888594,0.03294088476084296,0.13469890741171275,1783858749.1828024,-0.4042125344276428,0.009603525511920452,1.8484995372937332,1783858749.1956587,-0.4851683949605542,-0.03064119660560652,1.9044750293168726,1783858749.1961803,-0.013755772216390072,0.09145553424044409,0.05762520726306075,1783858749.1963305,0.03772263092897437,0.21990813300673911,1783858749.2047906,140.0,0.0,149.0,1783858749.2042217,28079.62890625,nan,nan,54.12221145629883,nan
43.04008936882019,1783858749.2458892,BSMC,eight,optuna_t003_r01,1783858749.1968665,-0.4018929716157044,0.009165337035452773,1.8527077239888594,0.03294088476084296,0.13469890741171275,1783858749.2310972,-0.40619736909866333,0.012899856083095074,1.8672455743250789,1783858749.2349498,-0.485736457848557,-0.029020977452698854,1.911574066526176,1783858749.2353647,-0.013354331584875798,0.09115693405214849,0.058866342537316596,1783858749.2354922,0.03764477846932782,0.22263932056939084,1783858749.2047906,140.0,0.0,149.0,1783858749.2042217,28079.62890625,nan,nan,54.12221145629883,nan
43.0801899433136,1783858749.2859898,BSMC,eight,optuna_t003_r01,1783858749.2460628,-0.4030512331023133,0.011064461877305856,1.8634965806491592,0.031039977050264223,0.14830298805195025,1783858749.2829337,-0.4072108566761017,0.014538434334099293,1.876148021465718,1783858749.275507,-0.4863228561827077,-0.02738630058219682,1.918893714202078,1783858749.2760859,-0.012788299531716396,0.09082446663343244,0.055397133552918865,1783858749.2761889,0.03764470027836276,0.2235937541853098,1783858749.2510245,218.0,0.0,122.0,1783858749.2514787,28079.67578125,nan,nan,46.843406677246094,nan
43.119956493377686,1783858749.3257563,BSMC,eight,optuna_t003_r01,1783858749.2961705,-0.4042475770592165,0.013089702303232194,1.8742453608156997,0.03178247388633966,0.1613372739021668,1783858749.2829337,-0.4072108566761017,0.014538434334099293,1.876148021465718,1783858749.3148608,-0.4869126697599331,-0.025779300457266896,1.9262483338243679,1783858749.315157,-0.012391698328838074,0.09050283276970299,0.052002973008668185,1783858749.3163033,0.03757634512057712,0.22459001736158157,1783858749.302412,171.0,0.0,145.0,1783858749.3010204,28079.724609375,nan,nan,50.108760833740234,nan
43.160314321517944,1783858749.3661141,BSMC,eight,optuna_t003_r01,1783858749.3463204,-0.40541982904724483,0.015085833095137165,1.8840370087225855,0.03176146686098762,0.16944115600386228,1783858749.3300638,-0.40827199816703796,0.016517842188477516,1.8828527272503441,1783858749.3545084,-0.4875093166421799,-0.024190108789869658,1.9336813645218696,1783858749.3547828,-0.01206945286300216,0.09019762686535161,0.04964435579928406,1783858749.3548663,0.0374761718520315,0.22601280159874684,1783858749.3507874,171.0,6.0,114.0,1783858749.3511984,28079.775390625,nan,nan,49.89023971557617,nan
43.200597524642944,1783858749.4063973,BSMC,eight,optuna_t003_r01,1783858749.3962421,-0.406895432991144,0.017307147088357948,1.896998480560477,0.032049916003290393,0.18427864504053137,1783858749.3818614,-0.41091373562812805,0.01963014341890812,1.900642938416143,1783858749.3953016,-0.48811989496697417,-0.022600230112936437,1.9412818527334075,1783858749.395397,-0.010368792142689064,0.09028858406660395,0.05724484401082197,1783858749.395474,0.03793066828678114,0.23139484563436746,1783858749.4004128,234.0,6.0,146.0,1783858749.4008286,28079.82421875,nan,nan,49.636131286621094,nan
43.240087032318115,1783858749.4458869,BSMC,eight,optuna_t003_r01,1783858749.3962421,-0.406895432991144,0.017307147088357948,1.896998480560477,0.032049916003290393,0.18427864504053137,1783858749.4311495,-0.4117695093154907,0.020962223410606384,1.9080806920549762,1783858749.4353442,-0.488746417911005,-0.021005614060223693,1.9490753532638512,1783858749.435641,-0.010063416890271584,0.0898119092307483,0.052076872703374244,1783858749.4357176,0.037828392759238307,0.23179749064926294,1783858749.4004128,234.0,6.0,146.0,1783858749.4008286,28079.82421875,nan,nan,49.636131286621094,nan
43.280264377593994,1783858749.4860642,BSMC,eight,optuna_t003_r01,1783858749.4461403,-0.4083147561320236,0.01950459705471316,1.9085351874225638,0.03383283699495224,0.1946593755662104,1783858749.4823472,-0.41297218203544617,0.021498162299394608,1.919219445618747,1783858749.4749591,-0.48936602640069593,-0.019463805788313332,1.956778260556351,1783858749.475479,-0.009910227675168047,0.08938474265627269,0.048243073133787284,1783858749.4765515,0.037666014320866026,0.23269127888919058,1783858749.4555297,171.0,0.0,204.0,1783858749.4560714,28079.87890625,nan,nan,54.83256149291992,nan
43.32020020484924,1783858749.526,BSMC,eight,optuna_t003_r01,1783858749.4959655,-0.40966223479391967,0.02123285469791943,1.9200474129964253,0.0334673176908581,0.20273497278340488,1783858749.4823472,-0.41297218203544617,0.021498162299394608,1.919219445618747,1783858749.5159442,-0.4900123715897895,-0.01789133189871664,1.9648095377267816,1783858749.5165498,-0.009266879164545855,0.08888740861625508,0.044762124730356234,1783858749.516713,0.03770262788650946,0.23380505465021734,1783858749.5006635,140.0,19.0,217.0,1783858749.5010304,28079.923828125,nan,nan,45.36082077026367,nan
43.36021971702576,1783858749.5660195,BSMC,eight,optuna_t003_r01,1783858749.546218,-0.410978825180629,0.02269707372976254,1.9318928141190614,0.03221658855995019,0.2086353669697469,1783858749.5307376,-0.4142579734325409,0.022309113293886185,1.9309823502180812,1783858749.555407,-0.4906497278462763,-0.016375223644541803,1.9727258581417342,1783858749.556001,-0.008404777332383529,0.08833717717732534,0.04083304402267274,1783858749.5557854,0.03783936642532317,0.23469561688313237,1783858749.556113,187.0,57.0,224.0,1783858749.556183,28079.98046875,nan,nan,55.41899871826172,nan
43.400343894958496,1783858749.6061437,BSMC,eight,optuna_t003_r01,1783858749.596638,-0.41267794911225697,0.024313757831772462,1.9491840632871353,0.03353310408278437,0.22711721135687038,1783858749.5796168,-0.4170968532562256,0.023593975231051445,1.9564119048625201,1783858749.5953374,-0.4913021628016697,-0.014857386941402623,1.9808268111891434,1783858749.5960276,-0.006754320509433351,0.08841128455882559,0.048933997070081954,1783858749.5956933,0.03828398870498808,0.24031596098661853,1783858749.6021705,187.0,44.0,257.0,1783858749.6018221,28080.025390625,nan,nan,45.52946853637695,nan
43.44054365158081,1783858749.6463435,BSMC,eight,optuna_t003_r01,1783858749.596638,-0.41267794911225697,0.024313757831772462,1.9491840632871353,0.03353310408278437,0.22711721135687038,1783858749.629509,-0.4186660945415497,0.024449780583381653,1.9680483498831594,1783858749.635059,-0.4919565159934124,-0.013368494676584103,1.9889495206089185,1783858749.6357138,-0.005729359526908829,0.0875911968193425,0.03976545732178316,1783858749.6358523,0.03850238812707008,0.2392139795620353,1783858749.6021705,187.0,44.0,257.0,1783858749.6018221,28080.025390625,nan,nan,45.52946853637695,nan
43.480229139328,1783858749.686029,BSMC,eight,optuna_t003_r01,1783858749.645936,-0.4143740816193651,0.02579521782041181,1.9647685531767867,0.03476424367858409,0.23923762817477962,1783858749.6800673,-0.4205490052700043,0.0255877748131752,1.9841842211880212,1783858749.675166,-0.49262548096444847,-0.011879669969965506,1.9972520634892468,1783858749.6756716,-0.004751142261685305,0.08671854078967461,0.032483510312460114,1783858749.6754863,0.03869503432157223,0.23887074879639475,1783858749.6576152,109.0,6.0,235.0,1783858749.658055,28080.08203125,nan,nan,55.924381256103516,nan
43.52038526535034,1783858749.726185,BSMC,eight,optuna_t003_r01,1783858749.696153,-0.416027490747148,0.02694739946342089,1.9810299232398827,0.03238253741003322,0.24984587757835205,1783858749.6800673,-0.4205490052700043,0.0255877748131752,1.9841842211880212,1783858749.714958,-0.49330491642164587,-0.010400766579821114,2.005683489281159,1783858749.71579,-0.0034292447158889537,0.08576086698692861,0.024653566041276328,1783858749.7158916,0.039031426713722735,0.2383435832423718,1783858749.702475,124.0,6.0,182.0,1783858749.7011235,28080.125,nan,nan,43.505615234375,nan
43.55997848510742,1783858749.7657783,BSMC,eight,optuna_t003_r01,1783858749.7469814,-0.41770423288461656,0.027963348271283193,1.996538298736901,0.02998659624373349,0.2565850702000088,1783858749.7307537,-0.42243677377700806,0.026573030278086662,1.9975397756400914,1783858749.755257,-0.4939945355578307,-0.008932698338559947,2.0142406715106267,1783858749.7557113,-0.002094792516426122,0.08471800506220306,0.017702372773725772,1783858749.7558475,0.039371538005856105,0.23816474286116343,1783858749.764182,234.0,12.0,107.0,1783858749.760976,28080.18359375,nan,nan,58.99232482910156,nan
43.60005235671997,1783858749.8058522,BSMC,eight,optuna_t003_r01,1783858749.7965581,-0.41979150397993276,0.02943440488226736,2.016822740992483,0.03165329518951172,0.277847707519027,1783858749.7799647,-0.4255905747413635,0.028638554736971855,2.024189969365159,1783858749.7954957,-0.49468558554895714,-0.007493744858891482,2.022815400141135,1783858749.7955847,-0.0004988894222064735,0.0847530838413439,0.026277101404234005,1783858749.7956603,0.03981221194510596,0.24398555821925724,1783858749.8017023,171.0,12.0,163.0,1783858749.802909,28080.224609375,nan,nan,41.48616409301758,nan
43.64051127433777,1783858749.846311,BSMC,eight,optuna_t003_r01,1783858749.7965581,-0.41979150397993276,0.02943440488226736,2.016822740992483,0.03165329518951172,0.277847707519027,1783858749.8295748,-0.42744219303131104,0.029788587242364883,2.0429637919662693,1783858749.8348842,-0.49538814538066755,-0.006062664238665388,2.0315330884294553,1783858749.8356638,0.0005868568492251175,0.08351376956098967,0.014710347436972526,1783858749.8353224,0.040057432898583704,0.24207403842532405,1783858749.8017023,171.0,12.0,163.0,1783858749.802909,28080.224609375,nan,nan,41.48616409301758,nan
43.68014645576477,1783858749.8859463,BSMC,eight,optuna_t003_r01,1783858749.8464506,-0.4218438313102083,0.030804062876068503,2.03731202164836,0.03211976355083277,0.2956078836299781,1783858749.8833926,-0.42889001965522766,0.030449239537119865,2.0564477901956546,1783858749.8769615,-0.49610598814191703,-0.004632452814255145,2.0404408644887178,1783858749.8770828,0.0017516132246025856,0.08226509850890142,0.0031288428403577484,1783858749.8771799,0.040330671637613724,0.2402157387164467,1783858749.8533616,156.0,6.0,108.0,1783858749.8534486,28080.27734375,nan,nan,51.77870559692383,nan
43.72045588493347,1783858749.9262557,BSMC,eight,optuna_t003_r01,1783858749.8968608,-0.4237700998793698,0.03192551808049853,2.0553368116747017,0.03143237196041359,0.30379527089247743,1783858749.8833926,-0.42889001965522766,0.030449239537119865,2.0564477901956546,1783858749.91508,-0.4968214523560862,-0.0032380525313904784,2.049319812995335,1783858749.9154446,0.002911590811229093,0.08102159857595215,-0.006016998679366559,1783858749.9155426,0.04060299413358698,0.23924973290813104,1783858749.9020581,242.0,6.0,115.0,1783858749.9025178,28080.326171875,nan,nan,48.56639099121094,nan
43.76043701171875,1783858749.9662368,BSMC,eight,optuna_t003_r01,1783858749.9463875,-0.4256847255199444,0.03311751519277055,2.069541205071098,0.03298557392314745,0.30352828824113126,1783858749.9319012,-0.4303142726421356,0.03125416487455368,2.0644843887253246,1783858749.9550445,-0.4975560134083361,-0.0018376013230049226,2.058436645566273,1783858749.9553645,0.003680729171337681,0.0798360471600065,-0.01110455950482514,1783858749.955461,0.04070972743086656,0.23985287637077185,1783858749.9516706,203.0,32.0,236.0,1783858749.9519978,28080.375,nan,nan,49.85169219970703,nan
43.80015778541565,1783858750.0059576,BSMC,eight,optuna_t003_r01,1783858749.99597,-0.4278668224596628,0.03447122657363917,2.089074240574804,0.03476066586213209,0.3160306282801208,1783858749.9800513,-0.43329569697380066,0.03277643024921417,2.0914609357996587,1783858749.9949403,-0.49828831421496217,-0.0004718314469200069,2.067526435256196,1783858749.9953327,0.005230402711470041,0.07982586163989995,-0.0020147698149020066,1783858749.9954195,0.04115326592243128,0.24586473855838786,1783858750.0020008,179.0,51.0,202.0,1783858750.0024462,28080.42578125,nan,nan,50.28962326049805,nan
43.84012842178345,1783858750.0459282,BSMC,eight,optuna_t003_r01,1783858749.99597,-0.4278668224596628,0.03447122657363917,2.089074240574804,0.03476066586213209,0.3160306282801208,1783858750.0293808,-0.434347003698349,0.03324479982256889,2.0966687989766526,1783858750.035583,-0.49903785440519055,0.0008957385691679143,2.0768313034311108,1783858750.0352094,0.006090918767289313,0.07845718508524258,-0.012242937143693402,1783858750.035687,0.04130300915108867,0.24455643352207518,1783858750.0020008,179.0,51.0,202.0,1783858750.0024462,28080.42578125,nan,nan,50.28962326049805,nan
43.879995822906494,1783858750.0857956,BSMC,eight,optuna_t003_r01,1783858750.046075,-0.4298654944286922,0.035665736568686865,2.1035905968574404,0.03583185961108045,0.31216282778894366,1783858750.0806744,-0.43563535809516907,0.03390178456902504,2.1109202450281286,1783858750.0764363,-0.49980811689487115,0.0022701928686811867,2.0863945534853205,1783858750.0760436,0.0067601907893344235,0.07721096163730398,-0.017196043372119885,1783858750.0765903,0.0413721232252615,0.24526035970851984,1783858750.0521097,226.0,57.0,192.0,1783858750.053023,28080.4765625,nan,nan,50.048583984375,nan
43.9204363822937,1783858750.1262362,BSMC,eight,optuna_t003_r01,1783858750.0960026,-0.4318246279241052,0.036856900893709375,2.1176929764018713,0.03795479498194549,0.30841639499934054,1783858750.0806744,-0.43563535809516907,0.03390178456902504,2.1109202450281286,1783858750.1149218,-0.5005591139280002,0.0035810822533197395,2.095719635614903,1783858750.1152227,0.007322324914275282,0.0760137700042402,-0.021973340786968443,1783858750.1153007,0.04140579891555606,0.24594744114201048,1783858750.1022685,171.0,51.0,228.0,1783858750.102652,28080.525390625,nan,nan,50.09125900268555,nan
43.9600944519043,1783858750.1658943,BSMC,eight,optuna_t003_r01,1783858750.1462033,-0.4336237891266073,0.03783797312008803,2.11921824319687,0.03814809812830864,0.27183196904431706,1783858750.1312723,-0.4370521605014801,0.03442826494574547,2.0935142859747646,1783858750.154969,-0.5013276972531719,0.00489379917980684,2.1052639845346506,1783858750.155396,0.007183983342002834,0.07495017115096958,-0.013954258662219221,1783858750.1555412,0.04115540007625812,0.25133344656906,1783858750.1529808,164.0,51.0,207.0,1783858750.1533973,28080.576171875,nan,nan,50.849246978759766,nan
44.000408411026,1783858750.2062082,BSMC,eight,optuna_t003_r01,1783858750.196191,-0.43548162853134254,0.03871911566015739,2.1365797082486155,0.03765424205432572,0.2808510472759828,1783858750.1819046,-0.43912145495414734,0.03535662963986397,2.1392012537640026,1783858750.195369,-0.5021169678851876,0.00621242923489107,2.1150659567906134,1783858750.1957142,0.008720713380648584,0.0749362376999401,-0.0041522864062564216,1783858750.19591,0.041604667568085216,0.2575926375498653,1783858750.2033472,249.0,57.0,190.0,1783858750.2043133,28080.626953125,nan,nan,50.241737365722656,nan
44.040026903152466,1783858750.2458267,BSMC,eight,optuna_t003_r01,1783858750.196191,-0.43548162853134254,0.03871911566015739,2.1365797082486155,0.03765424205432572,0.2808510472759828,1783858750.232395,-0.44238391518592834,0.03699010610580444,2.166832490956588,1783858750.2353408,-0.5029112105376095,0.007510234360125406,2.124930127595603,1783858750.2356527,0.009801900165446846,0.07365232891556095,-0.011649580653012581,1783858750.2357259,0.04186135550443502,0.25732701038893924,1783858750.2033472,249.0,57.0,190.0,1783858750.2043133,28080.626953125,nan,nan,50.241737365722656,nan
44.08025002479553,1783858750.2860498,BSMC,eight,optuna_t003_r01,1783858750.2462208,-0.43778074299824654,0.03995419149135888,2.158458049256626,0.03997803758029516,0.3015848557975653,1783858750.2803142,-0.44445908069610596,0.037271078675985336,2.1789721536908306,1783858750.2751548,-0.5037050761436317,0.008779144697621005,2.1347897118244323,1783858750.275573,0.010604440131656949,0.0721487844162989,-0.023668337432193542,1783858750.2756646,0.04200074565023254,0.2553694189996478,1783858750.252298,203.0,57.0,189.0,1783858750.252614,28080.67578125,nan,nan,49.18342971801758,nan
44.120352029800415,1783858750.3261518,BSMC,eight,optuna_t003_r01,1783858750.295962,-0.4400423590092706,0.040979771589541164,2.1773124278922853,0.04106100587839579,0.3112212943211129,1783858750.2803142,-0.44445908069610596,0.037271078675985336,2.1789721536908306,1783858750.3149633,-0.5045066345625656,0.010032560284101932,2.144744515457499,1783858750.3153443,0.011317748588896701,0.07060652432369961,-0.032567912434786184,1783858750.3154337,0.04210465279624545,0.2545300506877226,1783858750.3056946,203.0,70.0,195.0,1783858750.306046,28080.73046875,nan,nan,53.25602722167969,nan
44.16029405593872,1783858750.3660939,BSMC,eight,optuna_t003_r01,1783858750.346006,-0.4422887141537406,0.042073321448061994,2.1955345333924887,0.04208501297746277,0.3171679504838937,1783858750.3308082,-0.44633781909942627,0.03858140856027603,2.1955475212540825,1783858750.3549685,-0.5053222358628613,0.011280154446998536,2.154872894107007,1783858750.3557973,0.01189051942725906,0.06913797466486524,-0.0406616392854815,1783858750.355337,0.04214993451719199,0.25401416900817747,1783858750.361119,203.0,70.0,183.0,1783858750.361606,28080.78515625,nan,nan,55.4812126159668,nan
44.20029950141907,1783858750.4060993,BSMC,eight,optuna_t003_r01,1783858750.3960516,-0.44497964163858117,0.04337484196144755,2.2159023242819775,0.043304574862816476,0.32749614394639387,1783858750.3795798,-0.4505448043346405,0.040538255125284195,2.2187363030714327,1783858750.3952627,-0.5061474970033386,0.012514874910185242,2.165119811334068,1783858750.395611,0.01337470409862292,0.06908518798584043,-0.03041472205842055,1783858750.3957083,0.04260472109884519,0.2603096211566152,1783858750.361119,203.0,70.0,183.0,1783858750.361606,28080.78515625,nan,nan,55.4812126159668,nan
44.24059987068176,1783858750.4463997,BSMC,eight,optuna_t003_r01,1783858750.3960516,-0.44497964163858117,0.04337484196144755,2.2159023242819775,0.043304574862816476,0.32749614394639387,1783858750.4291883,-0.4525437355041504,0.041535984724760056,2.2300208480561494,1783858750.4349473,-0.5069804265400976,0.013733722432557521,2.175459851825974,1783858750.4352422,0.01359570380713871,0.06736356680965315,-0.04044247245600374,1783858750.4353204,0.04250702810309925,0.2590322643375132,1783858750.4078746,203.0,57.0,160.0,1783858750.408164,28080.83203125,nan,nan,46.803382873535156,nan
44.279996156692505,1783858750.485796,BSMC,eight,optuna_t003_r01,1783858750.4465582,-0.4475579601993943,0.04458431368663543,2.2331735398739405,0.043685069888078965,0.3282473000147873,1783858750.48037,-0.45438456535339355,0.042452432215213776,2.243079481990816,1783858750.4748633,-0.5078232825487928,0.014939970805277897,2.1859202625149265,1783858750.4751947,0.013687229728488327,0.065752231027578,-0.04725327735901397,1783858750.4761446,0.04236037748019622,0.25891625941079044,1783858750.457003,281.0,57.0,164.0,1783858750.457354,28080.880859375,nan,nan,48.98783493041992,nan
44.32038354873657,1783858750.5261834,BSMC,eight,optuna_t003_r01,1783858750.4970908,-0.4501436369064281,0.04588320102524134,2.2491947514818307,0.04595703795365965,0.3277538121955028,1783858750.48037,-0.45438456535339355,0.042452432215213776,2.243079481990816,1783858750.515033,-0.5086730040663778,0.016129247000986946,2.1964621792197128,1783858750.5154674,0.013564124326840024,0.0642417242255193,-0.05273257226211791,1783858750.5151596,0.04212857810369002,0.2592721473625362,1783858750.503114,203.0,70.0,270.0,1783858750.5035403,28080.927734375,nan,nan,46.02220916748047,nan
44.359986305236816,1783858750.5657861,BSMC,eight,optuna_t003_r01,1783858750.5460348,-0.45254403385532643,0.04697982200539959,2.262772120070806,0.04641180142306618,0.32092162233047666,1783858750.5317569,-0.4563696086406708,0.043440643697977066,2.254789922200165,1783858750.5550017,-0.5095347172949898,0.01730863928890719,2.2071482065362718,1783858750.5554128,0.013517041527954018,0.06281406427741293,-0.05562391353453444,1783858750.5556405,0.041935832011522366,0.260547147707703,1783858750.55327,171.0,64.0,249.0,1783858750.5535831,28080.9765625,nan,nan,50.16765213012695,nan
44.3999605178833,1783858750.6057603,BSMC,eight,optuna_t003_r01,1783858750.5960214,-0.4551798622328209,0.048259290380826186,2.278420584045765,0.045618156722457004,0.31833451639766697,1783858750.5794084,-0.46003738045692444,0.04579802230000496,2.273980923160466,1783858750.5949743,-0.5104014034002988,0.0184685418182626,2.2178902279783577,1783858750.5953014,0.014963148746149724,0.06274131404563923,-0.04488189209244853,1783858750.5953808,0.04239833104004203,0.2668415982608989,1783858750.6040976,218.0,51.0,238.0,1783858750.6037955,28081.02734375,nan,nan,50.55052947998047,nan
44.44056558609009,1783858750.6463654,BSMC,eight,optuna_t003_r01,1783858750.5960214,-0.4551798622328209,0.048259290380826186,2.278420584045765,0.045618156722457004,0.31833451639766697,1783858750.6334484,-0.4622791111469269,0.04662557318806648,2.289266476185173,1783858750.635485,-0.5112908129640287,0.019632235475910337,2.228906935700757,1783858750.636143,0.01471987861244949,0.06124763046946259,-0.04951364834500804,1783858750.6359339,0.042126478600095676,0.26745482833071055,1783858750.6040976,218.0,51.0,238.0,1783858750.6037955,28081.02734375,nan,nan,50.55052947998047,nan
44.48002862930298,1783858750.6858284,BSMC,eight,optuna_t003_r01,1783858750.6464176,-0.4577773803719506,0.04944084528797156,2.2938664559472053,0.04531811287077577,0.31626653072465466,1783858750.6813138,-0.46434393525123596,0.048035673797130585,2.3007625075452385,1783858750.6754282,-0.5121708715457196,0.020757916449152286,2.239799793235409,1783858750.6759062,0.014485789852178098,0.05976223039012343,-0.054066662711796276,1783858750.67602,0.04186488172787605,0.26801707831834387,1783858750.6551163,140.0,44.0,259.0,1783858750.6562712,28081.078125,nan,nan,51.321876525878906,nan
44.52035307884216,1783858750.726153,BSMC,eight,optuna_t003_r01,1783858750.6967087,-0.4601456087011739,0.05048338406313048,2.3077249104376296,0.042792512131362245,0.30923650113574214,1783858750.6813138,-0.46434393525123596,0.048035673797130585,2.3007625075452385,1783858750.7151554,-0.5130623529708673,0.021872809432005702,2.2508247437268105,1783858750.715544,0.014373766950167243,0.05841353977024141,-0.0569001667108191,1783858750.7156343,0.04166053455134562,0.269181653276454,1783858750.7041745,148.0,51.0,219.0,1783858750.7045221,28081.12890625,nan,nan,49.03276443481445,nan
44.56054091453552,1783858750.7663407,BSMC,eight,optuna_t003_r01,1783858750.7460275,-0.46244011505544724,0.05139824831991889,2.3211973801621926,0.040543999626728826,0.3024569822693842,1783858750.7337196,-0.4666734039783478,0.049033500254154205,2.3157601196267943,1783858750.7550504,-0.5139628712526818,0.02297377927148464,2.261950734588794,1783858750.7559958,0.014344928547000254,0.05706809854749434,-0.05924664557339864,1783858750.7556894,0.04149555198987144,0.2704791732218489,1783858750.7573407,249.0,64.0,220.0,1783858750.7574296,28081.181640625,nan,nan,53.24631881713867,nan
44.60012602806091,1783858750.8059258,BSMC,eight,optuna_t003_r01,1783858750.796515,-0.4654179421660058,0.05283136510548787,2.341113366904162,0.0425960757771861,0.3142864359802291,1783858750.7856083,-0.47108131647109985,0.0513605922460556,2.3454266925104372,1783858750.7948809,-0.5148692275508431,0.024056999416029484,2.2731366879081643,1783858750.7951858,0.0157552859822808,0.056992338891256704,-0.048060692254028314,1783858750.795408,0.04196406796324357,0.27667462875604143,1783858750.8048136,195.0,64.0,232.0,1783858750.8052409,28081.228515625,nan,nan,47.37571334838867,nan
44.640058279037476,1783858750.845858,BSMC,eight,optuna_t003_r01,1783858750.796515,-0.4654179421660058,0.05283136510548787,2.341113366904162,0.0425960757771861,0.3142864359802291,1783858750.8314164,-0.47296515107154846,0.052291616797447205,2.3555375476820326,1783858750.83489,-0.5157902548564506,0.025132881974862575,2.284489829108822,1783858750.8353958,0.015198482777416537,0.05543989515489772,-0.056623537795340344,1783858750.8352115,0.041574049244367486,0.27568873121238624,1783858750.8048136,195.0,64.0,232.0,1783858750.8052409,28081.228515625,nan,nan,47.37571334838867,nan
44.67993640899658,1783858750.8857362,BSMC,eight,optuna_t003_r01,1783858750.8462362,-0.46817052718082836,0.05412568847109714,2.357695206580904,0.04349602418513154,0.31587244681388915,1783858750.8813477,-0.47529685497283936,0.05304669216275215,2.361017001172446,1783858750.8748064,-0.516714458382395,0.026187962361733513,2.295866628356143,1783858750.875123,0.014651930707534712,0.05405877101087167,-0.06182857822476118,1783858750.8761775,0.041198145417074665,0.27584498388409295,1783858750.8596725,164.0,57.0,257.0,1783858750.8600981,28081.283203125,nan,nan,54.978580474853516,nan
44.72010540962219,1783858750.9259052,BSMC,eight,optuna_t003_r01,1783858750.896034,-0.4707808223902312,0.055228062149450426,2.37009835242296,0.04276172229194663,0.3055327216489304,1783858750.8813477,-0.47529685497283936,0.05304669216275215,2.361017001172446,1783858750.9151661,-0.5176575091394614,0.027239936118098357,2.3074579081530784,1783858750.915682,0.01409094923099723,0.05274660282048275,-0.0626404442698818,1783858750.9154863,0.040827859890944014,0.2775059312978328,1783858750.9056375,203.0,44.0,228.0,1783858750.9071705,28081.330078125,nan,nan,45.83555221557617,nan
44.76146936416626,1783858750.9672692,BSMC,eight,optuna_t003_r01,1783858750.9465325,-0.4734365012715219,0.05627514563146962,2.384337401955188,0.042504636240673174,0.3019611595623812,1783858750.9305532,-0.4778900146484375,0.05380573496222496,2.378117365506348,1783858750.9550114,-0.5185987435419193,0.02826575095495179,2.319007637646304,1783858750.9556174,0.01358001855325918,0.051378374956085805,-0.06532976430888437,1783858750.955761,0.040479870687985975,0.2784288373479567,1783858750.955251,148.0,51.0,254.0,1783858750.9558547,28081.37890625,nan,nan,49.49229049682617,nan
44.80021905899048,1783858751.0060189,BSMC,eight,optuna_t003_r01,1783858750.9960456,-0.4761451814231415,0.05731071317064999,2.398491061876553,0.041256852653398304,0.29826517306872535,1783858750.9815254,-0.481251984834671,0.05545791983604431,2.3939824404587817,1783858750.99484,-0.5195470522424435,0.02927554317116976,2.3306231275215157,1783858750.995436,0.014962833350289747,0.05129595561043424,-0.0537142744336725,1783858750.995241,0.04095979931312573,0.28445696019869476,1783858751.0057094,156.0,64.0,232.0,1783858750.9558547,28081.37890625,nan,nan,49.49229049682617,nan
44.84103465080261,1783858751.0468345,BSMC,eight,optuna_t003_r01,1783858750.9960456,-0.4761451814231415,0.05731071317064999,2.398491061876553,0.041256852653398304,0.29826517306872535,1783858751.0323708,-0.48306116461753845,0.05603230744600296,2.405670507686037,1783858751.0348144,-0.5205082706407445,0.030275412005115993,2.342373493749431,1783858751.035273,0.014376398288983315,0.049923044441186094,-0.0561175681271222,1783858751.0353584,0.040589419193621815,0.28535618940514457,1783858751.0057094,156.0,64.0,232.0,1783858751.0063157,28081.4296875,nan,nan,50.66403579711914,nan
44.88002395629883,1783858751.0858238,BSMC,eight,optuna_t003_r01,1783858751.046302,-0.4786953783283533,0.05823981882451397,2.4116765432512692,0.04027942345600011,0.29149040175707513,1783858751.0323708,-0.48306116461753845,0.05603230744600296,2.405670507686037,1783858751.0750816,-0.5214787378380134,0.03126135805863792,2.354211418092384,1783858751.075755,0.013894027958731781,0.04863341632366282,-0.05746512515888513,1783858751.076106,0.040268738722926634,0.28657075280412997,1783858751.054528,234.0,64.0,191.0,1783858751.0557334,28081.478515625,nan,nan,48.94537353515625,nan
44.919947147369385,1783858751.125747,BSMC,eight,optuna_t003_r01,1783858751.0964475,-0.4812578278726779,0.0592525271011959,2.4230694359647074,0.04176741281525728,0.2828948054448411,1783858751.085137,-0.48491424322128296,0.05689042806625366,2.4151328303201116,1783858751.1152446,-0.5224656411153062,0.0322403728712842,2.3662217079443177,1783858751.1156774,0.01323897241303765,0.0474601934027528,-0.05684772802038962,1783858751.1157703,0.03988295395805395,0.2884258458787831,1783858751.1062467,187.0,57.0,215.0,1783858751.1066937,28081.529296875,nan,nan,51.49525451660156,nan
44.96039891242981,1783858751.1661987,BSMC,eight,optuna_t003_r01,1783858751.146422,-0.48361293676684314,0.06012851935870094,2.434182968322459,0.0419915230578468,0.2747206431461053,1783858751.1324785,-0.48654764890670776,0.05743812397122383,2.425867805358308,1783858751.155457,-0.5234619738387252,0.03320519643073333,2.3783160681311077,1783858751.1565914,0.01279058811264669,0.04635959370801772,-0.0558669001913512,1783858751.1557443,0.039588770209469326,0.29034593768711847,1783858751.1549811,187.0,57.0,179.0,1783858751.156733,28081.578125,nan,nan,48.865943908691406,nan
45.00031065940857,1783858751.2061105,BSMC,eight,optuna_t003_r01,1783858751.1966352,-0.48592542748222795,0.060974093856335385,2.4445903194244023,0.04186644030936782,0.2657966216605746,1783858751.1803792,-0.4886501431465149,0.0582365058362484,2.4352618234462744,1783858751.1952918,-0.5244478043497899,0.03413716030522626,2.390250696572638,1783858751.1957386,0.014145519153227423,0.04629191553445494,-0.04393227174982117,1783858751.1958303,0.04007512193105519,0.29608856673491313,1783858751.1549811,187.0,57.0,179.0,1783858751.156733,28081.578125,nan,nan,48.865943908691406,nan
45.04049825668335,1783858751.246298,BSMC,eight,optuna_t003_r01,1783858751.1966352,-0.48592542748222795,0.060974093856335385,2.4445903194244023,0.04186644030936782,0.2657966216605746,1783858751.2291863,-0.4930052161216736,0.05968526005744934,2.457281969499813,1783858751.2352,-0.5254457614361459,0.03505818003729938,2.40229752942989,1783858751.2352855,0.013667005753916259,0.04524051656012913,-0.04229278999451225,1783858751.2355752,0.039779089181901074,0.29805516618371186,1783858751.211889,257.0,57.0,183.0,1783858751.2122514,28081.63671875,nan,nan,57.02683639526367,nan
45.07996368408203,1783858751.2857635,BSMC,eight,optuna_t003_r01,1783858751.2461147,-0.4888180719515943,0.06206276204418525,2.459412176255443,0.04415033629626824,0.27146638232426057,1783858751.2804039,-0.49499765038490295,0.06011224538087845,2.473187379351006,1783858751.2757354,-0.5264777712197166,0.03598750941834819,2.414716753879513,1783858751.2767358,0.012791343131499967,0.04398355703395147,-0.04469542237593016,1783858751.27642,0.039312727664652165,0.29856622690214557,1783858751.2561307,195.0,57.0,223.0,1783858751.2564533,28081.6796875,nan,nan,44.159393310546875,nan
45.12043905258179,1783858751.3262389,BSMC,eight,optuna_t003_r01,1783858751.2961767,-0.49150011487091416,0.06294098842623964,2.4747195718330213,0.044465805101642164,0.2763165318981516,1783858751.2804039,-0.49499765038490295,0.06011224538087845,2.473187379351006,1783858751.315267,-0.5274737554576729,0.03686265977563705,2.4266631777421312,1783858751.3156369,0.012136352543667947,0.04274214535104601,-0.04805639409089002,1783858751.3157444,0.03894558765819505,0.29860993975849653,1783858751.3115125,171.0,51.0,229.0,1783858751.3119767,28081.734375,nan,nan,55.2044792175293,nan
45.16052031517029,1783858751.3663201,BSMC,eight,optuna_t003_r01,1783858751.3462627,-0.49384690091505296,0.06360444620464625,2.485922804908382,0.04315345188312054,0.2691878765834954,1783858751.3309495,-0.49650755524635315,0.06049240380525589,2.478235275062456,1783858751.355002,-0.5285075643952153,0.03774901804209302,2.4390204348823348,1783858751.3554008,0.011709613604179853,0.04162631028081658,-0.04690237002604736,1783858751.3554873,0.03868314992902296,0.30016740872594194,1783858751.3558552,218.0,38.0,213.0,1783858751.3560512,28081.779296875,nan,nan,44.69886779785156,nan
45.200119733810425,1783858751.4059196,BSMC,eight,optuna_t003_r01,1783858751.3964686,-0.49657112651547025,0.06440582884775767,2.5006821399484815,0.04307531758951364,0.27341904428477437,1783858751.3804739,-0.5004385709762573,0.0617288202047348,2.4985013861137473,1783858751.3950803,-0.5295416455148325,0.03861370580088075,2.451335191095849,1783858751.3965888,0.013056459122408192,0.041571393687928886,-0.03458761381253295,1783858751.396914,0.03918422837345231,0.3056075988184024,1783858751.3558552,218.0,38.0,213.0,1783858751.3560512,28081.779296875,nan,nan,44.69886779785156,nan
45.24037432670593,1783858751.4461741,BSMC,eight,optuna_t003_r01,1783858751.3964686,-0.49657112651547025,0.06440582884775767,2.5006821399484815,0.04307531758951364,0.27341904428477437,1783858751.4319553,-0.5026582479476929,0.0621141642332077,2.5074637653800638,1783858751.4353244,-0.5305851273621415,0.03946458473688272,2.463713400354226,1783858751.4350858,0.01235097303606009,0.04032953479099556,-0.036968739594255506,1783858751.4364944,0.0388098700968556,0.30575416160796637,1783858751.4141297,164.0,38.0,222.0,1783858751.4144938,28081.837890625,nan,nan,58.07615661621094,nan
45.2803316116333,1783858751.4861314,BSMC,eight,optuna_t003_r01,1783858751.4463236,-0.49908848334684963,0.0650094198982125,2.5129959734874867,0.04145507401629145,0.26981861336251917,1783858751.4823618,-0.504798173904419,0.06268583238124847,2.5203569545198246,1783858751.4757183,-0.5316330496442778,0.04029770084189102,2.4760931416286005,1783858751.4749947,0.011793041134609125,0.03912469852923698,-0.03690283185888621,1783858751.4758391,0.03850512579307474,0.3066408197107786,1783858751.4664218,164.0,44.0,210.0,1783858751.466793,28081.890625,nan,nan,52.10208511352539,nan
45.32014608383179,1783858751.525946,BSMC,eight,optuna_t003_r01,1783858751.4962542,-0.5014905509786828,0.06555069872069777,2.5253525642062966,0.03990082772186221,0.2665051300798606,1783858751.4823618,-0.504798173904419,0.06268583238124847,2.5203569545198246,1783858751.514932,-0.5326976837426031,0.04112267916442894,2.488615676829962,1783858751.5152576,0.011348124037458667,0.03797148081938407,-0.036736887376334515,1783858751.5153468,0.03825191017897818,0.3074870446140531,1783858751.5062158,234.0,51.0,182.0,1783858751.5067198,28081.9296875,nan,nan,39.7921142578125,nan
45.359946966171265,1783858751.5657468,BSMC,eight,optuna_t003_r01,1783858751.545944,-0.5039703581599606,0.0661252993397352,2.5378957900503627,0.04084486193817464,0.2656609832489944,1783858751.5309694,-0.506902813911438,0.0630270317196846,2.5333765643925568,1783858751.555239,-0.5337620084314264,0.04192634056022401,2.5010773958202344,1783858751.5556362,0.010788253712790062,0.03683402793258268,-0.03681839423012834,1783858751.5553563,0.03795534708961582,0.30815086487087023,1783858751.5600474,171.0,44.0,217.0,1783858751.562237,28081.984375,nan,nan,53.98567581176758,nan
45.4007031917572,1783858751.606503,BSMC,eight,optuna_t003_r01,1783858751.5962145,-0.5069048516094715,0.06676986310090821,2.5550409123010462,0.04079957390007697,0.2754954401469263,1783858751.5796509,-0.5117395520210266,0.06412970274686813,2.557633574183405,1783858751.59564,-0.5348592553846835,0.04273331671421446,2.513862520360197,1783858751.5961525,0.012149666218642722,0.036792586667530304,-0.024033269690165504,1783858751.5962718,0.03848035467646898,0.31327997854909845,1783858751.5600474,171.0,44.0,217.0,1783858751.562237,28081.984375,nan,nan,53.98567581176758,nan
45.44034171104431,1783858751.6461415,BSMC,eight,optuna_t003_r01,1783858751.5962145,-0.5069048516094715,0.06676986310090821,2.5550409123010462,0.04079957390007697,0.2754954401469263,1783858751.6322632,-0.5133877992630005,0.06436147540807724,2.571869348349342,1783858751.6345406,-0.5359209915194109,0.04349383407709817,2.526171797785499,1783858751.6349146,0.011283108647556958,0.03544575237793448,-0.02886911451554708,1783858751.6354167,0.03806126779144585,0.31209574651139593,1783858751.6082933,171.0,51.0,184.0,1783858751.6095173,28082.033203125,nan,nan,48.252872467041016,nan
45.480228662490845,1783858751.6860285,BSMC,eight,optuna_t003_r01,1783858751.64631,-0.5095602645275183,0.06727714636127753,2.5713258191442834,0.0402635195200688,0.281263384782219,1783858751.6827388,-0.5158625245094299,0.06449174880981445,2.579590285200185,1783858751.6751163,-0.5370185890453056,0.04425948823492162,2.5388305320769837,1783858751.6755307,0.010686999129827972,0.034198833613808724,-0.03249528706729965,1783858751.675755,0.037759364136035214,0.31126086444969714,1783858751.6585085,203.0,57.0,122.0,1783858751.6571805,28082.080078125,nan,nan,48.773292541503906,nan
45.52012348175049,1783858751.7259233,BSMC,eight,optuna_t003_r01,1783858751.696121,-0.5122422122862913,0.06773038650978253,2.584348221862194,0.040812529859236474,0.27847938393748567,1783858751.6827388,-0.5158625245094299,0.06449174880981445,2.579590285200185,1783858751.7148452,-0.5381191900562515,0.04500673344920242,2.551454122103724,1783858751.7151659,0.009944802135704874,0.03297094626191835,-0.032894099758469686,1783858751.7152638,0.037404403072607506,0.31141251445568047,1783858751.7199516,218.0,44.0,141.0,1783858751.7203252,28082.14453125,nan,nan,63.01473617553711,nan
45.560370206832886,1783858751.76617,BSMC,eight,optuna_t003_r01,1783858751.7460759,-0.514822182001651,0.06823884819658152,2.5994512601763824,0.04157043355417893,0.28221727409167974,1783858751.7313154,-0.517678439617157,0.0651998221874237,2.5973265968081933,1783858751.7552314,-0.5392312793517589,0.04574139433879276,2.5641364023800777,1783858751.755593,0.009300928014986222,0.03186584694607099,-0.03531485779630473,1783858751.7556841,0.03709287964980672,0.3108114887778716,1783858751.7566047,265.0,44.0,190.0,1783858751.7566977,28082.1796875,nan,nan,36.60526657104492,nan
45.600433349609375,1783858751.8062332,BSMC,eight,optuna_t003_r01,1783858751.7963471,-0.5178230600942304,0.06871279439811556,2.6140023851749556,0.043725757895197004,0.285195800539856,1783858751.7792304,-0.5215335488319397,0.06504588574171066,2.609606050489991,1783858751.7952805,-0.5403517134176741,0.04646130986099878,2.5768374883493363,1783858751.7956169,0.010632154170520243,0.03182727522069358,-0.022613771827046047,1783858751.7957034,0.03762868435536999,0.3153879416826006,1783858751.7566047,265.0,44.0,190.0,1783858751.7566977,28082.1796875,nan,nan,36.60526657104492,nan
45.63999390602112,1783858751.8457937,BSMC,eight,optuna_t003_r01,1783858751.7963471,-0.5178230600942304,0.06871279439811556,2.6140023851749556,0.043725757895197004,0.285195800539856,1783858751.8293796,-0.5233450531959534,0.0650893822312355,2.6291445155306334,1783858751.8353453,-0.5414727080266962,0.047161687001456204,2.589466213528838,1783858751.8358326,0.009583870060336648,0.03052712747735223,-0.024536171646117655,1783858751.8367107,0.03715844938697476,0.3147112656904105,1783858751.8080025,171.0,51.0,275.0,1783858751.8083098,28082.232421875,nan,nan,51.3994140625,nan
45.68070912361145,1783858751.886509,BSMC,eight,optuna_t003_r01,1783858751.845931,-0.5204495515900623,0.06897103475965471,2.6302798414385107,0.043190867430017,0.2907651136494969,1783858751.8810902,-0.5253966450691223,0.0651397854089737,2.6407989411243626,1783858751.876043,-0.5426302234031941,0.04786445609065354,2.602421691619242,1783858751.8765066,0.009015902129354408,0.029260611305755323,-0.027858149819268707,1783858751.8766108,0.03689216596251639,0.3134745746898413,1783858751.8571641,156.0,51.0,231.0,1783858751.85754,28082.28125,nan,nan,48.988128662109375,nan
45.72053527832031,1783858751.926335,BSMC,eight,optuna_t003_r01,1783858751.8961558,-0.5228681278554564,0.06909333428431694,2.644663489081019,0.04150872458192067,0.28911492182440995,1783858751.8810902,-0.5253966450691223,0.0651397854089737,2.6407989411243626,1783858751.9151428,-0.5437508432703275,0.04852548313500166,2.6148803545365698,1783858751.9155009,0.00855168657488827,0.028035565996137116,-0.02978313454444903,1783858751.9155972,0.03667594979535773,0.31261049345562447,1783858751.9105008,218.0,44.0,203.0,1783858751.9108617,28082.333984375,nan,nan,53.45337677001953,nan
45.76071524620056,1783858751.966515,BSMC,eight,optuna_t003_r01,1783858751.9463928,-0.525313560069959,0.06925670480874234,2.6559205914694264,0.041405345460542704,0.28095533759376706,1783858751.9321847,-0.5275779366493225,0.06536797434091568,2.647211231090094,1783858751.95484,-0.5448919941050759,0.049179487545855244,2.6274806505299337,1783858751.9554276,0.007942310440272824,0.026894784571714465,-0.028439940939492647,1783858751.9555922,0.03640633894254254,0.3127585690825449,1783858751.9573684,140.0,19.0,229.0,1783858751.9577765,28082.380859375,nan,nan,46.77008819580078,nan
45.80069613456726,1783858752.006496,BSMC,eight,optuna_t003_r01,1783858751.9963593,-0.5279104999182601,0.06930721163165149,2.672694400173163,0.03915646789482622,0.287522520580831,1783858751.9811683,-0.5317011475563049,0.06560596823692322,2.673604417183455,1783858751.995056,-0.5460545748577678,0.04982634074933545,2.640225872538798,1783858751.9954083,0.009272404908768303,0.026865428511695884,-0.015694718930628238,1783858751.9955668,0.036961949263661247,0.31683805999562814,1783858751.9573684,140.0,19.0,229.0,1783858751.9577765,28082.380859375,nan,nan,46.77008819580078,nan
45.8409948348999,1783858752.0467947,BSMC,eight,optuna_t003_r01,1783858751.9963593,-0.5279104999182601,0.06930721163165149,2.672694400173163,0.03915646789482622,0.287522520580831,1783858752.0298781,-0.5339456796646118,0.06586331129074097,2.6834614273953004,1783858752.0352151,-0.5472301721448654,0.05046091543811765,2.653017899040469,1783858752.0355313,0.008717724981169118,0.02554278540626629,-0.019676501132694035,1783858752.036485,0.03672068589581602,0.3149636293894458,1783858752.0144203,132.0,0.0,177.0,1783858752.014772,28082.4375,nan,nan,57.21012878417969,nan
45.88008093833923,1783858752.0858808,BSMC,eight,optuna_t003_r01,1783858752.0468216,-0.53029444210082,0.06930841095582825,2.687431752757341,0.035624556164009516,0.28742882769000283,1783858752.081101,-0.5362890362739563,0.06602443754673004,2.6971981249443817,1783858752.07551,-0.5483934806053985,0.0510699405064087,2.665579615689173,1783858752.0756059,0.008262958556865308,0.024329827681512498,-0.02185213706816791,1783858752.0756853,0.03652676908364251,0.31362196016517185,1783858752.0569775,218.0,6.0,162.0,1783858752.0573542,28082.48046875,nan,nan,42.484703063964844,nan
45.920098066329956,1783858752.125898,BSMC,eight,optuna_t003_r01,1783858752.0966895,-0.532785672280273,0.06937264131105872,2.701809779264529,0.03525541822744126,0.28884175004411333,1783858752.081101,-0.5362890362739563,0.06602443754673004,2.6971981249443817,1783858752.1151268,-0.5495773499975503,0.05167081379816832,2.6782631029578168,1783858752.1161227,0.007657421587796487,0.023166334032034046,-0.023546676306712033,1783858752.116372,0.03627440952623796,0.3123487622946021,1783858752.1167088,179.0,51.0,167.0,1783858752.116875,28082.541015625,nan,nan,59.309791564941406,nan
45.960328340530396,1783858752.1661282,BSMC,eight,optuna_t003_r01,1783858752.1461632,-0.535306768073447,0.06942092300143315,2.7154095034628503,0.035896863847877984,0.28705629226417195,1783858752.1324315,-0.5385944843292236,0.06597900390625,2.7106161576426318,1783858752.1553159,-0.5507630743274434,0.05225389568687219,2.6908635802073144,1783858752.1557462,0.006976922220673995,0.022021053248263946,-0.02454592325553584,1783858752.1558263,0.035995600324320545,0.3112173563564257,1783858752.1573672,187.0,70.0,193.0,1783858752.1577597,28082.58203125,nan,nan,41.129573822021484,nan
46.000154972076416,1783858752.2059548,BSMC,eight,optuna_t003_r01,1783858752.1961343,-0.5379219754181772,0.06946601279245206,2.7298908220245215,0.03743583595443253,0.28664284041250165,1783858752.179661,-0.5408934950828552,0.0657619908452034,2.725908841455574,1783858752.1950266,-0.551952175366712,0.05282019484989836,2.7033951175742574,1783858752.196209,0.008293765640199059,0.021996981852638188,-0.012014385888592827,1783858752.1954489,0.03656660058144575,0.314742081197744,1783858752.1573672,187.0,70.0,193.0,1783858752.1577597,28082.58203125,nan,nan,41.129573822021484,nan
46.041048526763916,1783858752.2468483,BSMC,eight,optuna_t003_r01,1783858752.1961343,-0.5379219754181772,0.06946601279245206,2.7298908220245215,0.03743583595443253,0.28664284041250165,1783858752.2303727,-0.545024037361145,0.06573104113340378,2.7483471064045277,1783858752.2346933,-0.553149575025579,0.05337215970452283,2.7159067114361193,1783858752.234988,0.007514928868659148,0.020842690352211896,-0.01398411058840221,1783858752.2351763,0.036255342758114685,0.3130984126909545,1783858752.2199926,249.0,44.0,112.0,1783858752.22265,28082.64453125,nan,nan,62.57805252075195,nan
46.080204010009766,1783858752.2860038,BSMC,eight,optuna_t003_r01,1783858752.2465653,-0.5410359682310026,0.06955332235275968,2.7477427948488904,0.04042318965877826,0.29647519408403644,1783858752.2809916,-0.5466766953468323,0.06566716730594635,2.7604993657996078,1783858752.2749841,-0.5543640822152871,0.053913641177436245,2.7284857172549373,1783858752.2759235,0.006306023393274102,0.01955689951416955,-0.01925707759395312,1783858752.2754214,0.03576633923470709,0.3102235893754914,1783858752.257958,187.0,19.0,168.0,1783858752.2587335,28082.681640625,nan,nan,38.031375885009766,nan
46.121073722839355,1783858752.3268735,BSMC,eight,optuna_t003_r01,1783858752.2962863,-0.5437009095240604,0.06949662110451507,2.7633925885314357,0.04026235111812763,0.29945911168844036,1783858752.2809916,-0.5466766953468323,0.06566716730594635,2.7604993657996078,1783858752.314685,-0.5555792251466074,0.054437260024970346,2.7409579376784587,1783858752.3149679,0.005478240144987104,0.018381175780314035,-0.022434650852976912,1783858752.3152068,0.03544199290013161,0.3079857372601684,1783858752.3119664,171.0,0.0,181.0,1783858752.312355,28082.736328125,nan,nan,53.958404541015625,nan
46.16032648086548,1783858752.3661263,BSMC,eight,optuna_t003_r01,1783858752.3460014,-0.5460612004167468,0.0693229472913591,2.7761835278960585,0.03821166027821173,0.2948332403081568,1783858752.330127,-0.5486123561859131,0.06543771177530289,2.768280726149878,1783858752.3549812,-0.5568109837902264,0.054949880272564894,2.7534839065413523,1783858752.3553064,0.004904108653424177,0.017265358855781114,-0.022699621354706156,1783858752.3553948,0.035230468444022514,0.30663891078416,1783858752.358071,218.0,6.0,148.0,1783858752.3583786,28082.78125,nan,nan,46.252994537353516,nan
46.20029854774475,1783858752.4060984,BSMC,eight,optuna_t003_r01,1783858752.396231,-0.5487342918344493,0.06910998966704968,2.7932743572167285,0.037829185185401154,0.3023813661343778,1783858752.379601,-0.5520846247673035,0.06498894840478897,2.7916301750116563,1783858752.3957083,-0.5580567353991677,0.05545009469593795,2.766031606248741,1783858752.3961875,0.006246355147996951,0.017243315980804235,-0.010151921647317597,1783858752.3963337,0.035833583110243164,0.30971041713238606,1783858752.358071,218.0,6.0,148.0,1783858752.3583786,28082.78125,nan,nan,46.252994537353516,nan
46.240142822265625,1783858752.4459426,BSMC,eight,optuna_t003_r01,1783858752.396231,-0.5487342918344493,0.06910998966704968,2.7932743572167285,0.037829185185401154,0.3023813661343778,1783858752.4306386,-0.5536088347434998,0.06470014899969101,2.8030234033569927,1783858752.4349046,-0.5592765618997542,0.055922479521586355,2.778199868384456,1783858752.4355037,0.005408057043383204,0.01599383634348038,-0.015074488832272248,1783858752.4352891,0.035517232233323766,0.3066302294072348,1783858752.4226568,156.0,32.0,215.0,1783858752.4230437,28082.845703125,nan,nan,64.4022216796875,nan
46.28035116195679,1783858752.486151,BSMC,eight,optuna_t003_r01,1783858752.446298,-0.5510949817760616,0.06881849241322983,2.8080083116524617,0.036535801078685724,0.30122366469257456,1783858752.4812686,-0.5556589961051941,0.0645318403840065,2.8169575753272755,1783858752.4758947,-0.5605595702412908,0.056401092892166854,2.7908713184430796,1783858752.4762526,0.004876998563175511,0.014831895721607112,-0.017136993209382112,1783858752.4767137,0.03533659116451524,0.3043871589286046,1783858752.4589903,156.0,44.0,199.0,1783858752.4593277,28082.8828125,nan,nan,36.39093780517578,nan
46.32048797607422,1783858752.5262878,BSMC,eight,optuna_t003_r01,1783858752.496159,-0.5533744842286109,0.06851394946640688,2.822016265454005,0.035783173408559,0.29752114528260193,1783858752.4812686,-0.5556589961051941,0.0645318403840065,2.8169575753272755,1783858752.5154223,-0.5617894619086405,0.05684267067001758,2.802895258802073,1783858752.5159807,0.004322214877731434,0.013724032084236773,-0.01912100665193206,1783858752.5161643,0.03514794068393133,0.30216409374015785,1783858752.508205,218.0,32.0,124.0,1783858752.5085409,28082.931640625,nan,nan,49.217838287353516,nan
46.360219955444336,1783858752.5660198,BSMC,eight,optuna_t003_r01,1783858752.5460513,-0.5557556981149925,0.06824773738880818,2.834928180010514,0.036680929691183875,0.2931134502836699,1783858752.5312152,-0.5578147768974304,0.06427087634801865,2.827713988383743,1783858752.5557601,-0.5630639933055624,0.05728282752239183,2.815228165008156,1783858752.5561984,0.0036572410325212195,0.012659581944171217,-0.0197000150023583,1783858752.556334,0.034919380257888315,0.3003031826787385,1783858752.5585358,156.0,25.0,192.0,1783858752.559348,28082.982421875,nan,nan,50.419193267822266,nan
46.40015721321106,1783858752.605957,BSMC,eight,optuna_t003_r01,1783858752.5964308,-0.5584314456156961,0.06782017601015096,2.8533441948517506,0.03622865133344331,0.30196560894736835,1783858752.580926,-0.5619513392448425,0.06339466571807861,2.85486723768224,1783858752.5953004,-0.5643229927624949,0.057700508420496815,2.8272830320375064,1783858752.5958903,0.004983592560218921,0.012641454887822057,-0.007645147973007749,1783858752.5956852,0.03553428392011372,0.30285288248438835,1783858752.5585358,156.0,25.0,192.0,1783858752.559348,28082.982421875,nan,nan,50.419193267822266,nan
46.44012904167175,1783858752.6459289,BSMC,eight,optuna_t003_r01,1783858752.5964308,-0.5584314456156961,0.06782017601015096,2.8533441948517506,0.03622865133344331,0.30196560894736835,1783858752.6281157,-0.5640599727630615,0.06276315450668335,2.8683586338032434,1783858752.63496,-0.5655834029481228,0.058101936044728686,2.839223962028835,1783858752.6350372,0.0040942539480214556,0.011350408200566764,-0.014120232822915744,1783858752.6353126,0.0352164081371915,0.29885254307140063,1783858752.6087482,156.0,19.0,164.0,1783858752.609133,28083.033203125,nan,nan,50.08817672729492,nan
46.48088455200195,1783858752.6866844,BSMC,eight,optuna_t003_r01,1783858752.6461883,-0.5609060277165965,0.06730717666950832,2.870188387509836,0.035084854961574,0.305918937232193,1783858752.680021,-0.5660674571990967,0.06203543394804001,2.881351554640335,1783858752.6757586,-0.5668990304484546,0.05850343168202077,2.851551828047397,1783858752.6765194,0.0034134830332824963,0.010088118810276938,-0.018636559462438917,1783858752.6768441,0.03499198331481036,0.2953840936635563,1783858752.6589084,218.0,12.0,139.0,1783858752.65925,28083.08203125,nan,nan,50.256290435791016,nan
46.520116090774536,1783858752.725916,BSMC,eight,optuna_t003_r01,1783858752.695925,-0.5633857275585885,0.06675223438602104,2.8856904081006425,0.03549625405550141,0.30750941566855383,1783858752.680021,-0.5660674571990967,0.06203543394804001,2.881351554640335,1783858752.7154725,-0.5681660640441933,0.058873490267750545,2.863292815837082,1783858752.715822,0.0026304114180376033,0.008832166301007024,-0.02239759226356064,1783858752.715913,0.03472565346992636,0.29217564275317515,1783858752.7088027,187.0,12.0,134.0,1783858752.709161,28083.1328125,nan,nan,49.787452697753906,nan
46.55997133255005,1783858752.7657712,BSMC,eight,optuna_t003_r01,1783858752.7462838,-0.5656023662978023,0.06613333234350534,2.900836176261482,0.0351869737528358,0.3073967515593505,1783858752.7321036,-0.5673798322677612,0.06136932969093323,2.8959507653692036,1783858752.755593,-0.5694805758456492,0.05924050569756406,2.8753374229566453,1783858752.756212,0.002122846420231519,0.007618732935608071,-0.02549875330483653,1783858752.7563007,0.0345807084378815,0.2890780960104976,1783858752.7589018,140.0,6.0,164.0,1783858752.7593796,28083.18359375,nan,nan,50.19636535644531,nan
46.600398778915405,1783858752.8061986,BSMC,eight,optuna_t003_r01,1783858752.7964807,-0.5678892241759368,0.0653135948599433,2.921247687295251,0.03347437893776551,0.3197501120016807,1783858752.7805772,-0.570634663105011,0.06001007556915283,2.924654185553501,1783858752.7950094,-0.5707583436742361,0.059581048616346194,2.886912449554622,1783858752.795548,0.0034449588684566097,0.007592679575889787,-0.013923726706859707,1783858752.795749,0.035213993916088836,0.291179431061108,1783858752.7589018,140.0,6.0,164.0,1783858752.7593796,28083.18359375,nan,nan,50.19636535644531,nan
46.64035487174988,1783858752.8461547,BSMC,eight,optuna_t003_r01,1783858752.7964807,-0.5678892241759368,0.0653135948599433,2.921247687295251,0.03347437893776551,0.3197501120016807,1783858752.832275,-0.5724679827690125,0.0598297081887722,2.9342983205486712,1783858752.8358233,-0.5720661922293391,0.05991334772967849,2.8986245768632166,1783858752.834844,0.0028956659486251398,0.006182624839099447,-0.022623110432034466,1783858752.8359652,0.03505482518894046,0.2860589400489418,1783858752.8094847,171.0,12.0,221.0,1783858752.8098605,28083.232421875,nan,nan,50.21393585205078,nan
46.68024706840515,1783858752.886047,BSMC,eight,optuna_t003_r01,1783858752.8463736,-0.5700785801352745,0.06458218228223765,2.9374111205779223,0.03263000127087832,0.3199451860009595,1783858752.881628,-0.5740049481391907,0.059638410806655884,2.940975675023387,1783858752.874694,-0.5733841000339143,0.06023185184129559,2.9102886336371445,1783858752.8750918,0.002354757154934113,0.004930208462831716,-0.02712248694077779,1783858752.8753893,0.03490446669184642,0.2823283334923796,1783858752.8594916,218.0,38.0,202.0,1783858752.8607588,28083.283203125,nan,nan,50.297428131103516,nan
46.72053813934326,1783858752.926338,BSMC,eight,optuna_t003_r01,1783858752.896325,-0.5723518809137906,0.06399553019024537,2.950330677325605,0.03423348573439076,0.3123648818323335,1783858752.881628,-0.5740049481391907,0.059638410806655884,2.940975675023387,1783858752.914837,-0.5747122016478421,0.06053650328631849,2.9219031279516527,1783858752.9152327,0.0016597264314549484,0.0038446442309286594,-0.02842754937395231,1783858752.9155564,0.034695762917519045,0.27965513806803366,1783858752.9090374,140.0,38.0,215.0,1783858752.9107008,28083.333984375,nan,nan,49.64488220214844,nan
46.76036810874939,1783858752.966168,BSMC,eight,optuna_t003_r01,1783858752.9460418,-0.5744719361295192,0.06330766431811355,2.964524615692166,0.033970099519441375,0.3076847723697646,1783858752.9297009,-0.5760149359703064,0.058734290301799774,2.958019823723646,1783858752.95502,-0.5760364179662725,0.060824236271566884,2.9333445535507154,1783858752.9557602,0.0011025786941603988,0.002720172513479442,-0.031180062141450637,1783858752.9559004,0.034545979911925366,0.27644868457881183,1783858752.9589298,140.0,25.0,179.0,1783858752.9627216,28083.3828125,nan,nan,50.06078338623047,nan
46.800166606903076,1783858753.0059664,BSMC,eight,optuna_t003_r01,1783858752.9960098,-0.5768232798798508,0.062465008796305364,2.983558283455611,0.0331398921554816,0.31536041441247936,1783858752.979268,-0.5795555114746094,0.057427700608968735,2.9849741193647827,1783858752.995042,-0.5773810238905723,0.061100303384903215,2.944820764827706,1783858752.99552,0.0024747884844938464,0.0026852664389198,-0.019703850864460026,1783858752.9956594,0.035221734292515905,0.27823444877926473,1783858752.9589298,140.0,25.0,179.0,1783858752.9627216,28083.3828125,nan,nan,50.06078338623047,nan
46.84061813354492,1783858753.046418,BSMC,eight,optuna_t003_r01,1783858752.9960098,-0.5768232798798508,0.062465008796305364,2.983558283455611,0.0331398921554816,0.31536041441247936,1783858753.029636,-0.580987811088562,0.0565979890525341,2.9965301648404608,1783858753.0351686,-0.5787303934972544,0.061361318302647155,2.9561952463592087,1783858753.035528,0.0017096522763787654,0.0013900734330784857,-0.0273630370964022,1783858753.0356228,0.03498879976830928,0.27321532098651075,1783858753.0102158,234.0,25.0,157.0,1783858753.010718,28083.43359375,nan,nan,51.076393127441406,nan
46.88048601150513,1783858753.0862858,BSMC,eight,optuna_t003_r01,1783858753.0460825,-0.5791970066208579,0.061634222937665725,3.000215333721359,0.03477152578424414,0.31805659043537116,1783858753.079958,-0.5828155875205994,0.05570414289832115,3.0093394503991298,1783858753.0747147,-0.5800722783029248,0.06160522629043988,2.9673660987196615,1783858753.0754917,0.0008624531497828257,0.00015203909828812956,-0.03284923500169734,1783858753.0752833,0.03472412881701298,0.26892553631883775,1783858753.0599756,171.0,25.0,227.0,1783858753.060296,28083.484375,nan,nan,49.77101516723633,nan
46.92016386985779,1783858753.1259637,BSMC,eight,optuna_t003_r01,1783858753.0962858,-0.5814040346292536,0.06075485301825217,3.0154054164832487,0.03492748716799947,0.3157565826577361,1783858753.079958,-0.5828155875205994,0.05570414289832115,3.0093394503991298,1783858753.114568,-0.5814306510649324,0.061836489485422336,2.9785324895032383,1783858753.1153426,0.00016253158939472784,-0.0010696865728845196,-0.03687292698001032,1783858753.1154425,0.03452580337022875,0.2650810420173458,1783858753.113304,140.0,25.0,185.0,1783858753.1123824,28083.537109375,nan,nan,52.11933135986328,nan
46.96079730987549,1783858753.1665971,BSMC,eight,optuna_t003_r01,1783858753.1462233,-0.583360057186044,0.05981039362296376,3.0305965800452794,0.03367152407462144,0.3130010760435681,1783858753.1306808,-0.5844428539276123,0.054734066128730774,3.025540055898095,1783858753.155127,-0.5828071913209235,0.06205505452127166,2.989703899737089,1783858753.1556127,-0.00030082640016426595,-0.002292087845212761,-0.0408926803081906,1783858753.156269,0.03442994276128794,0.2611800605368302,1783858753.1601267,203.0,32.0,192.0,1783858753.1614046,28083.583984375,nan,nan,47.900291442871094,nan
47.000340938568115,1783858753.2061408,BSMC,eight,optuna_t003_r01,1783858753.1960196,-0.5853451165537498,0.05885209212091516,3.0450361147238425,0.03425878130271084,0.30983404177768104,1783858753.180621,-0.5859405994415283,0.05373328551650047,3.0388138025728337,1783858753.1951497,-0.5841670914763771,0.062255621768936176,3.000598805195926,1783858753.195801,0.001072921773061456,-0.0023407870258782314,-0.029997774849353398,1783858753.1959367,0.03512392223815439,0.26263374879701346,1783858753.1601267,203.0,32.0,192.0,1783858753.1614046,28083.583984375,nan,nan,47.900291442871094,nan
47.0400972366333,1783858753.245897,BSMC,eight,optuna_t003_r01,1783858753.1960196,-0.5853451165537498,0.05885209212091516,3.0450361147238425,0.03425878130271084,0.30983404177768104,1783858753.2303882,-0.5889024138450623,0.05207871273159981,3.066561122071925,1783858753.2348502,-0.5855409383154346,0.06244299685164534,3.0114639583711793,1783858753.2351694,0.0005410964517250581,-0.00355529992791892,-0.033572156352663196,1783858753.2352576,0.03500545628471288,0.25885339057876927,1783858753.2118895,171.0,38.0,164.0,1783858753.2120922,28083.634765625,nan,nan,51.09184646606445,nan
47.08006834983826,1783858753.2858682,BSMC,eight,optuna_t003_r01,1783858753.2463927,-0.5875556513199492,0.05773227070223547,3.0645793783129935,0.03472279022466157,0.31910570509831543,1783858753.2809768,-0.5908488631248474,0.05149395763874054,3.0735317209611583,1783858753.2749481,-0.5869271952807575,0.06261677565858292,3.0222844932699204,1783858753.2754283,-0.00025079327325463905,-0.004918378634862261,-0.042294885043073105,1783858753.2758355,0.03477366520647026,0.2532301938837101,1783858753.260049,171.0,38.0,166.0,1783858753.2603712,28083.68359375,nan,nan,48.90034866333008,nan
47.12019896507263,1783858753.3259988,BSMC,eight,optuna_t003_r01,1783858753.296694,-0.5897177277114413,0.05669538781217895,3.0795304586996983,0.03497378005540126,0.3151319360636256,1783858753.2809768,-0.5908488631248474,0.05149395763874054,3.0735317209611583,1783858753.3156192,-0.5883422682087383,0.06277857783448393,3.033183553184163,1783858753.3161812,-0.0009955176020656367,-0.0061567876685024924,-0.04634690551553522,1783858753.315991,0.034571443538521034,0.24917149521979334,1783858753.310241,249.0,38.0,126.0,1783858753.3114793,28083.734375,nan,nan,50.151729583740234,nan
47.16046333312988,1783858753.3662632,BSMC,eight,optuna_t003_r01,1783858753.3467956,-0.5920274485109807,0.05572248805244933,3.093020839437236,0.03733172108310485,0.3101009452281625,1783858753.3297722,-0.5926448106765747,0.050796400755643845,3.0840764998538956,1783858753.3546786,-0.5897100782254213,0.06292024009584862,3.043579511686587,1783858753.3555639,-0.0019651668047390774,-0.007301777793674885,-0.04944132775064869,1783858753.3550496,0.03427421395363124,0.24552856570331846,1783858753.3601518,187.0,38.0,221.0,1783858753.3605137,28083.78515625,nan,nan,50.13745880126953,nan
47.200114011764526,1783858753.4059138,BSMC,eight,optuna_t003_r01,1783858753.3960447,-0.5944385135474349,0.054568986506142426,3.108774974918115,0.03827491524793113,0.31138187604764267,1783858753.3790553,-0.5957670211791992,0.049029119312763214,3.1045133021229603,1783858753.395316,-0.5911248383165817,0.06305176066650023,3.054190092969899,1783858753.395718,-0.0005456895703017051,-0.007364452804314342,-0.03883074646733675,1783858753.3958154,0.035005851316769886,0.24675439330602078,1783858753.3601518,187.0,38.0,221.0,1783858753.3605137,28083.78515625,nan,nan,50.13745880126953,nan
47.23997116088867,1783858753.445771,BSMC,eight,optuna_t003_r01,1783858753.3960447,-0.5944385135474349,0.054568986506142426,3.108774974918115,0.03827491524793113,0.31138187604764267,1783858753.4291484,-0.5978390574455261,0.04839469492435455,3.120754664830593,1783858753.435335,-0.5925326066368384,0.06316771709964764,3.0646063644775117,1783858753.4356709,-0.0016227409446480316,-0.00865663680641073,-0.044168610440603384,1783858753.4357626,0.034668341650468316,0.24222403561421862,1783858753.4111395,171.0,44.0,232.0,1783858753.41125,28083.8359375,nan,nan,50.705352783203125,nan
47.27985954284668,1783858753.4856594,BSMC,eight,optuna_t003_r01,1783858753.446386,-0.5967603369040173,0.05347588634076204,3.124758849975653,0.03823025605673927,0.31136175922507936,1783858753.4844043,-0.5996435880661011,0.0474245548248291,3.1335359960592077,1783858753.4753458,-0.5939495406343429,0.06326963346736211,3.07494929908929,1783858753.4760025,-0.00264553979230223,-0.009839673656008527,-0.04980955088636296,1783858753.476157,0.03435462790977753,0.23758476034781184,1783858753.4627266,218.0,44.0,207.0,1783858753.4635148,28083.88671875,nan,nan,51.207977294921875,nan
47.3200147151947,1783858753.5258145,BSMC,eight,optuna_t003_r01,1783858753.4965615,-0.599035477380642,0.05236850032086483,3.138934040554229,0.039192857273698464,0.3076620182477171,1783858753.4844043,-0.5996435880661011,0.0474245548248291,3.1335359960592077,1783858753.5148053,-0.5953527525704613,0.06335615270575179,3.085054270737463,1783858753.5154173,-0.0036534999135797923,-0.010997404481972332,-0.05387976981676612,1783858753.5155165,0.034049538285985545,0.23351364581996203,1783858753.5115018,140.0,32.0,232.0,1783858753.511891,28083.935546875,nan,nan,48.90884017944336,nan
47.36024570465088,1783858753.5660455,BSMC,eight,optuna_t003_r01,1783858753.5467274,-0.6008343155364214,0.0512765511233617,-3.1322890241514934,0.037443827284073486,0.2975559097450855,1783858753.531541,-0.6005538702011108,0.04647544026374817,-3.1409166682579936,1783858753.5549421,-0.5967885855258249,0.06343005873928481,3.095254073124535,1783858753.555532,-0.004158625017719557,-0.01211534220114889,-0.05564220990355853,1783858753.5553496,0.033963817703482224,0.23019568653487532,1783858753.5623107,140.0,25.0,221.0,1783858753.5626678,28083.986328125,nan,nan,50.99103546142578,nan
47.40004754066467,1783858753.6058474,BSMC,eight,optuna_t003_r01,1783858753.596054,-0.6029323975962128,0.049997668788947874,-3.1160982228660163,0.03559469050014963,0.3000723401944035,1783858753.5836723,-0.6044217944145203,0.04451793432235718,-3.1165583618340693,1783858753.5951264,-0.5982222725733405,0.06348931066223501,3.105299173929456,1783858753.5954812,-0.00272555126793668,-0.012187929860364736,-0.04559710909863692,1783858753.5955777,0.034713449714759356,0.23121931319354355,1783858753.5623107,140.0,25.0,221.0,1783858753.5626678,28083.986328125,nan,nan,50.99103546142578,nan
47.440083265304565,1783858753.645883,BSMC,eight,optuna_t003_r01,1783858753.596054,-0.6029323975962128,0.049997668788947874,-3.1160982228660163,0.03559469050014963,0.3000723401944035,1783858753.6298203,-0.6060181260108948,0.0432482473552227,-3.102777382125504,1783858753.6350098,-0.5996560405856631,0.0635342427876987,3.1152074330566735,1783858753.6354375,-0.0036203621724934477,-0.013448655271967275,-0.05187965125689711,1783858753.635575,0.034459871571651646,0.22630584823307298,1783858753.6109648,195.0,19.0,167.0,1783858753.6112826,28084.03515625,nan,nan,48.843536376953125,nan
47.48031806945801,1783858753.686118,BSMC,eight,optuna_t003_r01,1783858753.6468408,-0.6050616365088135,0.048712221888046824,-3.0997857760243965,0.03522074973030038,0.3027395400885334,1783858753.6814115,-0.6075930595397949,0.042195651680231094,-3.0891099480890705,1783858753.67567,-0.6011085946307319,0.06356536693202353,3.1251074150125535,1783858753.6762688,-0.0045703705321166535,-0.014674950459420185,-0.05829211614263688,1783858753.6771047,0.03418458433957366,0.22132044440106557,1783858753.6644504,171.0,25.0,248.0,1783858753.6649036,28084.087890625,nan,nan,53.39580154418945,nan
47.520840644836426,1783858753.7266405,BSMC,eight,optuna_t003_r01,1783858753.6960015,-0.606996735659275,0.04744320252221984,-3.08498123026376,0.03473265392235721,0.3022597430931619,1783858753.6814115,-0.6075930595397949,0.042195651680231094,-3.0891099480890705,1783858753.714872,-0.6025440518151959,0.06358209048834845,3.134756337312576,1783858753.7151666,-0.005358708130583047,-0.015861095339534326,-0.06344773960325002,1783858753.7152467,0.0339781510789384,0.2168149836243255,1783858753.711351,132.0,44.0,297.0,1783858753.711717,28084.134765625,nan,nan,46.86086654663086,nan
47.56005883216858,1783858753.7658587,BSMC,eight,optuna_t003_r01,1783858753.746059,-0.6088774042148656,0.04614581334854597,-3.070209274492539,0.03377583211223539,0.29952687908085945,1783858753.7321057,-0.609490156173706,0.040906284004449844,-3.073900470375302,1783858753.7550118,-0.6039988310058327,0.06358500431853187,-3.1387845458396018,1783858753.7553506,-0.006109960316495164,-0.01704682501741556,-0.06857527134706265,1783858753.7554293,0.033789391506450155,0.2122902861809252,1783858753.711351,132.0,44.0,297.0,1783858753.711717,28084.134765625,nan,nan,46.86086654663086,nan
47.60058856010437,1783858753.8063884,BSMC,eight,optuna_t003_r01,1783858753.796044,-0.6112460027033882,0.04462899836369192,-3.0511108540242637,0.03456445065064582,0.30840441810197333,1783858753.780478,-0.6131635308265686,0.03858792409300804,-3.0483309677128556,1783858753.795357,-0.605463679381973,0.06357386006799781,-3.1292079273820357,1783858753.7960482,-0.00464804764804323,-0.017140186193610133,-0.05899865288949657,1783858753.7968931,0.034564893201222247,0.21316506899499266,1783858753.7693372,171.0,51.0,236.0,1783858753.7696443,28084.193359375,nan,nan,58.018898010253906,nan
47.64017915725708,1783858753.845979,BSMC,eight,optuna_t003_r01,1783858753.796044,-0.6112460027033882,0.04462899836369192,-3.0511108540242637,0.03456445065064582,0.30840441810197333,1783858753.8307407,-0.6148629784584045,0.037761107087135315,-3.0372728379434526,1783858753.834973,-0.6069199935767026,0.06354896885306369,-3.119818817060693,1783858753.8353171,-0.006017890822486713,-0.018451683617802916,-0.06870796303642912,1783858753.8354292,0.034109020572814924,0.20701350897015897,1783858753.8121183,218.0,57.0,228.0,1783858753.81313,28084.236328125,nan,nan,42.83164978027344,nan
47.6801073551178,1783858753.8859072,BSMC,eight,optuna_t003_r01,1783858753.8460178,-0.6136661521046525,0.043200111394929824,-3.0346779778095185,0.036940022188206856,0.3103513752094566,1783858753.8819396,-0.6162405014038086,0.0365169383585453,-3.022692190390305,1783858753.8750865,-0.6084018914465446,0.06350969558199962,-3.1103973779091683,1783858753.8756888,-0.007401460287604279,-0.019631862767939143,-0.07571940009964973,1783858753.87668,0.03365496324748252,0.20180383340548722,1783858753.8694143,140.0,51.0,273.0,1783858753.8698137,28084.29296875,nan,nan,57.20783615112305,nan
47.72064971923828,1783858753.9264495,BSMC,eight,optuna_t003_r01,1783858753.896441,-0.6157506669629328,0.04178415147483379,-3.019097449122829,0.036781268920510514,0.30805807781873956,1783858753.8819396,-0.6162405014038086,0.0365169383585453,-3.022692190390305,1783858753.9154162,-0.6098944707872127,0.06345611173498691,-3.101040992423269,1783858753.9159017,-0.008460391914422941,-0.020794005478034814,-0.08194354330044007,1783858753.9159892,0.03333944423035416,0.1968667960766854,1783858753.9121616,109.0,38.0,265.0,1783858753.914565,28084.3359375,nan,nan,42.8611946105957,nan
47.76092219352722,1783858753.966722,BSMC,eight,optuna_t003_r01,1783858753.9464002,-0.6175432119684762,0.040460862957703195,-3.0064355199467374,0.03471639883865209,0.29822584691185844,1783858753.9294775,-0.6178441047668457,0.035545606166124344,-3.014321596612122,1783858753.9555662,-0.611373813763787,0.06338929678737179,-3.0918970095614684,1783858753.9558837,-0.009202649393075153,-0.021888028605556217,-0.08546148961473099,1783858753.9559672,0.033163402564308164,0.19293831404871697,1783858753.9623446,171.0,44.0,300.0,1783858753.962502,28084.38671875,nan,nan,50.040016174316406,nan
47.80019950866699,1783858754.0059993,BSMC,eight,optuna_t003_r01,1783858753.9959056,-0.6195073008302541,0.038973711929234975,-2.990670375527391,0.034559048916268716,0.29891168765500403,1783858753.9806416,-0.6201051473617554,0.033543188124895096,-2.9928067291219134,1783858753.9951744,-0.6128442113892196,0.06330954088482485,-3.082933805303001,1783858753.9955225,-0.007734914753665667,-0.02200713028122283,-0.07649828535626346,1783858753.9956086,0.03395138692454567,0.19368786773188226,1783858753.9623446,171.0,44.0,300.0,1783858753.962502,28084.38671875,nan,nan,50.040016174316406,nan
47.84087038040161,1783858754.0466702,BSMC,eight,optuna_t003_r01,1783858753.9959056,-0.6195073008302541,0.038973711929234975,-2.990670375527391,0.034559048916268716,0.29891168765500403,1783858754.0291882,-0.621540904045105,0.03220290318131447,-2.9787446630283414,1783858754.036193,-0.6143792087660349,0.06321227131054521,-3.073707933951161,1783858754.0365214,-0.008714067366710758,-0.02319202705734962,-0.08303755842376992,1783858754.0366728,0.033674721712296615,0.18860855046312827,1783858754.0121565,187.0,64.0,300.0,1783858754.0131657,28084.435546875,nan,nan,49.94807052612305,nan
47.88014221191406,1783858754.085942,BSMC,eight,optuna_t003_r01,1783858754.0460222,-0.6215153264978551,0.03747267227173126,-2.9753288254228387,0.0358761271507431,0.29833379456491266,1783858754.0830746,-0.6228424906730652,0.031240073963999748,-2.9690207931302175,1783858754.0750606,-0.6158417968825066,0.06310644568541532,-3.065039659192938,1783858754.0754752,-0.009837651882376935,-0.02434132048927292,-0.08971083377009936,1783858754.0759141,0.03332879372491034,0.18361824911687252,1783858754.0632088,124.0,64.0,337.0,1783858754.0642357,28084.486328125,nan,nan,50.94814682006836,nan
47.92011213302612,1783858754.125912,BSMC,eight,optuna_t003_r01,1783858754.0965433,-0.6232634700590618,0.03606012987786945,-2.9626512729458954,0.035436049751817744,0.2893487039616764,1783858754.0830746,-0.6228424906730652,0.031240073963999748,-2.9690207931302175,1783858754.1149418,-0.6173308620909415,0.06298569297620246,-3.056334943376362,1783858754.115256,-0.010630306008813553,-0.0254397008556449,-0.09368367043046667,1783858754.1153636,0.03313265576553553,0.17957729932865762,1783858754.0632088,124.0,64.0,337.0,1783858754.0642357,28084.486328125,nan,nan,50.94814682006836,nan
47.9597601890564,1783858754.16556,BSMC,eight,optuna_t003_r01,1783858754.1458828,-0.6248613403173251,0.034744501985828936,-2.9514709762668034,0.03360221657233732,0.277636510869182,1783858754.1311727,-0.6245306134223938,0.030255088582634926,-2.9592239158681406,1783858754.1551616,-0.6188525974840444,0.0628488954101693,-3.0475625471253274,1783858754.1555965,-0.011211595560986772,-0.02646246483537521,-0.09609157085852393,1783858754.1557572,0.03303399173993963,0.17607994449185344,1783858754.165083,179.0,51.0,248.0,1783858754.1653883,28084.58984375,nan,nan,24.43082046508789,nan
48.000245809555054,1783858754.2060456,BSMC,eight,optuna_t003_r01,1783858754.1968064,-0.6265515491117124,0.033483337051075604,-2.941548629698427,0.03398051264791051,0.26539168729796997,1783858754.1801498,-0.6258400678634644,0.029434803873300552,-2.9520537783018055,1783858754.195481,-0.6203638575161886,0.06269980303889841,-3.038971597719816,1783858754.1958303,-0.009699391313588908,-0.026601654397050985,-0.0875006214530125,1783858754.1959085,0.03385068794429928,0.17676574954311836,1783858754.165083,179.0,51.0,248.0,1783858754.1653883,28084.58984375,nan,nan,24.43082046508789,nan
48.041038036346436,1783858754.2468379,BSMC,eight,optuna_t003_r01,1783858754.1968064,-0.6265515491117124,0.033483337051075604,-2.941548629698427,0.03398051264791051,0.26539168729796997,1783858754.2300344,-0.6292461156845093,0.027382666245102882,-2.933478837367913,1783858754.2356806,-0.6218694681117852,0.06253831052882158,-3.030530465183893,1783858754.236631,-0.01036229589531909,-0.02754516636472277,-0.08898183548546612,1783858754.2371104,0.03372088791423179,0.17369605698309393,1783858754.2127008,140.0,57.0,338.0,1783858754.2130854,28084.63671875,nan,nan,47.65113067626953,nan
48.08077073097229,1783858754.2865705,BSMC,eight,optuna_t003_r01,1783858754.2468605,-0.6285656269518234,0.032049778041368375,-2.9288982976140483,0.034277661353966926,0.2618997708289635,1783858754.2798262,-0.6305878758430481,0.026506705209612846,-2.9207182091810915,1783858754.275891,-0.6234027967475323,0.06236071179189702,-3.0220523732351654,1783858754.275969,-0.011444954887150468,-0.028538054036292795,-0.0931540756211171,1783858754.2760444,0.033408789633490706,0.16962186671015533,1783858754.2663023,117.0,57.0,360.0,1783858754.2666478,28084.689453125,nan,nan,53.54364776611328,nan
48.12026333808899,1783858754.3260632,BSMC,eight,optuna_t003_r01,1783858754.2961333,-0.6303349773173246,0.03072216793013575,-2.916644038953032,0.03354178717130048,0.257599711467336,1783858754.2798262,-0.6305878758430481,0.026506705209612846,-2.9207182091810915,1783858754.3158724,-0.6249270223413231,0.06217118764388693,-3.013740784589312,1783858754.315947,-0.012286605719497402,-0.029450401319370552,-0.0970967456362799,1783858754.3160303,0.033197153262111145,0.1656815556003002,1783858754.3134706,156.0,64.0,369.0,1783858754.3138561,28084.73828125,nan,nan,47.09252166748047,nan
48.16056513786316,1783858754.366365,BSMC,eight,optuna_t003_r01,1783858754.3461795,-0.6320443215827815,0.029426152925073532,-2.907802680562843,0.033899825482634434,0.24524151352934698,1783858754.3325927,-0.6316984295845032,0.025508806109428406,-2.9166511858352306,1783858754.3557196,-0.6264623072526855,0.06196735930022358,-3.005483683388203,1783858754.356078,-0.012968850364385076,-0.030362771885282355,-0.09768100282535963,1783858754.356182,0.033065874491252686,0.16296805365149128,1783858754.3134706,156.0,64.0,369.0,1783858754.3138561,28084.73828125,nan,nan,47.09252166748047,nan
48.20006251335144,1783858754.4058623,BSMC,eight,optuna_t003_r01,1783858754.396649,-0.6341508328840488,0.02792146286680297,-2.8951100136653327,0.03542699353526507,0.24393429894992397,1783858754.3817496,-0.6347422003746033,0.02339031547307968,-2.897204891032348,1783858754.3952258,-0.6279858718739948,0.061752406878142804,-2.997401264755727,1783858754.3956246,-0.011436936568489821,-0.030506625355902903,-0.0895985841928839,1783858754.395717,0.033893020244892075,0.16361697369041914,1783858754.370498,156.0,83.0,337.0,1783858754.3706646,28084.794921875,nan,nan,56.801918029785156,nan
48.240416526794434,1783858754.4462163,BSMC,eight,optuna_t003_r01,1783858754.396649,-0.6341508328840488,0.02792146286680297,-2.8951100136653327,0.03542699353526507,0.24393429894992397,1783858754.4303296,-0.6359503865242004,0.02251230739057064,-2.889703636870747,1783858754.4351702,-0.6295286326829801,0.06152202106939013,-2.989328083976888,1783858754.4355767,-0.012680850535239187,-0.031457245205629994,-0.09421807031155538,1783858754.435806,0.033513229228884445,0.15947028814013495,1783858754.4134934,140.0,76.0,293.0,1783858754.4138253,28084.837890625,nan,nan,43.271827697753906,nan
48.280502796173096,1783858754.4863026,BSMC,eight,optuna_t003_r01,1783858754.4463613,-0.6360427836173177,0.02653255313073459,-2.884499917127572,0.03600771348353428,0.23773809451208505,1783858754.481084,-0.637310802936554,0.021532440558075905,-2.884793609032149,1783858754.4761376,-0.6310695649352416,0.06127926922733737,-2.9813737994492993,1783858754.476211,-0.013644810054943468,-0.032340166080621464,-0.09687388232172721,1783858754.4762876,0.03325719379646527,0.1560812224720417,1783858754.4717083,140.0,70.0,274.0,1783858754.472064,28084.89453125,nan,nan,58.02378463745117,nan
48.32021427154541,1783858754.526014,BSMC,eight,optuna_t003_r01,1783858754.4960842,-0.6377939025967824,0.025216806265219934,-2.876383250349745,0.0360106175413021,0.22607462729295832,1783858754.481084,-0.637310802936554,0.021532440558075905,-2.884793609032149,1783858754.5148818,-0.6326246800441531,0.06102161827522498,-2.973454823510808,1783858754.5166347,-0.01437334213112604,-0.0331980791741331,-0.09707157316106275,1783858754.515249,0.03311041908596814,0.15360487095158215,1783858754.5137625,187.0,70.0,251.0,1783858754.5141275,28084.9375,nan,nan,42.24927520751953,nan
48.360336780548096,1783858754.5661366,BSMC,eight,optuna_t003_r01,1783858754.546337,-0.6395729347169028,0.023943786446063087,-2.8677137300161784,0.037145951996622864,0.21845078167789148,1783858754.5303001,-0.6385852098464966,0.020695140585303307,-2.875123163064527,1783858754.5549111,-0.6341688339621532,0.060753331742354366,-2.965697321585922,1783858754.5554857,-0.015158481873954816,-0.033975982063278,-0.09798359156974358,1783858754.5552893,0.03293600554611875,0.1509265284771531,1783858754.5641093,203.0,64.0,290.0,1783858754.5644476,28084.98828125,nan,nan,50.39268112182617,nan
48.40058636665344,1783858754.6063862,BSMC,eight,optuna_t003_r01,1783858754.5962586,-0.6415934485818442,0.022420950243547347,-2.8554187467935055,0.03895960879383241,0.22240982662312853,1783858754.5832205,-0.6412227749824524,0.01838184893131256,-2.8560672229590565,1783858754.5952697,-0.6357413198996711,0.06046750885168582,-2.9579034395365666,1783858754.5957263,-0.013567298139547837,-0.03412611890712508,-0.0901897095203883,1783858754.5958269,0.03379276078505118,0.15157858207266528,1783858754.5641093,203.0,64.0,290.0,1783858754.5644476,28084.98828125,nan,nan,50.39268112182617,nan
48.44035601615906,1783858754.6461558,BSMC,eight,optuna_t003_r01,1783858754.5962586,-0.6415934485818442,0.022420950243547347,-2.8554187467935055,0.03895960879383241,0.22240982662312853,1783858754.6335068,-0.6426275968551636,0.017349600791931152,-2.8505386609507535,1783858754.6355162,-0.6372865723170482,0.06017436722214657,-2.9503465250371463,1783858754.6351168,-0.01478889806031703,-0.035002259511091545,-0.09492777824364085,1783858754.6355937,0.0334214940586365,0.14752677839424558,1783858754.6139672,109.0,51.0,359.0,1783858754.6143064,28085.037109375,nan,nan,49.936485290527344,nan
48.48004364967346,1783858754.6858435,BSMC,eight,optuna_t003_r01,1783858754.6462965,-0.6432518160106409,0.021045373758485437,-2.8458778305671535,0.037319505633269724,0.21709063363908357,1783858754.6335068,-0.6426275968551636,0.017349600791931152,-2.8505386609507535,1783858754.6748033,-0.6388469183858473,0.0598661502838284,-2.942816224381405,1783858754.6751907,-0.015526994056096963,-0.0358520329785838,-0.09693839381425162,1783858754.6752768,0.03326385821692977,0.14449352982666178,1783858754.6660426,85.0,44.0,356.0,1783858754.666477,28085.08984375,nan,nan,52.04231643676758,nan
48.52052855491638,1783858754.7263284,BSMC,eight,optuna_t003_r01,1783858754.696361,-0.6445904453905359,0.019843186196573513,-2.8384331776599327,0.033998994304086795,0.20603201255772308,1783858754.685026,-0.6438177227973938,0.016606179997324944,-2.845165481478928,1783858754.7149053,-0.6404182386270684,0.05954349129261931,-2.935332793250471,1783858754.7151976,-0.015833959457996174,-0.03664433464914839,-0.09689961559053817,1783858754.7152672,0.03329558008730336,0.14224612223422664,1783858754.7144911,156.0,57.0,304.0,1783858754.7150006,28085.138671875,nan,nan,48.42470932006836,nan
48.55995178222656,1783858754.7657516,BSMC,eight,optuna_t003_r01,1783858754.7460117,-0.6460534053267764,0.018682870923480522,-2.8326224237218613,0.03335478452940584,0.1937502850172704,1783858754.7330039,-0.6452944278717041,0.015780264511704445,-2.841710395411301,1783858754.7549474,-0.6419889181805774,0.05920877832864606,-2.927950399396371,1783858754.7555077,-0.01619505069004564,-0.037370972156481566,-0.09532797567450979,1783858754.755636,0.03331017696784111,0.14061488411516573,1783858754.7652493,195.0,70.0,283.0,1783858754.7655795,28085.189453125,nan,nan,50.75740051269531,nan
48.60119342803955,1783858754.8069932,BSMC,eight,optuna_t003_r01,1783858754.7961578,-0.648026026703712,0.017340522907511494,-2.825467026650263,0.03537109828802899,0.18752517641897393,1783858754.7836413,-0.6482495665550232,0.014106301590800285,-2.8317619936393643,1783858754.7961428,-0.6436104113713699,0.05885058459650114,-2.9204297175767855,1783858754.797027,-0.014541420975111045,-0.037522799964934926,-0.08780729385492414,1783858754.7970955,0.034195649038574145,0.14129152991491886,1783858754.7652493,195.0,70.0,283.0,1783858754.7655795,28085.189453125,nan,nan,50.75740051269531,nan
48.640021324157715,1783858754.8458211,BSMC,eight,optuna_t003_r01,1783858754.7961578,-0.648026026703712,0.017340522907511494,-2.825467026650263,0.03537109828802899,0.18752517641897393,1783858754.8305628,-0.6498536467552185,0.01315777562558651,-2.8227193468080087,1783858754.8347015,-0.6451495120442087,0.05849881739989235,-2.913383627454941,1783858754.834978,-0.01552953365032338,-0.03822450950256079,-0.08791660080467789,1783858754.8350623,0.03393719159363726,0.13914880572973135,1783858754.8145883,124.0,64.0,339.0,1783858754.815832,28085.23828125,nan,nan,49.27528381347656,nan
48.68013262748718,1783858754.8859324,BSMC,eight,optuna_t003_r01,1783858754.8459945,-0.6498358253515624,0.016093292048030835,-2.817707306758341,0.03534208345235561,0.18276957198103083,1783858754.8305628,-0.6498536467552185,0.01315777562558651,-2.8227193468080087,1783858754.874775,-0.6467287235289146,0.05812607790340879,-2.906245456254395,1783858754.8763626,-0.016322581523249786,-0.03885849329190758,-0.08853814949605399,1783858754.8757079,0.03376225889751539,0.13680675797177388,1783858754.8662448,93.0,51.0,372.0,1783858754.8666394,28085.291015625,nan,nan,51.655757904052734,nan
48.72066378593445,1783858754.9264636,BSMC,eight,optuna_t003_r01,1783858754.8964465,-0.6514200925024802,0.014896726748916435,-2.8103967128761376,0.03342405183601188,0.17627799160172505,1783858754.8856568,-0.6514545679092407,0.011988520622253418,-2.814516219430096,1783858754.9151146,-0.6483179919258776,0.05773900671911669,-2.8991534087634054,1783858754.9152057,-0.016864718637529773,-0.03950525593271529,-0.08875669588726787,1783858754.9166877,0.033694426693696516,0.1346309970887829,1783858754.9154954,156.0,51.0,303.0,1783858754.9159343,28085.337890625,nan,nan,48.6765022277832,nan
48.76023602485657,1783858754.9660358,BSMC,eight,optuna_t003_r01,1783858754.946325,-0.6530620140963601,0.013630151269716213,-2.8020125596540986,0.03320899006686855,0.17502532848924005,1783858754.931882,-0.6529316306114197,0.01056560780853033,-2.804961924919238,1783858754.9546885,-0.6499026735152162,0.05734121952246722,-2.8921712924690155,1783858754.9550028,-0.017538697153665277,-0.040162582372854624,-0.09015873281491693,1783858754.9550853,0.03356598439988946,0.1320428356726977,1783858754.965131,156.0,57.0,413.0,1783858754.9159343,28085.337890625,nan,nan,48.6765022277832,nan
48.800305128097534,1783858755.006105,BSMC,eight,optuna_t003_r01,1783858754.9963694,-0.6549603992615515,0.012103948950253369,-2.7905044819960265,0.03393258147532829,0.18227836164198172,1783858754.9851594,-0.655607283115387,0.008179434575140476,-2.7879311451332183,1783858754.9953642,-0.6515144741453559,0.05692461490001119,-2.88515929184095,1783858754.9957886,-0.015880171686718698,-0.040306644714429234,-0.08314673218685131,1783858754.995886,0.03444730588836163,0.1327360946380877,1783858754.965131,156.0,57.0,413.0,1783858754.9663153,28085.388671875,nan,nan,50.12340545654297,nan
48.84025740623474,1783858755.0460572,BSMC,eight,optuna_t003_r01,1783858754.9963694,-0.6549603992615515,0.012103948950253369,-2.7905044819960265,0.03393258147532829,0.18227836164198172,1783858755.0318651,-0.656599760055542,0.007302055601030588,-2.7833562204829057,1783858755.0348768,-0.6531004574061426,0.05650296703170671,-2.8783458434452576,1783858755.0352876,-0.017016185138289466,-0.04105096385765113,-0.08784136144923105,1783858755.035403,0.03411277867492384,0.12894477838948634,1783858755.015113,109.0,64.0,435.0,1783858755.015452,28085.439453125,nan,nan,50.18806457519531,nan
48.88004970550537,1783858755.0858495,BSMC,eight,optuna_t003_r01,1783858755.0464072,-0.656610741838318,0.010723784576951077,-2.781372712958088,0.03332826067336338,0.18103980998932642,1783858755.082407,-0.6575485467910767,0.006767960265278816,-2.779260667810713,1783858755.0752664,-0.6547003055858434,0.056065962401430136,-2.8715575496228833,1783858755.0748675,-0.017770037012244604,-0.041758695395389296,-0.09018483666479549,1783858755.0753531,0.03394698898464264,0.1260601041924944,1783858755.0659938,46.0,51.0,370.0,1783858755.0663161,28085.490234375,nan,nan,50.84965515136719,nan
48.920156955718994,1783858755.1259568,BSMC,eight,optuna_t003_r01,1783858755.0959613,-0.6578570104207482,0.009590348294128108,-2.7745357370095856,0.03015403180497936,0.17258900051323173,1783858755.082407,-0.6575485467910767,0.006767960265278816,-2.779260667810713,1783858755.1159747,-0.6563442401418128,0.055604811240179186,-2.8646688199569743,1783858755.116312,-0.017925209114994168,-0.04240643998632835,-0.09013308294738875,1783858755.116399,0.03404453806467896,0.12407580817578207,1783858755.1180453,109.0,38.0,262.0,1783858755.1190968,28085.54296875,nan,nan,52.138301849365234,nan
48.95999622344971,1783858755.165796,BSMC,eight,optuna_t003_r01,1783858755.1465962,-0.659094107023597,0.00847614273125683,-2.766028518656163,0.028305556296465473,0.17042313774172912,1783858755.1328053,-0.6587017774581909,0.005827818997204304,-2.7680790870501024,1783858755.1551173,-0.6579263985071974,0.055149502162714664,-2.8581199871193865,1783858755.1554906,-0.01820598723305762,-0.042991953347889064,-0.09209146846322369,1783858755.1559753,0.0340749403197581,0.12143821080470649,1783858755.1180453,109.0,38.0,262.0,1783858755.1190968,28085.54296875,nan,nan,52.138301849365234,nan
49.00003266334534,1783858755.2058325,BSMC,eight,optuna_t003_r01,1783858755.1961465,-0.6606331842175178,0.007241502897131312,-2.7584995766316838,0.030544600872017425,0.16893938366455308,1783858755.1811745,-0.6601630449295044,0.00463029695674777,-2.762658595488454,1783858755.1951363,-0.6595349100297809,0.05467515536603092,-2.8515416861399236,1783858755.195741,-0.016535598428656165,-0.04314066596987696,-0.08551316748376081,1783858755.1960497,0.034956777015586145,0.12215054479619086,1783858755.166325,203.0,57.0,291.0,1783858755.1665957,28085.58984375,nan,nan,48.19140625,nan
49.04001474380493,1783858755.2458146,BSMC,eight,optuna_t003_r01,1783858755.1961465,-0.6606331842175178,0.007241502897131312,-2.7584995766316838,0.030544600872017425,0.16893938366455308,1783858755.2303214,-0.6627755761146545,0.0022549829445779324,-2.750333037980653,1783858755.2346694,-0.6611379741835214,0.05419101812307765,-2.8450637081714167,1783858755.2350001,-0.017081112749467553,-0.043734967475706696,-0.08656413153973297,1783858755.2353628,0.03488038705798767,0.11989555440283435,1783858755.2161212,156.0,89.0,343.0,1783858755.2164712,28085.640625,nan,nan,49.82278823852539,nan
49.08042073249817,1783858755.2862206,BSMC,eight,optuna_t003_r01,1783858755.2460287,-0.6625263633820976,0.005718191419333672,-2.749253191395668,0.03333182199706843,0.1708849025726068,1783858755.2811222,-0.6636170744895935,0.0013331979280337691,-2.742006806857183,1783858755.275885,-0.662759050061636,0.05368996355557805,-2.8385903514705695,1783858755.2763858,-0.018127056375519694,-0.04441570546711284,-0.08933716007490135,1783858755.2759967,0.034588636549241686,0.11697033640256391,1783858755.2661138,156.0,96.0,318.0,1783858755.266447,28085.689453125,nan,nan,49.9827766418457,nan
49.120102405548096,1783858755.3259022,BSMC,eight,optuna_t003_r01,1783858755.2960243,-0.6642769388351003,0.004265783114802687,-2.7403846723396468,0.03564184122968963,0.17089475280286845,1783858755.2811222,-0.6636170744895935,0.0013331979280337691,-2.742006806857183,1783858755.3152957,-0.6643838254592652,0.05317627486890747,-2.83217851671276,1783858755.3155892,-0.0190026489696832,-0.04506824780833813,-0.09179384437311322,1783858755.315672,0.034368543833606595,0.11419404844255636,1783858755.3164947,203.0,83.0,312.0,1783858755.316773,28085.740234375,nan,nan,50.55574417114258,nan
49.1600022315979,1783858755.365802,BSMC,eight,optuna_t003_r01,1783858755.3465176,-0.6660511862201961,0.002838691502157721,-2.733069200545291,0.03834262148876766,0.16809756612763835,1783858755.330768,-0.66480553150177,0.0003722130786627531,-2.7378010709621288,1783858755.3549082,-0.6659982194693775,0.05265456199320037,-2.8258815370968233,1783858755.3551898,-0.019838197814411655,-0.04569540092540275,-0.09281233655153232,1783858755.3552637,0.03416869144084721,0.11201362883633796,1783858755.3164947,203.0,83.0,312.0,1783858755.316773,28085.740234375,nan,nan,50.55574417114258,nan
49.20020818710327,1783858755.406008,BSMC,eight,optuna_t003_r01,1783858755.3959773,-0.6679083587474887,0.0012927419841976425,-2.7235497354118494,0.03958151334682805,0.17168614907407231,1783858755.3790693,-0.6671914458274841,-0.0016601360403001308,-2.7245302380751406,1783858755.3956938,-0.6676404478189019,0.052112377747857916,-2.8195497785757806,1783858755.396125,-0.01811572583098825,-0.045850216861922144,-0.08648057803048959,1783858755.3965628,0.035070750840412744,0.11277042000885143,1783858755.366265,171.0,70.0,380.0,1783858755.3663418,28085.791015625,nan,nan,49.39908981323242,nan
49.2400107383728,1783858755.4458106,BSMC,eight,optuna_t003_r01,1783858755.3959773,-0.6679083587474887,0.0012927419841976425,-2.7235497354118494,0.03958151334682805,0.17168614907407231,1783858755.435077,-0.6680036783218384,-0.0023871115408837795,-2.719699222829126,1783858755.4352396,-0.6692468562775098,0.05157090287900376,-2.8134264369546464,1783858755.4366007,-0.0191883268031837,-0.04649186114898076,-0.08987670154279703,1783858755.437538,0.03476002698299643,0.10973473557582365,1783858755.4161794,93.0,57.0,401.0,1783858755.4201725,28085.83984375,nan,nan,50.09627914428711,nan
49.28002619743347,1783858755.485826,BSMC,eight,optuna_t003_r01,1783858755.4463294,-0.669266742426385,4.478113107356089e-06,-2.7163038749376143,0.03719845983281154,0.1669863272826842,1783858755.4835215,-0.668662965297699,-0.002815898973494768,-2.7192221441481155,1783858755.475209,-0.6708721685262329,0.05101194718378843,-2.8073001303418987,1783858755.4775956,-0.019582443983597438,-0.04712607751115966,-0.09099625540428447,1783858755.477733,0.03474281721402187,0.10758836930103152,1783858755.4672146,78.0,57.0,360.0,1783858755.4675453,28085.890625,nan,nan,50.90726852416992,nan
49.32031297683716,1783858755.5261128,BSMC,eight,optuna_t003_r01,1783858755.496908,-0.6703261523377442,-0.0010451790038321772,-2.7117615784670557,0.03371342925262365,0.1549720604355851,1783858755.4835215,-0.668662965297699,-0.002815898973494768,-2.7192221441481155,1783858755.5152466,-0.6725006147586571,0.05044078534112546,-2.801230058028862,1783858755.5158963,-0.019478424490807757,-0.04770873914395676,-0.08946847956180637,1783858755.5165641,0.03494387073405326,0.1065056748231163,1783858755.517598,164.0,70.0,314.0,1783858755.5181057,28085.94140625,nan,nan,50.32454299926758,nan
49.36010670661926,1783858755.5659065,BSMC,eight,optuna_t003_r01,1783858755.545998,-0.6715111261758187,-0.002093606571860261,-2.7069841926960487,0.03353944255218575,0.14741162894888846,1783858755.5320528,-0.6698305606842041,-0.0035828729160130024,-2.7133511216132042,1783858755.556786,-0.674170274917307,0.04984368190154945,-2.795075376427042,1783858755.5562751,-0.019456529364344218,-0.04822858562195191,-0.08809118373099345,1783858755.556912,0.03511254814822012,0.10536974302868347,1783858755.517598,164.0,70.0,314.0,1783858755.5181057,28085.94140625,nan,nan,50.32454299926758,nan
49.40002202987671,1783858755.6058218,BSMC,eight,optuna_t003_r01,1783858755.5963426,-0.6732335524229881,-0.0035835874455047386,-2.697087584765519,0.035773314816411446,0.15435632802167995,1783858755.5817525,-0.6725960969924927,-0.006295330822467804,-2.69533633382832,1783858755.5954535,-0.67578002268768,0.04925706632152746,-2.789206109913856,1783858755.5959287,-0.017749434245923533,-0.04837429759678504,-0.08222191721780714,1783858755.5960712,0.03599723665212076,0.10615211061175389,1783858755.5689132,187.0,83.0,393.0,1783858755.569245,28085.9921875,nan,nan,51.544410705566406,nan
49.440101861953735,1783858755.6459017,BSMC,eight,optuna_t003_r01,1783858755.5963426,-0.6732335524229881,-0.0035835874455047386,-2.697087584765519,0.035773314816411446,0.15435632802167995,1783858755.6313007,-0.6746945381164551,-0.007800341118127108,-2.690609167865577,1783858755.635223,-0.677415103321629,0.04865029735865077,-2.7833077944096853,1783858755.6358616,-0.018685947284483185,-0.04895609730905057,-0.08622020964416645,1783858755.6356149,0.03573882260863951,0.10299531524227921,1783858755.617137,101.0,83.0,402.0,1783858755.617439,28086.041015625,nan,nan,48.17870330810547,nan
49.48031663894653,1783858755.6861165,BSMC,eight,optuna_t003_r01,1783858755.6462526,-0.6749065806963855,-0.005034367201017254,-2.68926414604078,0.03567144211968827,0.15328071484597577,1783858755.6810324,-0.6762104630470276,-0.009144488722085953,-2.6814216280556336,1783858755.6751697,-0.679056532075842,0.04803017083428697,-2.7774492060838907,1783858755.6767974,-0.019459844347897347,-0.049541717282586294,-0.08818506004311066,1783858755.676895,0.03555506181298952,0.10065072822041816,1783858755.6731904,93.0,76.0,368.0,1783858755.6733077,28086.095703125,nan,nan,54.691749572753906,nan
49.519973039627075,1783858755.7257729,BSMC,eight,optuna_t003_r01,1783858755.6961894,-0.6764357739598745,-0.006428866122886705,-2.681157660788787,0.034406757857549417,0.15226345028036023,1783858755.6810324,-0.6762104630470276,-0.009144488722085953,-2.6814216280556336,1783858755.714886,-0.680688754688757,0.04740265862501192,-2.7716841750347845,1783858755.7151968,-0.02010931116995639,-0.050115232275564026,-0.09052651424599745,1783858755.715275,0.03541965977947809,0.09819273754646357,1783858755.7170122,171.0,83.0,351.0,1783858755.717285,28086.140625,nan,nan,45.34670639038086,nan
49.56065511703491,1783858755.766455,BSMC,eight,optuna_t003_r01,1783858755.7462816,-0.6780732356664106,-0.007927057107652282,-2.6719831250753976,0.03553669872404809,0.15563022304253596,1783858755.7308233,-0.6774720549583435,-0.010642223991453648,-2.671444477026771,1783858755.7548788,-0.6823338982216609,0.04675928194863374,-2.765933245903585,1783858755.755225,-0.020948228220910158,-0.050694384888204824,-0.09395012082818743,1783858755.7553115,0.03519998118406813,0.09531965697144856,1783858755.7170122,171.0,83.0,351.0,1783858755.717285,28086.140625,nan,nan,45.34670639038086,nan
49.60013437271118,1783858755.8059342,BSMC,eight,optuna_t003_r01,1783858755.7960165,-0.680036161400438,-0.009656571094646066,-2.662961183822398,0.03799630695688301,0.15900573599848808,1783858755.7792463,-0.6799807548522949,-0.012873293831944466,-2.6634326503164396,1783858755.7954278,-0.6839880467942834,0.04610141742008217,-2.7602098028750826,1783858755.7958915,-0.019175440627533312,-0.050856302728495735,-0.08822667779968495,1783858755.7959871,0.0361112245809025,0.09615516354564502,1783858755.7671895,187.0,89.0,394.0,1783858755.7674127,28086.19140625,nan,nan,50.05636215209961,nan
49.64048433303833,1783858755.8462842,BSMC,eight,optuna_t003_r01,1783858755.7960165,-0.680036161400438,-0.009656571094646066,-2.662961183822398,0.03799630695688301,0.15900573599848808,1783858755.830115,-0.6810576915740967,-0.013850653544068336,-2.66064081028236,1783858755.8348563,-0.6856281622582168,0.045438338211362034,-2.7545918295265692,1783858755.8351257,-0.020411173781442686,-0.0514791558778347,-0.09163064570417134,1783858755.8353486,0.03572253263343745,0.09333418762759349,1783858755.8174853,109.0,89.0,453.0,1783858755.817842,28086.2421875,nan,nan,50.154170989990234,nan
49.68140745162964,1783858755.8872073,BSMC,eight,optuna_t003_r01,1783858755.8461418,-0.6816970461923018,-0.011191591471090084,-2.6564729482765816,0.03783110948725018,0.15376460424657593,1783858755.8809326,-0.6821438074111938,-0.01450983714312315,-2.65741544092694,1783858755.8757362,-0.6873100406495042,0.04474727191810231,-2.748888165181719,1783858755.8760173,-0.021119727182849234,-0.05210200828925247,-0.09241521690513732,1783858755.8761003,0.0355673288264158,0.09153771898363258,1783858755.8680172,78.0,89.0,442.0,1783858755.8683357,28086.29296875,nan,nan,50.68988037109375,nan
49.720534563064575,1783858755.9263344,BSMC,eight,optuna_t003_r01,1783858755.8965673,-0.6831073930592184,-0.012500396809802422,-2.6515821247255134,0.03596396500394222,0.14357189248257568,1783858755.8809326,-0.6821438074111938,-0.01450983714312315,-2.65741544092694,1783858755.914826,-0.6889162289671098,0.04407686588075882,-2.7434940340479077,1783858755.915161,-0.021501952095400678,-0.052653540092273715,-0.09191190932239435,1783858755.9152439,0.035546284999001435,0.09035187374104516,1783858755.9174285,140.0,89.0,400.0,1783858755.9177217,28086.341796875,nan,nan,49.47732925415039,nan
49.759918451309204,1783858755.9657183,BSMC,eight,optuna_t003_r01,1783858755.9460146,-0.6844510665517477,-0.013840974039045507,-2.6457093622552406,0.03576678517132255,0.13881142397418503,1783858755.933212,-0.6831643581390381,-0.015885954722762108,-2.648766714864073,1783858755.9549768,-0.6905725436631953,0.043374909581839496,-2.7379842551925213,1783858755.9553204,-0.02183967948817287,-0.05323681264311863,-0.09227489293728075,1783858755.9558878,0.03554319642261234,0.08880141317160396,1783858755.9174285,140.0,89.0,400.0,1783858755.9177217,28086.341796875,nan,nan,49.47732925415039,nan
49.80029368400574,1783858756.0060935,BSMC,eight,optuna_t003_r01,1783858755.9960716,-0.6862983340798403,-0.015445578028154326,-2.637413311713621,0.03737326320331716,0.14188297656110202,1783858755.98148,-0.6862428784370422,-0.018054744228720665,-2.6370486015485253,1783858755.995159,-0.6922266727585114,0.04266316182413718,-2.7325337784428636,1783858755.996198,-0.02004613646830216,-0.05339784484622836,-0.08682441618762306,1783858755.995721,0.03645506738973802,0.08968094379925215,1783858755.9676876,171.0,89.0,444.0,1783858755.9677749,28086.392578125,nan,nan,50.07465744018555,nan
49.84039282798767,1783858756.0461926,BSMC,eight,optuna_t003_r01,1783858755.9960716,-0.6862983340798403,-0.015445578028154326,-2.637413311713621,0.03737326320331716,0.14188297656110202,1783858756.031465,-0.687425971031189,-0.018976585939526558,-2.638154946699785,1783858756.0345209,-0.6938630352371913,0.04194856959688402,-2.7271916798978664,1783858756.0354602,-0.021103050113787932,-0.053907088226871215,-0.08977836818424523,1783858756.03522,0.03613582138705657,0.08718021099225017,1783858756.0182202,156.0,89.0,424.0,1783858756.0186534,28086.44140625,nan,nan,50.58871841430664,nan
49.88015961647034,1783858756.0859594,BSMC,eight,optuna_t003_r01,1783858756.046449,-0.6880364522434417,-0.01693679761919945,-2.6326108017647276,0.03844117489540651,0.13560696623424057,1783858756.080229,-0.6885227560997009,-0.01993793621659279,-2.6303568310539527,1783858756.0753717,-0.6955332127893583,0.04120850102404787,-2.721788962323488,1783858756.0769,-0.02178705080479674,-0.054427948613046555,-0.08917816055876049,1783858756.0755286,0.035988302362950864,0.0860931632235665,1783858756.0712492,62.0,89.0,453.0,1783858756.0716078,28086.49609375,nan,nan,53.031925201416016,nan
49.92025065422058,1783858756.1260505,BSMC,eight,optuna_t003_r01,1783858756.0965836,-0.6894374350029299,-0.018220516053994038,-2.627077842161967,0.036290442709734715,0.12978082514478076,1783858756.080229,-0.6885227560997009,-0.01993793621659279,-2.6303568310539527,1783858756.114885,-0.6971789642869515,0.04046871890702523,-2.7165131464724253,1783858756.115277,-0.022142462380491425,-0.05490053675232705,-0.0894353043104581,1783858756.1153862,0.03597151108475228,0.08471573773285955,1783858756.1255822,93.0,96.0,398.0,1783858756.1257722,28086.548828125,nan,nan,53.97975158691406,nan
49.959938764572144,1783858756.1657386,BSMC,eight,optuna_t003_r01,1783858756.1461208,-0.6907673692359227,-0.019513268757891205,-2.620822575927346,0.03483804915338247,0.1264775546388512,1783858756.1302986,-0.6898136138916016,-0.02135387808084488,-2.622117027094374,1783858756.154988,-0.6988418511213191,0.03971065538228112,-2.7112293877963074,1783858756.1554415,-0.022462662929781555,-0.0553904253673999,-0.0904068118689616,1783858756.1555305,0.03596638116585438,0.08305955913542588,1783858756.1255822,93.0,96.0,398.0,1783858756.1257722,28086.548828125,nan,nan,53.97975158691406,nan
50.000526905059814,1783858756.2063267,BSMC,eight,optuna_t003_r01,1783858756.1960635,-0.6924172459456185,-0.02099447370421434,-2.6156296892674904,0.03704978581459106,0.12326870038598683,1783858756.180076,-0.6915529370307922,-0.022877633571624756,-2.6191921278954284,1783858756.1955593,-0.7005208887466394,0.038934483116225715,-2.7059409359229467,1783858756.1959186,-0.020620021592962494,-0.055552547659761115,-0.08511835999560091,1783858756.196,0.03689247398902512,0.08399975214836683,1783858756.1681156,195.0,102.0,355.0,1783858756.1683593,28086.591796875,nan,nan,43.12134552001953,nan
50.04045748710632,1783858756.2462573,BSMC,eight,optuna_t003_r01,1783858756.1960635,-0.6924172459456185,-0.02099447370421434,-2.6156296892674904,0.03704978581459106,0.12326870038598683,1783858756.2359364,-0.6943774223327637,-0.025229662656784058,-2.6139890684882765,1783858756.2373278,-0.7021655078378648,0.03816379315129706,-2.7008050708292757,1783858756.2358987,-0.021269478602303517,-0.056056564533102385,-0.08517538156178528,1783858756.2374005,0.03674856046117766,0.08277022581729243,1783858756.2234013,195.0,115.0,404.0,1783858756.22379,28086.646484375,nan,nan,55.031375885009766,nan
50.08016228675842,1783858756.285962,BSMC,eight,optuna_t003_r01,1783858756.2466838,-0.6944566222184162,-0.022755748487929186,-2.6106949173791283,0.0405704938292083,0.12025854899497267,1783858756.2831545,-0.6955071091651917,-0.02600041776895523,-2.6145085383848983,1783858756.2749546,-0.7038087316813758,0.03738348681356371,-2.695716027872334,1783858756.2752998,-0.02238413994122805,-0.0565962883336622,-0.08502111049320593,1783858756.2753913,0.03640882905225788,0.08164196294860544,1783858756.281216,101.0,102.0,432.0,1783858756.2815893,28086.705078125,nan,nan,57.89253616333008,nan
50.11988139152527,1783858756.3256812,BSMC,eight,optuna_t003_r01,1783858756.2961984,-0.6961430035483903,-0.024222402622730267,-2.608109305716513,0.040289394874814755,0.11020040257149448,1783858756.2831545,-0.6955071091651917,-0.02600041776895523,-2.6145085383848983,1783858756.3148844,-0.705472589668573,0.03658295763453104,-2.690605132219615,1783858756.3155966,-0.022888542834727944,-0.05710032942192243,-0.08249582650310217,1783858756.3153238,0.036333935846303816,0.0814887827660553,1783858756.281216,101.0,102.0,432.0,1783858756.2815893,28086.705078125,nan,nan,57.89253616333008,nan
50.16028904914856,1783858756.3660889,BSMC,eight,optuna_t003_r01,1783858756.346659,-0.6975734168916321,-0.025477794218071094,-2.6072560606985684,0.03761335864387958,0.09669996605745299,1783858756.33281,-0.6967303156852722,-0.026859363541007042,-2.6156612324092205,1783858756.355158,-0.7071401042052031,0.035770179057567436,-2.6855242616580446,1783858756.3554976,-0.02295861382846425,-0.057582443397310105,-0.07826820095947619,1783858756.355592,0.03644564785067294,0.0820533603006362,1783858756.325915,85.0,70.0,409.0,1783858756.3259892,28086.75,nan,nan,44.02090835571289,nan
50.200676679611206,1783858756.4064765,BSMC,eight,optuna_t003_r01,1783858756.396635,-0.6993378158114153,-0.026953507605290174,-2.6006537255181685,0.037521465227787126,0.10125066053358524,1783858756.3808775,-0.6994343400001526,-0.028882332146167755,-2.599277183243511,1783858756.3955405,-0.7088124903310278,0.03494451048695062,-2.6804688408850272,1783858756.3961618,-0.02109885875648772,-0.05772356396495628,-0.07321278018645883,1783858756.3959408,0.03736684309749211,0.08305105530609515,1783858756.3691094,156.0,83.0,384.0,1783858756.3693945,28086.79296875,nan,nan,43.91976547241211,nan
50.24007248878479,1783858756.4458723,BSMC,eight,optuna_t003_r01,1783858756.396635,-0.6993378158114153,-0.026953507605290174,-2.6006537255181685,0.037521465227787126,0.10125066053358524,1783858756.4301217,-0.70060795545578,-0.02966177836060524,-2.6021894152178167,1783858756.4358444,-0.7104598848213345,0.03412091388477137,-2.675527275990656,1783858756.4365263,-0.021915607365608134,-0.05808176592704115,-0.07487355047248734,1783858756.4366376,0.03713947738950643,0.08131830666399796,1783858756.4277835,171.0,102.0,417.0,1783858756.4282417,28086.8515625,nan,nan,58.39923858642578,nan
50.28000998497009,1783858756.4858098,BSMC,eight,optuna_t003_r01,1783858756.4461832,-0.7010820808976242,-0.02835282082487335,-2.5975047220840133,0.03890871236456761,0.0969890164669144,1783858756.4797063,-0.702161431312561,-0.030427061021327972,-2.6018159012179383,1783858756.475787,-0.7121497598862768,0.033265521077458074,-2.6704966239152346,1783858756.4761884,-0.022426488015240813,-0.05844968958250107,-0.07299190183122128,1783858756.4762843,0.03705381487790038,0.08101967551618262,1783858756.4707484,109.0,96.0,415.0,1783858756.470921,28086.89453125,nan,nan,42.719482421875,nan
50.321025371551514,1783858756.5268252,BSMC,eight,optuna_t003_r01,1783858756.4969573,-0.7027346483415463,-0.029605769444119183,-2.595641868216728,0.038432010183524545,0.08852961521059173,1783858756.4797063,-0.702161431312561,-0.030427061021327972,-2.6018159012179383,1783858756.5150955,-0.7137729727584462,0.03243382799347079,-2.665699896497893,1783858756.5155303,-0.02277914857526225,-0.0587525884224438,-0.07005802828116492,1783858756.5156598,0.037031289088801295,0.08122590360235417,1783858756.5209422,93.0,96.0,409.0,1783858756.5213485,28086.9453125,nan,nan,50.77773666381836,nan
50.36007261276245,1783858756.5658724,BSMC,eight,optuna_t003_r01,1783858756.5464828,-0.7041842817380481,-0.030793663311629686,-2.591958778763054,0.037029340546026114,0.08525637759563594,1783858756.5310984,-0.7034862041473389,-0.03172075003385544,-2.5938182468609097,1783858756.5551145,-0.7154253631421381,0.031577099298095684,-2.6608515757563773,1783858756.555458,-0.022995482958067633,-0.059056597456823685,-0.06889279699332329,1783858756.5555382,0.03706027068060459,0.08071774597816757,1783858756.5209422,93.0,96.0,409.0,1783858756.5213485,28086.9453125,nan,nan,50.77773666381836,nan
50.40019679069519,1783858756.6059966,BSMC,eight,optuna_t003_r01,1783858756.5961983,-0.7061809354696533,-0.03245724834337261,-2.5861275596140585,0.03820299804302193,0.08970244247234893,1783858756.5804224,-0.7069194316864014,-0.03482139855623245,-2.585019400626449,1783858756.59527,-0.7170921042989535,0.030702642688151746,-2.6559954626462536,1783858756.5959833,-0.0211174320557918,-0.05918159847665141,-0.0640366838831996,1783858756.5962646,0.037977532583631714,0.08177122565253492,1783858756.5693114,171.0,89.0,372.0,1783858756.5696392,28086.994140625,nan,nan,48.17195129394531,nan
50.440279960632324,1783858756.6460798,BSMC,eight,optuna_t003_r01,1783858756.5961983,-0.7061809354696533,-0.03245724834337261,-2.5861275596140585,0.03820299804302193,0.08970244247234893,1783858756.6316144,-0.7082998752593994,-0.0365176796913147,-2.58201701072832,1783858756.6352856,-0.7187598121442539,0.029817357555479485,-2.6511699468843966,1783858756.6355784,-0.02215209007018549,-0.05954527339574942,-0.06504238727033806,1783858756.6356568,0.03765428041041136,0.08039980385349617,1783858756.6232457,164.0,83.0,428.0,1783858756.6237078,28087.044921875,nan,nan,51.63972091674805,nan
50.48000741004944,1783858756.6858072,BSMC,eight,optuna_t003_r01,1783858756.646236,-0.7080861350916832,-0.034150720392326125,-2.581177820112845,0.039228565076521525,0.09189876775081766,1783858756.680231,-0.7096506953239441,-0.037541650235652924,-2.5796767361294703,1783858756.6749654,-0.7204125661276505,0.028929841799163344,-2.6464196248189267,1783858756.6754825,-0.023088777399895892,-0.059983385921910784,-0.06524180470608165,1783858756.6757364,0.03737170018327587,0.07937030990782076,1783858756.6726375,109.0,89.0,472.0,1783858756.6737607,28087.095703125,nan,nan,51.625118255615234,nan
50.51980376243591,1783858756.7256036,BSMC,eight,optuna_t003_r01,1783858756.6962905,-0.709783512486076,-0.03565992069331189,-2.5773046997192273,0.03847638137521489,0.08975699315030705,1783858756.680231,-0.7096506953239441,-0.037541650235652924,-2.5796767361294703,1783858756.714916,-0.7220628205847783,0.028033583264723737,-2.641707169200055,1783858756.7154822,-0.02368855398551182,-0.060386225779648216,-0.06440246948082784,1783858756.7155747,0.03723151657220899,0.0787958858763877,1783858756.7250454,70.0,83.0,418.0,1783858756.7253745,28087.1484375,nan,nan,52.49354934692383,nan
50.56000733375549,1783858756.7658072,BSMC,eight,optuna_t003_r01,1783858756.7460947,-0.7112151824209945,-0.03687110197116919,-2.5757835584364113,0.035905442696388505,0.08061555494609572,1783858756.7308776,-0.7108581066131592,-0.03803202137351036,-2.581197718132556,1783858756.7550592,-0.7237197964433159,0.027123548281002212,-2.6370053499009445,1783858756.7553837,-0.02375163360064636,-0.06072512275858836,-0.061221791464533215,1783858756.7556105,0.037321748956127554,0.07921553035028264,1783858756.7250454,70.0,83.0,418.0,1783858756.7253745,28087.1484375,nan,nan,52.49354934692383,nan
50.600494384765625,1783858756.8062942,BSMC,eight,optuna_t003_r01,1783858756.7961774,-0.7129263036069577,-0.03828889669670468,-2.5719155881912568,0.03525933431797405,0.07959588994001886,1783858756.781866,-0.7134773135185242,-0.04008961096405983,-2.573073208420637,1783858756.7958853,-0.7254104484662869,0.026184571216161585,-2.632237734124345,1783858756.7962887,-0.021821076377350226,-0.06083883730757799,-0.05645417568793354,1783858756.7963862,0.03825159586723236,0.08034422330607333,1783858756.771395,124.0,83.0,379.0,1783858756.773808,28087.1953125,nan,nan,46.30507278442383,nan
50.63999533653259,1783858756.8457952,BSMC,eight,optuna_t003_r01,1783858756.7961774,-0.7129263036069577,-0.03828889669670468,-2.5719155881912568,0.03525933431797405,0.07959588994001886,1783858756.8310091,-0.7144263982772827,-0.041431065648794174,-2.568074090867051,1783858756.8349059,-0.7270409827078472,0.025268996407268707,-2.627667142761766,1783858756.8352196,-0.022394973041018677,-0.06113342068320111,-0.0557515545705094,1783858756.83573,0.038114826496322196,0.07981077972651524,1783858756.8263767,187.0,102.0,433.0,1783858756.8264923,28087.25,nan,nan,54.874881744384766,nan
50.67994976043701,1783858756.8857496,BSMC,eight,optuna_t003_r01,1783858756.846056,-0.7146601047288466,-0.03980494534556192,-2.5674689183958663,0.03742691649146595,0.08174036800657232,1783858756.8838995,-0.7160815000534058,-0.042095765471458435,-2.5659592703150214,1783858756.8753114,-0.7287169119627923,0.024317719139480463,-2.6229964367640837,1783858756.875629,-0.023021910960042517,-0.06147602415593823,-0.05552751836821734,1783858756.8758485,0.037955480486477254,0.07906831038100676,1783858756.8713777,171.0,108.0,431.0,1783858756.8729782,28087.294921875,nan,nan,44.44594955444336,nan
50.71996593475342,1783858756.9257658,BSMC,eight,optuna_t003_r01,1783858756.8968034,-0.7164638803057453,-0.041226313618638565,-2.56386342312265,0.039572220130497146,0.08123584314836362,1783858756.8838995,-0.7160815000534058,-0.042095765471458435,-2.5659592703150214,1783858756.9151163,-0.7303511615052607,0.02338013492938184,-2.6184674227256868,1783858756.9154177,-0.023649630809057808,-0.06170530557170661,-0.05460399960303696,1783858756.9154985,0.03779320588630499,0.07867710458818791,1783858756.8713777,171.0,108.0,431.0,1783858756.8729782,28087.294921875,nan,nan,44.44594955444336,nan
50.760735511779785,1783858756.9665353,BSMC,eight,optuna_t003_r01,1783858756.9459467,-0.7179770018498997,-0.04246793971660279,-2.5607920769347015,0.0380511452714047,0.07785064689581837,1783858756.9327605,-0.7175740599632263,-0.04333634674549103,-2.5629435278413304,1783858756.9550097,-0.732000812623455,0.022423738481167105,-2.6139203451902824,1783858756.9552102,-0.023881398998562592,-0.06194575005443766,-0.053128268255580924,1783858756.9553108,0.03779726979953012,0.07852493005656316,1783858756.9299436,78.0,89.0,468.0,1783858756.9315033,28087.353515625,nan,nan,58.9524040222168,nan
50.800392389297485,1783858757.0061922,BSMC,eight,optuna_t003_r01,1783858756.995957,-0.7196340420284136,-0.04399001450671723,-2.5560358920333464,0.03607527644782783,0.07849876159344556,1783858756.982063,-0.7201774716377258,-0.046232037246227264,-2.5551029570480774,1783858756.995799,-0.7336806914022175,0.021439517815137567,-2.609314394557586,1783858756.9958901,-0.02193694521891411,-0.062044656725532235,-0.048522317622884614,1783858756.9964843,0.03872055638733426,0.07970873617670494,1783858756.9705865,78.0,83.0,422.0,1783858756.9707425,28087.39453125,nan,nan,40.64614486694336,nan
50.84031009674072,1783858757.04611,BSMC,eight,optuna_t003_r01,1783858756.995957,-0.7196340420284136,-0.04399001450671723,-2.5560358920333464,0.03607527644782783,0.07849876159344556,1783858757.0326602,-0.7212795615196228,-0.04713046923279762,-2.547696150417761,1783858757.0348272,-0.7353095502893151,0.020475263296907645,-2.6048709600001914,1783858757.035171,-0.022563565150936788,-0.06238893434909392,-0.048835067966845,1783858757.0352638,0.038549572071534796,0.07884166536720405,1783858757.0216253,171.0,96.0,373.0,1783858757.0221407,28087.4453125,nan,nan,51.183624267578125,nan
50.88045644760132,1783858757.0862563,BSMC,eight,optuna_t003_r01,1783858757.0462997,-0.7213284204480974,-0.04550094817399946,-2.549976678422185,0.03703432890006004,0.08412375655084457,1783858757.0813415,-0.7226744294166565,-0.048142943531274796,-2.5480289527866447,1783858757.0759778,-0.7369771169865607,0.019477967010442146,-2.6003440706861913,1783858757.076049,-0.023249888482290006,-0.06266245931545333,-0.05036739226400622,1783858757.0761402,0.03835085257188616,0.07748458034621648,1783858757.0718157,187.0,102.0,408.0,1783858757.0722737,28087.49609375,nan,nan,50.17647933959961,nan
50.91998624801636,1783858757.125786,BSMC,eight,optuna_t003_r01,1783858757.0965767,-0.7230959639534211,-0.04700770672428226,-2.546018627809113,0.039301304645781854,0.08459772470495777,1783858757.0813415,-0.7226744294166565,-0.048142943531274796,-2.5480289527866447,1783858757.115164,-0.7386267061727722,0.018481335286991064,-2.5958870971607424,1783858757.1154726,-0.023881545635577723,-0.06292607055500982,-0.049868469351629585,1783858757.115567,0.03817691227966956,0.07699880168720025,1783858757.0718157,187.0,102.0,408.0,1783858757.0722737,28087.49609375,nan,nan,50.17647933959961,nan
50.96044063568115,1783858757.1662405,BSMC,eight,optuna_t003_r01,1783858757.1459918,-0.7246214495757728,-0.048333090230976046,-2.5432929218947367,0.038474155994774425,0.08012651990669885,1783858757.1302586,-0.7240197062492371,-0.049239154905080795,-2.546621933765789,1783858757.1553254,-0.7402719374402197,0.017477336109432945,-2.591461901493022,1783858757.1556597,-0.02413504549288977,-0.06319374624563523,-0.048168979598285144,1783858757.155747,0.03816204279633874,0.07703232387512027,1783858757.1336725,93.0,96.0,463.0,1783858757.1339922,28087.55859375,nan,nan,62.193607330322266,nan
51.0003981590271,1783858757.206198,BSMC,eight,optuna_t003_r01,1783858757.1961446,-0.7258859016230386,-0.049551220097418684,-2.5397362932195624,0.03618657505453536,0.0774867055506349,1783858757.1823583,-0.7249335050582886,-0.0504610538482666,-2.5410084513220648,1783858757.1951973,-0.741909887000404,0.016467849830326807,-2.5870752426269292,1783858757.1957138,-0.022213035434833994,-0.06328216935428779,-0.04378232073219258,1783858757.1958666,0.03906223151851689,0.07824704164829363,1783858757.1731296,78.0,83.0,376.0,1783858757.173243,28087.595703125,nan,nan,37.844051361083984,nan
51.04056358337402,1783858757.2463634,BSMC,eight,optuna_t003_r01,1783858757.1961446,-0.7258859016230386,-0.049551220097418684,-2.5397362932195624,0.03618657505453536,0.0774867055506349,1783858757.2318685,-0.7278939485549927,-0.052734628319740295,-2.538092792408661,1783858757.2350316,-0.7435505649839823,0.015446736569221332,-2.582699346381851,1783858757.2354395,-0.02223939347294225,-0.06357817298766563,-0.042963053162288656,1783858757.235532,0.03913603071706627,0.07794749688126427,1783858757.2216318,171.0,76.0,322.0,1783858757.2220023,28087.646484375,nan,nan,49.862144470214844,nan
51.08056402206421,1783858757.2863638,BSMC,eight,optuna_t003_r01,1783858757.2464242,-0.727615766386633,-0.051072553818193096,-2.5361989332278805,0.0366934214244636,0.07744823254297376,1783858757.2827635,-0.7295233011245728,-0.05381777510046959,-2.5352422676775594,1783858757.276739,-0.7452267785084501,0.014393212870361348,-2.5782464316412383,1783858757.2768319,-0.022774493061090834,-0.06385324441158303,-0.04204749841335786,1783858757.2769203,0.038996509382376594,0.07769847450198436,1783858757.2717435,203.0,83.0,373.0,1783858757.2722015,28087.6953125,nan,nan,49.90695571899414,nan
51.12042212486267,1783858757.326222,BSMC,eight,optuna_t003_r01,1783858757.2961135,-0.7294367436195877,-0.05259542266541438,-2.5327889627222384,0.038843818769001066,0.07876012474734573,1783858757.2827635,-0.7295233011245728,-0.05381777510046959,-2.5352422676775594,1783858757.3152196,-0.7468552146391769,0.01335973779298854,-2.573936746523264,1783858757.3155947,-0.023429923372176212,-0.06406656705745904,-0.04114778380102546,1783858757.3156936,0.03880209063474127,0.07749001218986296,1783858757.3229043,124.0,102.0,464.0,1783858757.323047,28087.74609375,nan,nan,50.46388626098633,nan
51.159990310668945,1783858757.3657901,BSMC,eight,optuna_t003_r01,1783858757.3468614,-0.7310596901590071,-0.05401804393912316,-2.527993977312071,0.03918201450069011,0.08125880832827913,1783858757.3329756,-0.7305082082748413,-0.05488916113972664,-2.5279084761740385,1783858757.3553023,-0.7484989459857923,0.012306562234427582,-2.569602002644359,1783858757.3558874,-0.023932589624665747,-0.06426750486619195,-0.04160802533228791,1783858757.3561924,0.038667622089760205,0.07672673071206912,1783858757.3229043,124.0,102.0,464.0,1783858757.323047,28087.74609375,nan,nan,50.46388626098633,nan
51.200292110443115,1783858757.406092,BSMC,eight,optuna_t003_r01,1783858757.3961716,-0.7327461369593672,-0.05553497613527903,-2.5231782424272517,0.038334076027184666,0.08213778616428839,1783858757.3813396,-0.7329846024513245,-0.057133983820676804,-2.522633823173454,1783858757.3955357,-0.7501392045020271,0.011245582615460083,-2.5652909898529592,1783858757.3960688,-0.021980618906679607,-0.06434455074907998,-0.03729701254088802,1783858757.396166,0.03956880131863902,0.0780088341442024,1783858757.3717144,93.0,102.0,415.0,1783858757.3720608,28087.794921875,nan,nan,49.73991394042969,nan
51.24007606506348,1783858757.445876,BSMC,eight,optuna_t003_r01,1783858757.3961716,-0.7327461369593672,-0.05553497613527903,-2.5231782424272517,0.038334076027184666,0.08213778616428839,1783858757.4331026,-0.7344356179237366,-0.058994073420763016,-2.51694234485367,1783858757.4368496,-0.7517594964412819,0.01018765914705308,-2.5610458966725003,1783858757.4369395,-0.022610239558251137,-0.06457359905070692,-0.037867654245248523,1783858757.437252,0.03937580883029129,0.07723457911792331,1783858757.4239378,171.0,89.0,355.0,1783858757.424083,28087.84765625,nan,nan,51.93031311035156,nan
51.28055191040039,1783858757.4863517,BSMC,eight,optuna_t003_r01,1783858757.4461503,-0.7344683340111162,-0.0571846863087774,-2.5178162631921075,0.039110389188111695,0.08593521338305507,1783858757.4834409,-0.7358425855636597,-0.06060323491692543,-2.516443136275117,1783858757.4749854,-0.7534032140069858,0.009104403223185363,-2.5567522188182843,1783858757.4756453,-0.023350723767607457,-0.06486537420660927,-0.0389359556261768,1783858757.4754543,0.039134327852716644,0.07624668815346197,1783858757.4722538,187.0,89.0,390.0,1783858757.4726243,28087.896484375,nan,nan,48.70064163208008,nan
51.320329904556274,1783858757.5261297,BSMC,eight,optuna_t003_r01,1783858757.496161,-0.7362154199048319,-0.05889032649111074,-2.514046339454557,0.040605199126413326,0.08614798652395057,1783858757.4834409,-0.7358425855636597,-0.06060323491692543,-2.516443136275117,1783858757.5147429,-0.7550211915718775,0.00802821049175536,-2.5525375156902954,1783858757.515172,-0.024069190751192016,-0.0652105949712392,-0.0384911762357385,1783858757.5154414,0.03890172322941672,0.07590653960370591,1783858757.4722538,187.0,89.0,390.0,1783858757.5249693,28087.94921875,nan,nan,52.364013671875,nan
51.36045813560486,1783858757.566258,BSMC,eight,optuna_t003_r01,1783858757.5460594,-0.7377722175739737,-0.06037309717121753,-2.511541357989593,0.03985452435729693,0.08139116937909154,1783858757.53405,-0.7372611165046692,-0.06157923489809036,-2.515260576291524,1783858757.5551918,-0.7566533377604566,0.006932612512552901,-2.5482968535759714,1783858757.555789,-0.024399701811074016,-0.0655073263617366,-0.03675549558637848,1783858757.5559614,0.038832535086640016,0.07613262310323891,1783858757.526373,109.0,96.0,447.0,1783858757.5249693,28087.94921875,nan,nan,52.364013671875,nan
51.40075659751892,1783858757.6065564,BSMC,eight,optuna_t003_r01,1783858757.5962312,-0.7393789975794068,-0.061941090161679146,-2.5070173952899153,0.038393849615211806,0.08131553796769672,1783858757.5854607,-0.7394755482673645,-0.06372450292110443,-2.506733898203923,1783858757.5951712,-0.7582891426318001,0.005824468143332706,-2.544056864866496,1783858757.5954924,-0.022425072537471138,-0.06557574238307766,-0.03251550687690319,1783858757.5955749,0.039731373141467734,0.07747917006078724,1783858757.572212,93.0,96.0,422.0,1783858757.5725412,28087.99609375,nan,nan,47.542015075683594,nan
51.440160512924194,1783858757.6459603,BSMC,eight,optuna_t003_r01,1783858757.5962312,-0.7393789975794068,-0.061941090161679146,-2.5070173952899153,0.038393849615211806,0.08131553796769672,1783858757.6325746,-0.7406748533248901,-0.0650041252374649,-2.501145756451361,1783858757.6347737,-0.7599103897052752,0.004716184129519428,-2.539863819488066,1783858757.635215,-0.022982385396299355,-0.0658524125606209,-0.03284642419815054,1783858757.63543,0.03955869496989231,0.07687598445839625,1783858757.6239004,171.0,96.0,386.0,1783858757.6246176,28088.046875,nan,nan,51.66584014892578,nan
51.47995328903198,1783858757.685753,BSMC,eight,optuna_t003_r01,1783858757.6463628,-0.7410105055800584,-0.06353632546019014,-2.5018360263474837,0.039095650039782374,0.08452681014448903,1783858757.6819336,-0.7421191930770874,-0.06668407469987869,-2.4923481988544594,1783858757.6750393,-0.7615351371262156,0.0035954815406578286,-2.535670074569687,1783858757.6762264,-0.023612000760867103,-0.066109102485009,-0.03383404822220326,1783858757.6755521,0.03935259818034792,0.0760145277136716,1783858757.6736746,187.0,102.0,429.0,1783858757.674009,28088.09765625,nan,nan,49.68275451660156,nan
51.51994776725769,1783858757.7257476,BSMC,eight,optuna_t003_r01,1783858757.6962485,-0.7427083644926306,-0.06523737166989405,-2.4950170619148206,0.04094963975458582,0.09232041853167203,1783858757.6819336,-0.7421191930770874,-0.06668407469987869,-2.4923481988544594,1783858757.7151906,-0.7631546374641365,0.0024683713674452275,-2.5314973541983834,1783858757.7157314,-0.024470557583100072,-0.06635743764067245,-0.036480292283562754,1783858757.715841,0.03904522805429688,0.07447062867873297,1783858757.7238927,93.0,102.0,475.0,1783858757.7246082,28088.146484375,nan,nan,49.72373580932617,nan
51.5604202747345,1783858757.76622,BSMC,eight,optuna_t003_r01,1783858757.7460866,-0.7441807838078458,-0.06674717469993102,-2.4897752372028603,0.039941573456916915,0.09287303621114633,1783858757.7301092,-0.7433556318283081,-0.06787150353193283,-2.489762435728937,1783858757.7550135,-0.7647624453612732,0.0013394553694681226,-2.5273613169539653,1783858757.755433,-0.024941480640264413,-0.06661318585669325,-0.03758607975110495,1783858757.755557,0.03890029157873321,0.07359271738551325,1783858757.7238927,93.0,102.0,475.0,1783858757.7246082,28088.146484375,nan,nan,49.72373580932617,nan
51.60015535354614,1783858757.8059552,BSMC,eight,optuna_t003_r01,1783858757.7966554,-0.7457892324095822,-0.06843465304448171,-2.4842819934783495,0.0384282914955799,0.09312191570710017,1783858757.7834976,-0.7458797097206116,-0.07048523426055908,-2.483532841404057,1783858757.795199,-0.7663816787442961,0.0001924602117499563,-2.5232016514245084,1783858757.795537,-0.022958414041036154,-0.06668362379781709,-0.033426414221648056,1783858757.79562,0.03979125963923299,0.07499363230378031,1783858757.7741437,93.0,96.0,386.0,1783858757.7744644,28088.197265625,nan,nan,50.93946838378906,nan
51.639976501464844,1783858757.8457763,BSMC,eight,optuna_t003_r01,1783858757.7966554,-0.7457892324095822,-0.06843465304448171,-2.4842819934783495,0.0384282914955799,0.09312191570710017,1783858757.8328469,-0.7472439408302307,-0.07205144315958023,-2.4782643001842803,1783858757.8347747,-0.7679754818626782,-0.0009464222735033473,-2.519112139663951,1783858757.835445,-0.023671155756827867,-0.06698184337958928,-0.03483014618560132,1783858757.8357973,0.03953983594175373,0.07401420744655418,1783858757.822959,187.0,102.0,363.0,1783858757.823298,28088.24609375,nan,nan,48.750274658203125,nan
51.67993640899658,1783858757.8857362,BSMC,eight,optuna_t003_r01,1783858757.8461869,-0.7474743196513607,-0.07020047172507522,-2.4786403666290315,0.03983016686828242,0.09599004844515194,1783858757.8814404,-0.7485361695289612,-0.07360556721687317,-2.473488209373284,1783858757.8751872,-0.7695922599138952,-0.002111806537245367,-2.514967728174365,1783858757.8754988,-0.024472038702258458,-0.0672784432806869,-0.03632736154533367,1783858757.8752859,0.03924970153868014,0.07300549985545096,1783858757.8743165,187.0,115.0,413.0,1783858757.8755882,28088.296875,nan,nan,50.50446319580078,nan
51.7199866771698,1783858757.9257865,BSMC,eight,optuna_t003_r01,1783858757.8962507,-0.7492045386433684,-0.07202866238960327,-2.4731018494150425,0.04213856725600804,0.09852096457129439,1783858757.8814404,-0.7485361695289612,-0.07360556721687317,-2.473488209373284,1783858757.9147565,-0.7711909233800115,-0.003274170953402121,-2.510872929021421,1783858757.91513,-0.02536020418554654,-0.06758284730688503,-0.0377710796063786,1783858757.9152138,0.03892021871215435,0.07203571691387828,1783858757.9247422,109.0,102.0,451.0,1783858757.9255476,28088.34765625,nan,nan,51.11310958862305,nan
51.760589361190796,1783858757.9663892,BSMC,eight,optuna_t003_r01,1783858757.9465418,-0.7507608338974665,-0.07372355640541356,-2.4673250481576816,0.04156216651943727,0.09973192883415417,1783858757.9303749,-0.7499834299087524,-0.07514501363039017,-2.4671621364416088,1783858757.9555936,-0.7727900730329231,-0.004446927257254034,-2.5067792090013628,1783858757.9551373,-0.026042699025008442,-0.06786985008464055,-0.03945416084368114,1783858757.9556897,0.038674141345967465,0.0709825618731988,1783858757.9247422,109.0,102.0,451.0,1783858757.9255476,28088.34765625,nan,nan,51.11310958862305,nan
51.80050444602966,1783858758.0063043,BSMC,eight,optuna_t003_r01,1783858757.9964147,-0.7524102955058267,-0.07546535370437304,-2.4618865539056336,0.04013148682408609,0.09965528982109156,1783858757.9805176,-0.7524570226669312,-0.07734844088554382,-2.4622319615533272,1783858757.9950926,-0.7743881417538856,-0.005628976278064555,-2.502689738649394,1783858757.995402,-0.02405636142572511,-0.06794419029039087,-0.035364690491712196,1783858757.9957485,0.03955503915788234,0.07243780446023956,1783858757.9733896,109.0,89.0,384.0,1783858757.9734876,28088.396484375,nan,nan,48.69456481933594,nan
51.840112924575806,1783858758.0459127,BSMC,eight,optuna_t003_r01,1783858757.9964147,-0.7524102955058267,-0.07546535370437304,-2.4618865539056336,0.04013148682408609,0.09965528982109156,1783858758.030317,-0.7536758780479431,-0.07850217819213867,-2.4612907455269233,1783858758.0358317,-0.7759964441624088,-0.006828833223147722,-2.498574719343515,1783858758.0359118,-0.024798174259360754,-0.06820798271186758,-0.03668816543788145,1783858758.035988,0.0392806717529484,0.07157085297326726,1783858758.028609,171.0,96.0,403.0,1783858758.0289905,28088.453125,nan,nan,55.07628631591797,nan
51.87994408607483,1783858758.085744,BSMC,eight,optuna_t003_r01,1783858758.047275,-0.7540756326186575,-0.07717906000280456,-2.4579203872868294,0.040527560758003796,0.097037677464687,1783858758.0817516,-0.7549636960029602,-0.08003707230091095,-2.455840616991578,1783858758.0759401,-0.7775704553852709,-0.008013112629238907,-2.4945472221034497,1783858758.0760574,-0.025473713335744337,-0.06846184997358566,-0.036626834816620324,1783858758.0761468,0.03903349235344107,0.07131354363801538,1783858758.0762615,156.0,102.0,427.0,1783858758.0763335,28088.498046875,nan,nan,46.123199462890625,nan
51.91988658905029,1783858758.1256864,BSMC,eight,optuna_t003_r01,1783858758.0960848,-0.7556146797974629,-0.07882796315144776,-2.4536987056145594,0.04107607060896778,0.09592283483082889,1783858758.0817516,-0.7549636960029602,-0.08003707230091095,-2.455840616991578,1783858758.1149905,-0.7791561420121139,-0.00921624719828713,-2.4904887910649918,1783858758.115066,-0.02600950027039638,-0.06872770428896639,-0.03679008545043238,1783858758.1162395,0.038842478035358015,0.07097147748533722,1783858758.1249142,93.0,96.0,436.0,1783858758.125416,28088.548828125,nan,nan,50.35630416870117,nan
51.96010422706604,1783858758.165904,BSMC,eight,optuna_t003_r01,1783858758.1459613,-0.7570051470967227,-0.08029097578427863,-2.4503201632581724,0.03949187053799346,0.09106848132719117,1783858758.1312022,-0.7562506198883057,-0.08109790831804276,-2.4534573339421826,1783858758.155113,-0.7807406588398426,-0.010428656781816606,-2.486431440515035,1783858758.155439,-0.026251812190951337,-0.06895622155252247,-0.036111277256862806,1783858758.1555278,0.03877367288493549,0.07101025524712448,1783858758.1249142,93.0,96.0,436.0,1783858758.125416,28088.548828125,nan,nan,50.35630416870117,nan
52.000253438949585,1783858758.2060533,BSMC,eight,optuna_t003_r01,1783858758.1967778,-0.7582752687769444,-0.08159983389624607,-2.4482254984823273,0.03732661269176611,0.08308868413613134,1783858758.1801417,-0.7573419213294983,-0.08200660347938538,-2.4531535549504095,1783858758.1955218,-0.7823354024286978,-0.011659218913620881,-2.482345097842101,1783858758.1958776,-0.024238659675845004,-0.06902483077454587,-0.032024934583928744,1783858758.1959686,0.03965364859876615,0.07254586526005757,1783858758.1745217,93.0,89.0,409.0,1783858758.175315,28088.59765625,nan,nan,49.5658073425293,nan
52.04013395309448,1783858758.2459338,BSMC,eight,optuna_t003_r01,1783858758.1967778,-0.7582752687769444,-0.08159983389624607,-2.4482254984823273,0.03732661269176611,0.08308868413613134,1783858758.2292688,-0.7600115537643433,-0.08510472625494003,-2.445187954155613,1783858758.2347894,-0.7838873941592491,-0.012866810029878162,-2.4783647527344064,1783858758.2355866,-0.024231127315457127,-0.06923194353357204,-0.030139254252079084,1783858758.2353296,0.039686071029668035,0.07313684620576358,1783858758.1745217,93.0,89.0,409.0,1783858758.175315,28088.59765625,nan,nan,49.5658073425293,nan
52.080559730529785,1783858758.2863595,BSMC,eight,optuna_t003_r01,1783858758.246224,-0.7599020068025508,-0.08333195280706886,-2.4440184823204922,0.03789200385446276,0.08333575023410464,1783858758.2824721,-0.7615949511528015,-0.08683174848556519,-2.4410522894757394,1783858758.275139,-0.7854692405993329,-0.014107873984468956,-2.4743033663127028,1783858758.2754698,-0.024872011227667072,-0.06947689968865653,-0.03028488399221052,1783858758.2757087,0.03944181326311786,0.07286780714815673,1783858758.2758222,171.0,108.0,457.0,1783858758.2758887,28088.69921875,nan,nan,29.107385635375977,nan
52.12018871307373,1783858758.3259885,BSMC,eight,optuna_t003_r01,1783858758.2963355,-0.7616485954468865,-0.08518328948814186,-2.4397787795368195,0.040104784283289625,0.08438445025222169,1783858758.2824721,-0.7615949511528015,-0.08683174848556519,-2.4410522894757394,1783858758.3150792,-0.7870356969241882,-0.015347130623347777,-2.4702761685448316,1783858758.3154137,-0.025699071588550382,-0.06972196014093504,-0.03049738900801202,1783858758.315499,0.03911686821135967,0.07258658482966313,1783858758.2758222,171.0,108.0,457.0,1783858758.2758887,28088.69921875,nan,nan,29.107385635375977,nan
52.16035461425781,1783858758.3661544,BSMC,eight,optuna_t003_r01,1783858758.3463407,-0.7632805399270237,-0.0868771009041828,-2.436892355748696,0.040017224038672174,0.08013635519096073,1783858758.3314912,-0.7632051110267639,-0.08821599185466766,-2.4398910376994465,1783858758.3545926,-0.7885803918305301,-0.01657925469641605,-2.466298863271272,1783858758.3552988,-0.02626576222426884,-0.06994268669824139,-0.029406507522575787,1783858758.354934,0.03890039774053231,0.07288170633391403,1783858758.326742,109.0,108.0,421.0,1783858758.3268862,28088.75,nan,nan,50.771663665771484,nan
52.200470209121704,1783858758.40627,BSMC,eight,optuna_t003_r01,1783858758.3959432,-0.7649215206745541,-0.08866077691060717,-2.4321491737790875,0.03900127728487727,0.08080004402938631,1783858758.3823183,-0.7653055787086487,-0.09066624194383621,-2.4315523471288842,1783858758.395082,-0.7901428073750533,-0.017835781553874646,-2.4622689312055983,1783858758.395409,-0.024261520038271853,-0.06999759878390997,-0.025376575456902195,1783858758.3954935,0.039763100461729345,0.07447722685023704,1783858758.3757055,101.0,96.0,431.0,1783858758.3762906,28088.798828125,nan,nan,48.973392486572266,nan
52.24028825759888,1783858758.446088,BSMC,eight,optuna_t003_r01,1783858758.3959432,-0.7649215206745541,-0.08866077691060717,-2.4321491737790875,0.03900127728487727,0.08080004402938631,1783858758.4309354,-0.7665048241615295,-0.09200198948383331,-2.4263299557348312,1783858758.4355917,-0.7916896304594508,-0.019090025653520103,-2.458271395069208,1783858758.4357202,-0.025009575054188035,-0.0702220925887338,-0.026122221290120425,1783858758.4359133,0.03946342412981644,0.07401933649535027,1783858758.4252982,148.0,89.0,417.0,1783858758.4258533,28088.849609375,nan,nan,49.44392013549805,nan
52.27997803688049,1783858758.4857779,BSMC,eight,optuna_t003_r01,1783858758.4464922,-0.766521998849441,-0.0904066688039673,-2.426957563777222,0.0388918218375279,0.08355303447215781,1783858758.4810197,-0.7677718997001648,-0.09318603575229645,-2.4240281508440944,1783858758.4759228,-0.7932409107982485,-0.020358221972807445,-2.454253619562778,1783858758.4764416,-0.02572401671006207,-0.07041988443249822,-0.027296055785555943,1783858758.4760537,0.03917491608087219,0.07339921462267941,1783858758.4761648,156.0,96.0,426.0,1783858758.4765098,28088.8984375,nan,nan,49.975162506103516,nan
52.32019329071045,1783858758.525993,BSMC,eight,optuna_t003_r01,1783858758.4964526,-0.7680806924800696,-0.0920732940352438,-2.422737607962974,0.03943675087580143,0.0840516102511942,1783858758.4810197,-0.7677718997001648,-0.09318603575229645,-2.4240281508440944,1783858758.5156784,-0.7947881404591748,-0.02163351078186185,-2.450236720400204,1783858758.5152223,-0.026287287123005865,-0.07059765844596184,-0.02749911243722991,1783858758.5157552,0.03894864513988994,0.07321176549132889,1783858758.5254037,132.0,102.0,421.0,1783858758.4765098,28088.8984375,nan,nan,49.975162506103516,nan
52.36009407043457,1783858758.565894,BSMC,eight,optuna_t003_r01,1783858758.545921,-0.7695328896834618,-0.09360559873031733,-2.4202954669535375,0.0394740728965357,0.07951623070002371,1783858758.5310194,-0.7689756155014038,-0.09430018812417984,-2.4241265762026303,1783858758.5555785,-0.7963492423857671,-0.02293086115653318,-2.4461731256876424,1783858758.5559473,-0.02653299030641158,-0.07078160586464229,-0.02587765873410497,1783858758.5560327,0.038855565874785836,0.07381471545011647,1783858758.5254037,132.0,102.0,421.0,1783858758.5261934,28088.94921875,nan,nan,50.36664581298828,nan
52.40019917488098,1783858758.605999,BSMC,eight,optuna_t003_r01,1783858758.596121,-0.770813031938477,-0.09500251548815182,-2.4183253956499855,0.03835976468169731,0.07323405213700543,1783858758.5833292,-0.7699140906333923,-0.09542948007583618,-2.422079456102643,1783858758.5950491,-0.7978624922975881,-0.024198729418694623,-2.4422229302733243,1783858758.5963318,-0.024559367000053327,-0.07082878923482794,-0.02192746331978679,1783858758.5954845,0.03969251430891578,0.07545535564998186,1783858758.5767665,101.0,102.0,419.0,1783858758.5771313,28089.0,nan,nan,51.587852478027344,nan
52.440122842788696,1783858758.6459227,BSMC,eight,optuna_t003_r01,1783858758.596121,-0.770813031938477,-0.09500251548815182,-2.4183253956499855,0.03835976468169731,0.07323405213700543,1783858758.63209,-0.7725874185562134,-0.09820456802845001,-2.4142031860607793,1783858758.6351743,-0.7993903263921232,-0.025489188493652507,-2.438222582054511,1783858758.6357453,-0.02458363317230427,-0.07102400557687638,-0.019897186404525424,1783858758.6355236,0.03968729376657351,0.07626084364240727,1783858758.6256013,140.0,102.0,398.0,1783858758.6261876,28089.048828125,nan,nan,48.6216926574707,nan
52.481213092803955,1783858758.687013,BSMC,eight,optuna_t003_r01,1783858758.6461856,-0.7724269333786368,-0.09673306027563096,-2.4141579838258687,0.038684177712124165,0.07410277603993005,1783858758.6812546,-0.7738156318664551,-0.09975814819335938,-2.408025113152958,1783858758.6759243,-0.8009343462636592,-0.026804011584066367,-2.4341665477975747,1783858758.6762812,-0.025208035018263946,-0.07118496618544069,-0.02000856397170603,1783858758.6763732,0.039425930423804635,0.0761762233403564,1783858758.6794565,187.0,102.0,379.0,1783858758.679558,28089.103515625,nan,nan,53.970489501953125,nan
52.52034091949463,1783858758.7261407,BSMC,eight,optuna_t003_r01,1783858758.696129,-0.7740616277632968,-0.09852492794237144,-2.409002269613567,0.04053212714474823,0.07886142431721527,1783858758.6812546,-0.7738156318664551,-0.09975814819335938,-2.408025113152958,1783858758.7150366,-0.8024290605661712,-0.028087192801459937,-2.430226343839755,1783858758.7156115,-0.026018983437483812,-0.07133861700710731,-0.021224074226187994,1783858758.7154229,0.03908287516264224,0.07563748370921095,1783858758.7257311,124.0,108.0,428.0,1783858758.679558,28089.103515625,nan,nan,53.970489501953125,nan
52.56019830703735,1783858758.7659981,BSMC,eight,optuna_t003_r01,1783858758.7462232,-0.7756231855587734,-0.10021555734036017,-2.405536157494942,0.040736444190072246,0.0773638039369445,1783858758.731942,-0.7752953171730042,-0.10118468850851059,-2.4072910490129593,1783858758.755859,-0.8039583825149842,-0.029410728136763428,-2.4261799796560126,1783858758.7566104,-0.026536441115843492,-0.07149842318543209,-0.020643822161070524,1783858758.7563426,0.03886219890346733,0.07587781818980992,1783858758.7257311,124.0,108.0,428.0,1783858758.7263062,28089.150390625,nan,nan,46.224971771240234,nan
52.600059032440186,1783858758.8058589,BSMC,eight,optuna_t003_r01,1783858758.796242,-0.777256897376574,-0.10206988139066897,-2.4013841438900316,0.04062341718148964,0.0773343307369511,1783858758.7796173,-0.777249813079834,-0.10371480137109756,-2.401889209651232,1783858758.7954986,-0.8054644407627312,-0.030724765179664153,-2.4221794140902535,1783858758.7958534,-0.02453806267961889,-0.07153568471189663,-0.016643256595311406,1783858758.795934,0.03969659562041408,0.07761608768866268,1783858758.7813044,124.0,108.0,410.0,1783858758.781777,28089.205078125,nan,nan,55.86323547363281,nan
52.64008855819702,1783858758.8458884,BSMC,eight,optuna_t003_r01,1783858758.796242,-0.777256897376574,-0.10206988139066897,-2.4013841438900316,0.04062341718148964,0.0773343307369511,1783858758.831739,-0.7785550951957703,-0.10491891205310822,-2.397896124041863,1783858758.8351026,-0.8069569328941547,-0.03203749268141293,-2.4181984642632828,1783858758.8355324,-0.025304409286944496,-0.07173781742364822,-0.016814320373251146,1783858758.83568,0.039366168718194844,0.07755623293156695,1783858758.826899,171.0,102.0,402.0,1783858758.8272762,28089.25,nan,nan,45.17819595336914,nan
52.679895639419556,1783858758.8856955,BSMC,eight,optuna_t003_r01,1783858758.846058,-0.7788572494977297,-0.10384205249333525,-2.3972081610856626,0.04146492131866373,0.07862909202681519,1783858758.8802915,-0.7796878218650818,-0.10631728917360306,-2.3955062096585436,1783858758.8760936,-0.8084475091308047,-0.03335911264417668,-2.414205301806454,1783858758.8757136,-0.025989761448725578,-0.07188852881212153,-0.016997140720791396,1783858758.8761795,0.03906727385244119,0.0775173238265098,1783858758.8854213,171.0,102.0,414.0,1783858758.8272762,28089.25,nan,nan,45.17819595336914,nan
52.72025275230408,1783858758.9260526,BSMC,eight,optuna_t003_r01,1783858758.896151,-0.7804066483973919,-0.10558402377686887,-2.3935587335715076,0.042404625164524,0.07887989477623142,1783858758.8802915,-0.7796878218650818,-0.10631728917360306,-2.3955062096585436,1783858758.914923,-0.8099362805602596,-0.034689806514571424,-2.410198664853665,1783858758.9152665,-0.02657613181888405,-0.07205344151706702,-0.01663993128215724,1783858758.9153614,0.03880789699018832,0.07772036478693126,1783858758.8854213,171.0,102.0,414.0,1783858758.8860507,28089.30859375,nan,nan,58.892696380615234,nan
52.76014184951782,1783858758.9659417,BSMC,eight,optuna_t003_r01,1783858758.9463515,-0.7818204800176298,-0.10716994647381992,-2.390254651510758,0.04157546137608806,0.07727390474543759,1783858758.9308696,-0.7809748649597168,-0.10759937763214111,-2.392460453467448,1783858758.9549594,-0.8114199097853768,-0.03602664317460802,-2.4061866138263537,1783858758.95553,-0.026933080777869052,-0.0721949098393524,-0.015931962315595793,1783858758.9553185,0.03864254411393141,0.07809264204982767,1783858758.9262996,124.0,96.0,451.0,1783858758.9263709,28089.349609375,nan,nan,40.3804931640625,nan
52.80019807815552,1783858759.005998,BSMC,eight,optuna_t003_r01,1783858758.9960334,-0.7832382397641594,-0.10880003231646802,-2.3853126470178903,0.03893408321658626,0.07885902998790667,1783858758.9802349,-0.7831761240959167,-0.1100531592965126,-2.3843398448289093,1783858758.9955692,-0.8129128449919889,-0.037382819331670286,-2.4021289085755555,1783858758.9960487,-0.024916330186094977,-0.07222295178480868,-0.011874257064797611,1783858758.99615,0.03947158485350238,0.07993108203038743,1783858758.9788768,78.0,83.0,430.0,1783858758.9793937,28089.40234375,nan,nan,52.53804016113281,nan
52.84044098854065,1783858759.0462408,BSMC,eight,optuna_t003_r01,1783858758.9960334,-0.7832382397641594,-0.10880003231646802,-2.3853126470178903,0.03893408321658626,0.07885902998790667,1783858759.030623,-0.7845173478126526,-0.11181923747062683,-2.380681165578814,1783858759.0358298,-0.8143937593671681,-0.03873906868811786,-2.3980824620360397,1783858759.0359964,-0.02541492448711319,-0.07234145864980049,-0.012769815018149446,1783858759.036409,0.03924080990197593,0.0796561856964508,1783858759.0264485,124.0,89.0,407.0,1783858759.0268047,28089.451171875,nan,nan,47.99911117553711,nan
52.880266189575195,1783858759.086066,BSMC,eight,optuna_t003_r01,1783858759.046399,-0.7846550339042181,-0.1104764389403268,-2.380708108859728,0.03769662354498403,0.07981348854142915,1783858759.0804257,-0.7859026789665222,-0.11355115473270416,-2.3778819504879722,1783858759.0757458,-0.8158478997994365,-0.04008158827396115,-2.394087322427447,1783858759.0761037,-0.02595094165022821,-0.07249123057697014,-0.01337921356771865,1783858759.0762346,0.038992444206385514,0.07950949558502257,1783858759.079404,171.0,108.0,405.0,1783858759.0797286,28089.50390625,nan,nan,53.05695724487305,nan
52.92068934440613,1783858759.1264892,BSMC,eight,optuna_t003_r01,1783858759.0961502,-0.7861579919427559,-0.11225754347054671,-2.3767205257050774,0.03899862431087089,0.08018098957016186,1783858759.0804257,-0.7859026789665222,-0.11355115473270416,-2.3778819504879722,1783858759.1153042,-0.8173011940724041,-0.041434149102876905,-2.3900717650298104,1783858759.1156778,-0.026572373171105588,-0.07266196537874621,-0.013351239324733033,1783858759.1157775,0.038706264033877655,0.07964487840789826,1783858759.079404,171.0,108.0,405.0,1783858759.0797286,28089.50390625,nan,nan,53.05695724487305,nan
52.95992422103882,1783858759.165724,BSMC,eight,optuna_t003_r01,1783858759.146177,-0.7876898983358882,-0.1140159675305732,-2.3740452594823735,0.04028176317098604,0.07712459147675792,1783858759.1317778,-0.7873750925064087,-0.11500420421361923,-2.3772630917429427,1783858759.1553361,-0.8187512756529437,-0.042794647430064524,-2.386041290801449,1783858759.1560435,-0.027101859027480805,-0.07282015404368608,-0.011996031319075673,1783858759.1561408,0.03845704016465727,0.08036245161319544,1783858759.1274843,156.0,108.0,444.0,1783858759.129485,28089.55078125,nan,nan,48.10872268676758,nan
53.000221967697144,1783858759.2060218,BSMC,eight,optuna_t003_r01,1783858759.1961458,-0.7891343261316204,-0.11571903089084327,-2.3713899564365937,0.03959558402671904,0.07352704494185969,1783858759.1804426,-0.7888068556785583,-0.116790771484375,-2.374259259468646,1783858759.1952126,-0.8202032172083116,-0.04416797722887225,-2.381980664041158,1783858759.1956902,-0.025103416563894795,-0.07284007228240486,-0.007935404558784498,1783858759.1959271,0.03926581643806012,0.08227506945106972,1783858759.1826575,109.0,96.0,426.0,1783858759.1829965,28089.60546875,nan,nan,54.75930404663086,nan
53.040197134017944,1783858759.245997,BSMC,eight,optuna_t003_r01,1783858759.1961458,-0.7891343261316204,-0.11571903089084327,-2.3713899564365937,0.03959558402671904,0.07352704494185969,1783858759.233381,-0.7899130582809448,-0.11832332611083984,-2.3688954137875187,1783858759.2352502,-0.8216518853422969,-0.04554942239347255,-2.377903074477472,1783858759.2369914,-0.02551763327543852,-0.07300695861158969,-0.006513118040878396,1783858759.2357898,0.03905956067850394,0.08304974688257255,1783858759.229774,124.0,89.0,411.0,1783858759.2302423,28089.654296875,nan,nan,47.28116226196289,nan
53.080095529556274,1783858759.2858953,BSMC,eight,optuna_t003_r01,1783858759.2462146,-0.7904547517910245,-0.11734495891515836,-2.367868552652345,0.03868903429032534,0.07285215572487157,1783858759.2834327,-0.7920740842819214,-0.1213521659374237,-2.3585247605027138,1783858759.276225,-0.8230910149906325,-0.046933019994216105,-2.373825275354492,1783858759.2764328,-0.02585899244289592,-0.07317294122883707,-0.005956722702147309,1783858759.276985,0.038881189810827214,0.0834712948630906,1783858759.229774,124.0,89.0,411.0,1783858759.2302423,28089.654296875,nan,nan,47.28116226196289,nan
53.12000012397766,1783858759.3258,BSMC,eight,optuna_t003_r01,1783858759.2961123,-0.792001261111971,-0.11931661703595467,-2.3616252800731807,0.03930084634251065,0.07993201493149889,1783858759.2834327,-0.7920740842819214,-0.1213521659374237,-2.3585247605027138,1783858759.31512,-0.8244988020778781,-0.04829749080711328,-2.3698089814297223,1783858759.3152046,-0.02684095507299522,-0.07334418579484243,-0.00818370135654156,1783858759.315499,0.03843171254410583,0.08272139638988163,1783858759.293622,156.0,96.0,435.0,1783858759.2941349,28089.716796875,nan,nan,63.7974739074707,nan
53.160282373428345,1783858759.3660822,BSMC,eight,optuna_t003_r01,1783858759.346203,-0.7934888071776697,-0.12115510876356421,-2.3577167800383387,0.04012189295457805,0.08018323829013461,1783858759.333582,-0.7932000160217285,-0.122480608522892,-2.3589564471846662,1783858759.3551,-0.8259246207404967,-0.04969069938805196,-2.3657124638812155,1783858759.3554063,-0.027485512394891127,-0.07351047828210315,-0.007995683842876744,1783858759.355492,0.038121495838674226,0.08301718194671368,1783858759.3280005,156.0,102.0,410.0,1783858759.3285003,28089.751953125,nan,nan,34.42991638183594,nan
53.20043659210205,1783858759.4062364,BSMC,eight,optuna_t003_r01,1783858759.3967326,-0.7950139396070431,-0.12305175828323006,-2.35340281902533,0.03881806159669751,0.07998414906711829,1783858759.3823714,-0.7952788472175598,-0.1249581128358841,-2.3537438860615514,1783858759.3954926,-0.8273374690989385,-0.05108258316391413,-2.361623358013487,1783858759.395917,-0.025502247014547157,-0.07352228339070399,-0.003906577975148373,1783858759.3960547,0.03891148610052547,0.08501409497651133,1783858759.3869195,93.0,89.0,444.0,1783858759.3873158,28089.810546875,nan,nan,59.109195709228516,nan
53.24000787734985,1783858759.4458077,BSMC,eight,optuna_t003_r01,1783858759.3967326,-0.7950139396070431,-0.12305175828323006,-2.35340281902533,0.03881806159669751,0.07998414906711829,1783858759.4354649,-0.7962790131568909,-0.12619805335998535,-2.35028057580324,1783858759.4350777,-0.8287446193423725,-0.052480257656760496,-2.3575198915780233,1783858759.4355326,-0.026256186004994526,-0.0736797675929443,-0.004117072552693113,1783858759.435667,0.03855078111561664,0.08517174882880033,1783858759.427342,93.0,83.0,425.0,1783858759.4277298,28089.8515625,nan,nan,40.265132904052734,nan
53.27989912033081,1783858759.485699,BSMC,eight,optuna_t003_r01,1783858759.446142,-0.7963030593615649,-0.12469934738006185,-2.349625015850192,0.0369189889147239,0.07839441644167476,1783858759.4845421,-0.7972463965415955,-0.12805886566638947,-2.3501773981097807,1783858759.4762344,-0.8301407977588978,-0.05387846180152714,-2.3534166548924578,1783858759.4757729,-0.026636639137442616,-0.0738314284667167,-0.003791639042265871,1783858759.4763231,0.03834451253648991,0.08557229959665125,1783858759.478798,171.0,96.0,346.0,1783858759.479105,28089.90234375,nan,nan,51.710304260253906,nan
53.32000279426575,1783858759.5258026,BSMC,eight,optuna_t003_r01,1783858759.496532,-0.797666703033756,-0.1265205827865946,-2.347001250551992,0.0377773319174478,0.0755076180319238,1783858759.4845421,-0.7972463965415955,-0.12805886566638947,-2.3501773981097807,1783858759.514728,-0.831527311625317,-0.055278435164107756,-2.3493091511498188,1783858759.5151186,-0.027114844330542395,-0.07407273202053206,-0.002307900597826596,1783858759.5153403,0.03809523237669277,0.08645850792734135,1783858759.478798,171.0,96.0,346.0,1783858759.479105,28089.90234375,nan,nan,51.710304260253906,nan
53.360453367233276,1783858759.5662532,BSMC,eight,optuna_t003_r01,1783858759.5463936,-0.7991666724174039,-0.1284550539728318,-2.3440945485507596,0.04056035002642976,0.07505169012413598,1783858759.5341463,-0.798725426197052,-0.12981444597244263,-2.346797614897073,1783858759.5547957,-0.8329128306097795,-0.05668898845430121,-2.3451706785911473,1783858759.5551467,-0.027784901645410053,-0.07427765877644336,-0.0010761300403876461,1783858759.555245,0.03776291350505619,0.08726212175500675,1783858759.5281122,203.0,108.0,411.0,1783858759.5284293,28089.951171875,nan,nan,49.053321838378906,nan
53.40005588531494,1783858759.6058557,BSMC,eight,optuna_t003_r01,1783858759.596076,-0.8008095749796309,-0.13058978417884837,-2.3413979976168084,0.04155019505649448,0.07231103766394116,1783858759.585057,-0.8011415004730225,-0.13292334973812103,-2.3436007555100327,1783858759.5949202,-0.834297466058313,-0.058110407406405315,-2.340999531321634,1783858759.595209,-0.025800552088904645,-0.07427565869316351,0.0030950172291257516,1783858759.5954192,0.03854011364636798,0.08936887927896832,1783858759.5819645,124.0,115.0,441.0,1783858759.5824962,28090.005859375,nan,nan,53.67390060424805,nan
53.440152645111084,1783858759.6459525,BSMC,eight,optuna_t003_r01,1783858759.596076,-0.8008095749796309,-0.13058978417884837,-2.3413979976168084,0.04155019505649448,0.07231103766394116,1783858759.629212,-0.8017522096633911,-0.13375423848628998,-2.338428681147165,1783858759.6353424,-0.8356626198507671,-0.05952354042730268,-2.336851051313008,1783858759.6354256,-0.026711956771484927,-0.07450917462421563,0.004546946303800592,1783858759.635559,0.03810192297777897,0.09028706062370148,1783858759.6285257,109.0,102.0,385.0,1783858759.629011,28090.052734375,nan,nan,46.7578239440918,nan
53.48029351234436,1783858759.6860933,BSMC,eight,optuna_t003_r01,1783858759.6461809,-0.8022162632762017,-0.13243896230938454,-2.3376907338674338,0.040681477636109326,0.0716817886552729,1783858759.6801414,-0.8032172322273254,-0.13568885624408722,-2.3349454566672856,1783858759.675376,-0.8370473883933088,-0.060969070167605,-2.3326048863010036,1783858759.6756935,-0.027293862647703993,-0.07467394339024452,0.005085847566430156,1783858759.675889,0.03779851912415293,0.09085703331012357,1783858759.6785004,187.0,89.0,354.0,1783858759.6786373,28090.1015625,nan,nan,49.76195526123047,nan
53.520230293273926,1783858759.72603,BSMC,eight,optuna_t003_r01,1783858759.6962676,-0.8036940456777768,-0.13437882238937282,-2.3338441413359887,0.04145964226284111,0.0736464409320468,1783858759.6801414,-0.8032172322273254,-0.13568885624408722,-2.3349454566672856,1783858759.7158046,-0.8384103139036783,-0.06240390549368866,-2.3283866841237435,1783858759.716334,-0.02802527902077175,-0.0748344284235623,0.00545745721224522,1783858759.7164507,0.037430797641876394,0.0913693623084296,1783858759.6785004,187.0,89.0,354.0,1783858759.6786373,28090.1015625,nan,nan,49.76195526123047,nan
53.5604190826416,1783858759.766219,BSMC,eight,optuna_t003_r01,1783858759.7468567,-0.8050467272160989,-0.13613959817654117,-2.331310839119046,0.042264391511843316,0.07202781375007918,1783858759.7318726,-0.8039528131484985,-0.1365504115819931,-2.3346515126450322,1783858759.7547934,-0.8397319216033076,-0.06380692333609811,-2.324257866646053,1783858759.755096,-0.028495375130088773,-0.0749872799576517,0.00705297247299308,1783858759.7553468,0.03717151793650525,0.09240465622736324,1783858759.735005,171.0,102.0,430.0,1783858759.735327,28090.158203125,nan,nan,56.7772216796875,nan
53.60023736953735,1783858759.8060372,BSMC,eight,optuna_t003_r01,1783858759.7959974,-0.8062312703023629,-0.13769497657968102,-2.328752043522784,0.04069108391808524,0.06886565534609557,1783858759.780135,-0.8051803708076477,-0.13798223435878754,-2.3311804660412303,1783858759.7949302,-0.8410762346745574,-0.06524606319933843,-2.3200176397896133,1783858759.7952511,-0.026526117660945956,-0.07496921895752039,0.011293199329432735,1783858759.7953427,0.037929427966463904,0.09461383922312055,1783858759.7799156,93.0,102.0,436.0,1783858759.7800548,28090.203125,nan,nan,43.51351547241211,nan
53.640501737594604,1783858759.8463016,BSMC,eight,optuna_t003_r01,1783858759.7959974,-0.8062312703023629,-0.13769497657968102,-2.328752043522784,0.04069108391808524,0.06886565534609557,1783858759.8309708,-0.8064917922019958,-0.14001482725143433,-2.325325312751007,1783858759.8348372,-0.8424002079327166,-0.06667549878413094,-2.315800048494931,1783858759.8352966,-0.026713476959290466,-0.07508893676438966,0.012951995027853158,1783858759.8353949,0.037782888950794076,0.09571693229911055,1783858759.8285086,78.0,76.0,395.0,1783858759.8288693,28090.251953125,nan,nan,49.78144073486328,nan
53.68074703216553,1783858759.8865469,BSMC,eight,optuna_t003_r01,1783858759.8463874,-0.8073316772487414,-0.13923823675212307,-2.3250470105659238,0.037618415280697086,0.06830313758173236,1783858759.8827744,-0.8081657886505127,-0.14209690690040588,-2.321681699938679,1783858759.876234,-0.8437402510025425,-0.068134718558995,-2.311487592345226,1783858759.876331,-0.026888658221162886,-0.07522163652362233,0.01355941822069795,1783858759.876414,0.037638574100969054,0.09639860964864093,1783858759.878587,156.0,76.0,381.0,1783858759.8790634,28090.302734375,nan,nan,50.167510986328125,nan
53.720478534698486,1783858759.9262784,BSMC,eight,optuna_t003_r01,1783858759.8961866,-0.808568688909213,-0.14092376044020963,-2.3212423908714968,0.03704675429987961,0.07007915539971867,1783858759.8827744,-0.8081657886505127,-0.14209690690040588,-2.321681699938679,1783858759.9156246,-0.8450557176040419,-0.06957958412585682,-2.307209750541604,1783858759.9165897,-0.027297162790555076,-0.07534029241074568,0.014032640329892931,1783858759.9168375,0.037395208552981625,0.09703738815847292,1783858759.878587,156.0,76.0,381.0,1783858759.8790634,28090.302734375,nan,nan,50.167510986328125,nan
53.76043725013733,1783858759.966237,BSMC,eight,optuna_t003_r01,1783858759.9460595,-0.8098689834942788,-0.1427849284316987,-2.3150619369049115,0.038730693568552195,0.07862732659529499,1783858759.9324532,-0.8091737627983093,-0.1440318375825882,-2.3122510607438382,1783858759.955167,-0.8463607462368673,-0.07102537726774114,-2.3029205398158266,1783858759.9555135,-0.028064612451663366,-0.07545501613048634,0.012141397089084904,1783858759.9556,0.037000891311800295,0.09670060163805524,1783858759.9288874,187.0,96.0,403.0,1783858759.9292336,28090.353515625,nan,nan,50.15748977661133,nan
53.80030608177185,1783858760.006106,BSMC,eight,optuna_t003_r01,1783858759.995971,-0.8113796407004275,-0.14495522460260765,-2.309078257189729,0.03897671586776304,0.08351730920796285,1783858759.9813406,-0.8116591572761536,-0.14755301177501678,-2.306795450255784,1783858759.9950159,-0.8476504158868436,-0.07246652821826144,-2.2986356826701737,1783858759.9954815,-0.026130859350340173,-0.07542739709033992,0.016426254234737758,1783858759.9956832,0.03773263897200603,0.09899733686870675,1783858759.9794724,109.0,102.0,446.0,1783858759.9797902,28090.404296875,nan,nan,50.81340789794922,nan
53.84001708030701,1783858760.045817,BSMC,eight,optuna_t003_r01,1783858759.995971,-0.8113796407004275,-0.14495522460260765,-2.309078257189729,0.03897671586776304,0.08351730920796285,1783858760.0335455,-0.8128461837768555,-0.14903905987739563,-2.3067422899946015,1783858760.0352378,-0.8489593694049012,-0.0739420683187818,-2.294237971994599,1783858760.0355628,-0.027231332105519084,-0.07558808720064195,0.014840285195130143,1783858760.0356495,0.037193199201785904,0.09882062236283141,1783858760.0301323,93.0,102.0,412.0,1783858760.0302534,28090.453125,nan,nan,49.96583938598633,nan
53.880183696746826,1783858760.0859835,BSMC,eight,optuna_t003_r01,1783858760.0459952,-0.8127514072994755,-0.14692171246519467,-2.305436085615404,0.038044023392274265,0.08059675384797582,1783858760.0817983,-0.8138622045516968,-0.15059305727481842,-2.2993041737353157,1783858760.0752857,-0.850225191991987,-0.07538155232264654,-2.2899365432621948,1783858760.0753794,-0.027968546993079785,-0.07576304792904012,0.015499542353209161,1783858760.0756803,0.036804293430551714,0.09958388785610338,1783858760.0795674,171.0,89.0,352.0,1783858760.0798583,28090.50390625,nan,nan,50.16441345214844,nan
53.91998648643494,1783858760.1257863,BSMC,eight,optuna_t003_r01,1783858760.0967257,-0.814139738495763,-0.14891498870191833,-2.300059721384593,0.038817705619663974,0.08432728219614241,1783858760.0817983,-0.8138622045516968,-0.15059305727481842,-2.2993041737353157,1783858760.1157248,-0.8515248994697352,-0.07687270397801343,-2.2854682000468074,1783858760.116141,-0.028808939295215795,-0.0758800768711693,0.014591521337785629,1783858760.1162376,0.03636844239883043,0.09973943920249406,1783858760.0795674,171.0,89.0,352.0,1783858760.0798583,28090.50390625,nan,nan,50.16441345214844,nan
53.960018157958984,1783858760.165818,BSMC,eight,optuna_t003_r01,1783858760.146013,-0.815470186639898,-0.15086334128444284,-2.295890391341582,0.04018007182511764,0.08616211545943027,1783858760.1330347,-0.8149118423461914,-0.15226046741008759,-2.297458838852486,1783858760.1551874,-0.852776000564855,-0.07832093638909104,-2.281115420374661,1783858760.1556244,-0.029551988953919497,-0.07603160007176027,0.014774970966920709,1783858760.156125,0.03597309187272597,0.10034372287001822,1783858760.1313205,187.0,83.0,416.0,1783858760.13091,28090.552734375,nan,nan,49.82963180541992,nan
54.00011610984802,1783858760.205916,BSMC,eight,optuna_t003_r01,1783858760.196348,-0.8166695183616842,-0.1525867261748748,-2.2925359675099615,0.03822815684100924,0.08306062355104665,1783858760.1803646,-0.8161606788635254,-0.15366432070732117,-2.2951872367205404,1783858760.1962764,-0.8540460272410262,-0.07980425669713302,-2.276642980115431,1783858760.1968257,-0.02759952797406745,-0.07599838837816739,0.019247411226150923,1783858760.196929,0.036699830848301876,0.10280459152675188,1783858760.179384,78.0,83.0,468.0,1783858760.1797848,28090.603515625,nan,nan,49.88225555419922,nan
54.04015755653381,1783858760.2459574,BSMC,eight,optuna_t003_r01,1783858760.196348,-0.8166695183616842,-0.1525867261748748,-2.2925359675099615,0.03822815684100924,0.08306062355104665,1783858760.2331138,-0.8176868557929993,-0.15576596558094025,-2.2900156469141986,1783858760.2348716,-0.8552730894890044,-0.08125029617097301,-2.2722682726657237,1783858760.235154,-0.028044173116887974,-0.07610943636418327,0.020267694844237738,1783858760.2352257,0.03642505874349525,0.10379469250533378,1783858760.2293816,78.0,76.0,371.0,1783858760.229709,28090.654296875,nan,nan,50.195709228515625,nan
54.08033204078674,1783858760.2861319,BSMC,eight,optuna_t003_r01,1783858760.2461228,-0.8178141691387787,-0.15426349675458978,-2.2887928394606147,0.035599883291332554,0.08073697808094286,1783858760.283073,-0.8183003067970276,-0.15722247958183289,-2.2844084772694746,1783858760.2755234,-0.8565273471585088,-0.08274179118207034,-2.267739992713588,1783858760.27585,-0.028396291204079042,-0.0762083667732265,0.021052846747026788,1783858760.275936,0.03618459409569046,0.10472379918925995,1783858760.2804832,187.0,83.0,307.0,1783858760.2809057,28090.705078125,nan,nan,51.06172561645508,nan
54.12043857574463,1783858760.3262384,BSMC,eight,optuna_t003_r01,1783858760.2963996,-0.8189772653350037,-0.1560433414967803,-2.284083214566289,0.03654277294542435,0.08357024721288049,1783858760.283073,-0.8183003067970276,-0.15722247958183289,-2.2844084772694746,1783858760.314987,-0.8577467733626944,-0.08420516696350769,-2.2632803766736345,1783858760.315293,-0.028957348425722864,-0.07632345671635557,0.02080283789265458,1783858760.3153732,0.03585747555284746,0.10522363345715968,1783858760.2804832,187.0,83.0,307.0,1783858760.2809057,28090.705078125,nan,nan,51.06172561645508,nan
54.16007161140442,1783858760.3658714,BSMC,eight,optuna_t003_r01,1783858760.3460815,-0.820198798772235,-0.15789855789954613,-2.2793848010626845,0.03853439949012488,0.08690757846826921,1783858760.3348005,-0.8194802403450012,-0.1590002328157425,-2.27999236545854,1783858760.3550491,-0.8589655569732568,-0.08568118996927337,-2.258764583103966,1783858760.3557,-0.02960533055080527,-0.0764312382156042,0.020620217958718268,1783858760.3554096,0.03549121535659641,0.10577539317955312,1783858760.3325992,187.0,89.0,385.0,1783858760.333959,28090.755859375,nan,nan,52.129878997802734,nan
54.20037364959717,1783858760.4061735,BSMC,eight,optuna_t003_r01,1783858760.3963342,-0.8213565125834531,-0.15965413518949131,-2.2760190984903668,0.0381146575985297,0.08445081727604555,1783858760.3818576,-0.8206593990325928,-0.16064177453517914,-2.2786963085913623,1783858760.3949966,-0.8601743625209842,-0.08715870260854645,-2.2542256196343224,1783858760.3957472,-0.027696837449083345,-0.07638755146580457,0.025159181428362043,1783858760.395357,0.03618921847187888,0.10833289370169796,1783858760.3819034,109.0,89.0,378.0,1783858760.383173,28090.806640625,nan,nan,49.2540283203125,nan
54.24047327041626,1783858760.446273,BSMC,eight,optuna_t003_r01,1783858760.3963342,-0.8213565125834531,-0.15965413518949131,-2.2760190984903668,0.0381146575985297,0.08445081727604555,1783858760.4300902,-0.8224921822547913,-0.16360345482826233,-2.2712733088979955,1783858760.4348245,-0.8613756934804176,-0.08864080510604645,-2.249652962978075,1783858760.4351861,-0.028133747156901853,-0.07650438000608713,0.026366135512291944,1783858760.4352713,0.0359057070087264,0.10949227797378898,1783858760.4296694,93.0,76.0,379.0,1783858760.4299796,28090.853515625,nan,nan,47.81513977050781,nan
54.28010129928589,1783858760.485901,BSMC,eight,optuna_t003_r01,1783858760.4459696,-0.8225724276788532,-0.16156570328062356,-2.271221101858116,0.03651245319297183,0.08529238748881765,1783858760.4841468,-0.8233805298805237,-0.16524073481559753,-2.2669264674710554,1783858760.4750206,-0.8625729657364128,-0.0901318597366253,-2.245031986310288,1783858760.475406,-0.028834017112530877,-0.07662529938288644,0.026189115547827768,1783858760.4755063,0.03551112384760435,0.11009932365876156,1783858760.481718,171.0,70.0,352.0,1783858760.4823103,28090.90625,nan,nan,51.6285285949707,nan
54.31999182701111,1783858760.5257916,BSMC,eight,optuna_t003_r01,1783858760.4961975,-0.8237664821318725,-0.16348929799490586,-2.2664113493293874,0.03679966706940232,0.08791403129676564,1783858760.4841468,-0.8233805298805237,-0.16524073481559753,-2.2669264674710554,1783858760.5147429,-0.8637563000533445,-0.09161960342024658,-2.240399673616286,1783858760.5150654,-0.029543686255925457,-0.07675681818613073,0.026011675713101475,1783858760.5157006,0.035111033190098666,0.11072016580522485,1783858760.481718,171.0,70.0,352.0,1783858760.4823103,28090.90625,nan,nan,51.6285285949707,nan
54.36037230491638,1783858760.5661721,BSMC,eight,optuna_t003_r01,1783858760.5469608,-0.8249199089101631,-0.16542236233681526,-2.261385830636665,0.03787331951178663,0.09097167643963876,1783858760.530888,-0.8240258097648621,-0.16677694022655487,-2.262236124473687,1783858760.5548532,-0.8649307445790642,-0.09311034124580168,-2.2357354897353465,1783858760.555179,-0.03025664277584562,-0.07690533748138595,0.025650340901318458,1783858760.555268,0.034707808097209934,0.1112810726806446,1783858760.53079,171.0,83.0,402.0,1783858760.5318968,28090.955078125,nan,nan,49.03941345214844,nan
54.400312185287476,1783858760.606112,BSMC,eight,optuna_t003_r01,1783858760.5961297,-0.8258936683112161,-0.1670698596602071,-2.2578222785020667,0.0366285901916765,0.08831811102752125,1783858760.5824077,-0.825009286403656,-0.16806787252426147,-2.2601372252799767,1783858760.5949247,-0.8660963775467017,-0.0946042264043963,-2.2310378973776075,1783858760.5952873,-0.028362552014008932,-0.07685229723027837,0.03034793325905749,1783858760.5953789,0.035388477513105504,0.11398593275842438,1783858760.5805535,93.0,83.0,397.0,1783858760.5809968,28091.00390625,nan,nan,50.01820373535156,nan
54.440043210983276,1783858760.645843,BSMC,eight,optuna_t003_r01,1783858760.5961297,-0.8258936683112161,-0.1670698596602071,-2.2578222785020667,0.0366285901916765,0.08831811102752125,1783858760.6313374,-0.8266101479530334,-0.17044749855995178,-2.252961959481722,1783858760.6351264,-0.8672569126767293,-0.09610614899965424,-2.2262903198592836,1783858760.6354444,-0.028630326774862488,-0.07698747043461303,0.03153195864278313,1783858760.6355274,0.03516535779152456,0.1152243640946869,1783858760.6307843,109.0,70.0,324.0,1783858760.631153,28091.0546875,nan,nan,50.33284378051758,nan
54.48018479347229,1783858760.6859846,BSMC,eight,optuna_t003_r01,1783858760.6462357,-0.8269766834403196,-0.16885595233431797,-2.252824815087512,0.03525109930063358,0.08944153240755215,1783858760.6834724,-0.827536404132843,-0.1721208542585373,-2.249114956222352,1783858760.6767185,-0.8684028721064291,-0.0976038699357359,-2.2215304108672127,1783858760.6774397,-0.029198893304801857,-0.07707407465100843,0.03129440422029939,1783858760.676938,0.034816853495622864,0.11590479015385201,1783858760.6813962,187.0,83.0,364.0,1783858760.6820562,28091.10546875,nan,nan,50.691585540771484,nan
54.52033567428589,1783858760.7261355,BSMC,eight,optuna_t003_r01,1783858760.6961577,-0.8281170634741937,-0.17073831631982642,-2.248082416217872,0.03666209426570726,0.09159694825638177,1783858760.6834724,-0.827536404132843,-0.1721208542585373,-2.249114956222352,1783858760.7152107,-0.8695446917982199,-0.0991110800175178,-2.216713568248137,1783858760.715788,-0.029855525949204563,-0.07717095916960467,0.03136884796973494,1783858760.7158682,0.03442857043350983,0.11673492056722168,1783858760.6813962,187.0,83.0,364.0,1783858760.6820562,28091.10546875,nan,nan,50.691585540771484,nan
54.56014323234558,1783858760.765943,BSMC,eight,optuna_t003_r01,1783858760.7469754,-0.8292854893307069,-0.1727421927390371,-2.2424980671233716,0.03866388662648772,0.09507706600520932,1783858760.7326927,-0.8283833861351013,-0.17402853071689606,-2.242555513233007,1783858760.755505,-0.8706612317105362,-0.10059971470411572,-2.2119287797144267,1783858760.7551858,-0.030721609934551006,-0.07728306332910476,0.030569287408944934,1783858760.7556007,0.03395351418899476,0.11721284534753743,1783858760.7312865,171.0,102.0,370.0,1783858760.7319777,28091.154296875,nan,nan,49.845359802246094,nan
54.600568532943726,1783858760.8063684,BSMC,eight,optuna_t003_r01,1783858760.796378,-0.8304539650693537,-0.17489604986592247,-2.2353045098247106,0.037704024413372915,0.10093035093305082,1783858760.783299,-0.8302026987075806,-0.17753227055072784,-2.2323570838724858,1783858760.7954946,-0.8717734055506481,-0.10209749414895221,-2.2070862526640895,1783858760.7951453,-0.028857075588505938,-0.0772215361934476,0.0354118144592821,1783858760.795595,0.034611812355681636,0.12005628680865067,1783858760.7810771,93.0,76.0,374.0,1783858760.7814934,28091.205078125,nan,nan,49.46862030029297,nan
54.64003658294678,1783858760.8458364,BSMC,eight,optuna_t003_r01,1783858760.796378,-0.8304539650693537,-0.17489604986592247,-2.2353045098247106,0.037704024413372915,0.10093035093305082,1783858760.8308072,-0.8308151960372925,-0.17867876589298248,-2.227186132918396,1783858760.83533,-0.8728976886985141,-0.10362721384993037,-2.2021101105349823,1783858760.8356626,-0.029930407614387405,-0.07736205376422958,0.03319439928972834,1783858760.8357813,0.03404582796904489,0.12001053422985308,1783858760.8334534,85.0,64.0,379.0,1783858760.8323157,28091.255859375,nan,nan,50.57233810424805,nan
54.680169343948364,1783858760.8859692,BSMC,eight,optuna_t003_r01,1783858760.846099,-0.8314094347503913,-0.1767369481354678,-2.2287115210652555,0.03519696566444698,0.10382766180270171,1783858760.8813965,-0.8313839435577393,-0.18011939525604248,-2.2242345295605053,1783858760.8756618,-0.8739913772991698,-0.10513084448879145,-2.197187951820103,1783858760.8761625,-0.030622153385785857,-0.07747863984804734,0.031523569245152316,1783858760.8769565,0.033639131291999975,0.12019963998983128,1783858760.8830242,156.0,76.0,379.0,1783858760.8832684,28091.306640625,nan,nan,51.8553581237793,nan
54.720526933670044,1783858760.9263268,BSMC,eight,optuna_t003_r01,1783858760.8961484,-0.8323504474892714,-0.17858603840877643,-2.223195788176962,0.03514150320460427,0.10486437290408392,1783858760.8813965,-0.8313839435577393,-0.18011939525604248,-2.2242345295605053,1783858760.9150028,-0.8750690894523824,-0.10662796191409137,-2.192255705856225,1783858760.9153109,-0.031245735348525618,-0.07763086478017173,0.03094008232073708,1783858760.9154441,0.03325826582813017,0.12084100182799473,1783858760.8830242,156.0,76.0,379.0,1783858760.8832684,28091.306640625,nan,nan,51.8553581237793,nan
54.76045799255371,1783858760.9662578,BSMC,eight,optuna_t003_r01,1783858760.946244,-0.8333615929376899,-0.18054366580469636,-2.216691917360507,0.036699109860275976,0.10925238808561588,1783858760.9300714,-0.8323059678077698,-0.18194925785064697,-2.216682100321242,1783858760.9551435,-0.8761491600626985,-0.10814422425824667,-2.187227431398515,1783858760.955424,-0.03206094196958499,-0.07774671077761303,0.029464485961991915,1783858760.9555042,0.032795192289805514,0.1211606117717462,1783858760.9325,179.0,83.0,350.0,1783858760.9325807,28091.357421875,nan,nan,49.27724838256836,nan
54.80069661140442,1783858761.0064964,BSMC,eight,optuna_t003_r01,1783858760.996198,-0.8342746610446217,-0.1823688051440345,-2.2110149211576253,0.03717561519982988,0.11029781197119364,1783858760.9862359,-0.8331039547920227,-0.18346616625785828,-2.2118038880383994,1783858760.995835,-0.877212995387334,-0.10965371764040376,-2.1821876390112562,1783858760.9965358,-0.030215182165910754,-0.07768766320476872,0.03450427834925085,1783858760.9960232,0.03343674758633777,0.12417431502499988,1783858760.982178,140.0,83.0,409.0,1783858760.9830532,28091.40625,nan,nan,49.2489013671875,nan
54.8403263092041,1783858761.0461261,BSMC,eight,optuna_t003_r01,1783858760.996198,-0.8342746610446217,-0.1823688051440345,-2.2110149211576253,0.03717561519982988,0.11029781197119364,1783858761.0323374,-0.8344893455505371,-0.18607516586780548,-2.2065084842315072,1783858761.035293,-0.8782517566645364,-0.11114347177807411,-2.1771795152138633,1783858761.0353608,-0.03084960730949911,-0.07781603164583123,0.033835405943762,1783858761.0354235,0.03304757150145621,0.12484085752501203,1783858761.032606,62.0,64.0,414.0,1783858761.0348718,28091.45703125,nan,nan,50.78924560546875,nan
54.88029432296753,1783858761.0860941,BSMC,eight,optuna_t003_r01,1783858761.0464017,-0.8351679095921509,-0.18420281553661724,-2.2055199112938566,0.0346304044447995,0.10875649653338824,1783858761.0820978,-0.8351216316223145,-0.18784090876579285,-2.2003727329184635,1783858761.0747447,-0.8792977346704111,-0.11265990774174532,-2.17204572680976,1783858761.0756085,-0.03144189982182504,-0.0779566293061578,0.03347418448409645,1783858761.0753908,0.03267182901001262,0.12566795394467478,1783858761.0815713,93.0,57.0,366.0,1783858761.0819032,28091.505859375,nan,nan,49.07596969604492,nan
54.920143842697144,1783858761.1259437,BSMC,eight,optuna_t003_r01,1783858761.0962086,-0.8359456331314866,-0.1859462995852675,-2.1998104131555003,0.03231504209481498,0.10836907284193245,1783858761.0820978,-0.8351216316223145,-0.18784090876579285,-2.2003727329184635,1783858761.1148949,-0.8803321174202544,-0.11417618826495556,-2.1668751226570286,1783858761.1153069,-0.031919191848464576,-0.07811705356826966,0.03293529049847166,1783858761.1154013,0.03234306567087789,0.12644085413549763,1783858761.0815713,93.0,57.0,366.0,1783858761.0819032,28091.505859375,nan,nan,49.07596969604492,nan
54.96021747589111,1783858761.1660173,BSMC,eight,optuna_t003_r01,1783858761.146741,-0.8368284088345204,-0.18782148148935002,-2.193952660039179,0.03290981431657711,0.10957259066578948,1783858761.1332395,-0.8360244631767273,-0.189619779586792,-2.194723404253965,1783858761.155764,-0.8813587818809853,-0.11569809231207545,-2.1616467085579725,1783858761.1560872,-0.032579134294294806,-0.07825175652155189,0.03230595148120674,1783858761.1561718,0.03193592567329864,0.12720885832625556,1783858761.1382768,156.0,76.0,362.0,1783858761.1385207,28091.55859375,nan,nan,53.96683883666992,nan
55.00011348724365,1783858761.2059133,BSMC,eight,optuna_t003_r01,1783858761.1964605,-0.8377334433400258,-0.18970908994808153,-2.1892747302314532,0.03434871311214026,0.10814090474457601,1783858761.1826606,-0.8368176817893982,-0.19122806191444397,-2.1920519104705116,1783858761.1960495,-0.8823881415438012,-0.11724152542374866,-2.1563036728438747,1783858761.196535,-0.030725068686436787,-0.07818688890713757,0.03764898719530452,1783858761.1980112,0.032569558523838714,0.13045489909472077,1783858761.1821375,156.0,83.0,421.0,1783858761.1827188,28091.60546875,nan,nan,46.467010498046875,nan
55.03998899459839,1783858761.2457888,BSMC,eight,optuna_t003_r01,1783858761.1964605,-0.8377334433400258,-0.18970908994808153,-2.1892747302314532,0.03434871311214026,0.10814090474457601,1783858761.229541,-0.8378024101257324,-0.1937696933746338,-2.179446252195317,1783858761.2353542,-0.8833593822041803,-0.11871447985923551,-2.151165372922601,1783858761.2349334,-0.031389942064296905,-0.07833666125195106,0.03810935730885223,1783858761.2355788,0.03216010948279445,0.1316627852893974,1783858761.237195,109.0,70.0,399.0,1783858761.237581,28091.66015625,nan,nan,55.097076416015625,nan
55.08015465736389,1783858761.2859545,BSMC,eight,optuna_t003_r01,1783858761.2459645,-0.838611191385962,-0.1916800510456809,-2.1816276922926714,0.03413248832079066,0.11364713549603252,1783858761.280133,-0.8384246230125427,-0.19532375037670135,-2.1786441162928685,1783858761.2758112,-0.884373538270892,-0.12027041274697438,-2.1456948300296177,1783858761.2761416,-0.032249804481447646,-0.07844411351578373,0.0359328622630537,1783858761.2762604,0.03166464198108013,0.13190600807201075,1783858761.2830799,70.0,57.0,398.0,1783858761.2833512,28091.70703125,nan,nan,46.1789665222168,nan
55.120261430740356,1783858761.3260612,BSMC,eight,optuna_t003_r01,1783858761.2961893,-0.8393442324454266,-0.1934465557806604,-2.1764849600781413,0.03188668081604102,0.1108242776880279,1783858761.280133,-0.8384246230125427,-0.19532375037670135,-2.1786441162928685,1783858761.3148968,-0.8853319231136066,-0.12175819183747552,-2.1404217019465785,1783858761.3155813,-0.03275364190924453,-0.07862116864765956,0.03606325813156275,1783858761.3152409,0.03131925568338074,0.1330313228136453,1783858761.2830799,70.0,57.0,398.0,1783858761.2833512,28091.70703125,nan,nan,46.1789665222168,nan
55.160032749176025,1783858761.3658326,BSMC,eight,optuna_t003_r01,1783858761.3461933,-0.8400517749350894,-0.195273347764427,-2.1709454230596474,0.03124196628628914,0.1103565823810455,1783858761.330866,-0.8389853239059448,-0.19727689027786255,-2.1723200810162178,1783858761.3553123,-0.8863041063084139,-0.12328532436812423,-2.1349650284155897,1783858761.3560438,-0.03328649645363617,-0.07882615570872731,0.03598039464405778,1783858761.3561358,0.03095718330674703,0.13411766143455733,1783858761.3399184,124.0,64.0,341.0,1783858761.340347,28091.763671875,nan,nan,56.65785217285156,nan
55.20023274421692,1783858761.4060326,BSMC,eight,optuna_t003_r01,1783858761.3966765,-0.8410191993436293,-0.1975123141948619,-2.1621646577462665,0.03355842966976913,0.11928870691727206,1783858761.3808808,-0.8403957486152649,-0.20018276572227478,-2.1590156803760863,1783858761.3951616,-0.8872587038950309,-0.12480307105495847,-2.129496503203988,1783858761.3955872,-0.031494850041751926,-0.07875676772306991,0.04144891985565957,1783858761.3956828,0.031559172855359086,0.13748583552364604,1783858761.3830988,179.0,83.0,352.0,1783858761.3834996,28091.806640625,nan,nan,43.278079986572266,nan
55.24047231674194,1783858761.4462721,BSMC,eight,optuna_t003_r01,1783858761.3966765,-0.8410191993436293,-0.1975123141948619,-2.1621646577462665,0.03355842966976913,0.11928870691727206,1783858761.430418,-0.8410630226135254,-0.20096416771411896,-2.15978316140494,1783858761.4352698,-0.8882068400755165,-0.12632912699522886,-2.1239512284916695,1783858761.435965,-0.03278776788444697,-0.07885861940774316,0.03821342925459703,1783858761.4356227,0.03088173471621067,0.13738368853047342,1783858761.4357464,171.0,83.0,365.0,1783858761.436042,28091.859375,nan,nan,52.56866455078125,nan
55.28020238876343,1783858761.4860022,BSMC,eight,optuna_t003_r01,1783858761.4462984,-0.8419514710449945,-0.1995217357817276,-2.156800865651309,0.035789837109353254,0.11891149579191035,1783858761.4810421,-0.8410819172859192,-0.2020442634820938,-2.1570111832810044,1783858761.4747996,-0.8891284737132609,-0.1278309733973368,-2.1184469238108674,1783858761.4751706,-0.03363904847660146,-0.07895346356940687,0.0383539418404415,1783858761.475282,0.03038437902578016,0.1386298544270097,1783858761.4832666,93.0,76.0,407.0,1783858761.4835417,28091.908203125,nan,nan,47.59029006958008,nan
55.32036066055298,1783858761.5261605,BSMC,eight,optuna_t003_r01,1783858761.4963264,-0.8426186811640248,-0.2012298324456157,-2.1526761445306932,0.03495714131197817,0.11352487405334373,1783858761.4810421,-0.8410819172859192,-0.2020442634820938,-2.1570111832810044,1783858761.5149837,-0.8900508360326337,-0.1293529433018829,-2.1128200953942597,1783858761.5154529,-0.033979688011989764,-0.07912949709854086,0.03985604913643348,1783858761.5155954,0.030095559163123713,0.1404373629867235,1783858761.4832666,93.0,76.0,407.0,1783858761.4835417,28091.908203125,nan,nan,47.59029006958008,nan
55.36037087440491,1783858761.5661707,BSMC,eight,optuna_t003_r01,1783858761.5459719,-0.8431869804936054,-0.20279895034550932,-2.1482541704160822,0.03309787556265063,0.109375100756325,1783858761.5320804,-0.8416680693626404,-0.20359808206558228,-2.15127718779064,1783858761.555614,-0.8909633138995434,-0.13087800304481728,-2.107131366980008,1783858761.5551312,-0.03417829190629551,-0.07929088886317472,0.04112280343607422,1783858761.5556993,0.02986512337064238,0.14217941803679787,1783858761.5364347,93.0,64.0,318.0,1783858761.5373874,28091.9609375,nan,nan,52.973060607910156,nan
55.40044856071472,1783858761.6062484,BSMC,eight,optuna_t003_r01,1783858761.5960715,-0.8438179326383854,-0.20447862344822068,-2.14332283547421,0.03325863408821256,0.10936866598999265,1783858761.580204,-0.8422866463661194,-0.20528197288513184,-2.1462035831350628,1783858761.5950546,-0.8918628296187189,-0.1324010728946089,-2.1013983790762163,1783858761.595534,-0.032411141291147104,-0.07921311354724105,0.04685579133986595,1783858761.5956306,0.03044866503812955,0.14575128538560525,1783858761.583232,171.0,51.0,349.0,1783858761.5837822,28092.0078125,nan,nan,47.0505485534668,nan
55.44019365310669,1783858761.6459935,BSMC,eight,optuna_t003_r01,1783858761.5960715,-0.8438179326383854,-0.20447862344822068,-2.14332283547421,0.03325863408821256,0.10936866598999265,1783858761.6300004,-0.8434036374092102,-0.20805247128009796,-2.1401720248904854,1783858761.6351159,-0.8927448223272079,-0.13391424379975925,-2.0956502511977115,1783858761.635942,-0.0328053198423901,-0.07935353300158023,0.047672584276498675,1783858761.6355007,0.03013574184857666,0.1473520337807391,1783858761.6384025,187.0,83.0,369.0,1783858761.6387236,28092.0625,nan,nan,55.13801956176758,nan
55.480334758758545,1783858761.6861346,BSMC,eight,optuna_t003_r01,1783858761.646174,-0.8446425809380916,-0.20653379371169822,-2.1378639670970823,0.035579736543000146,0.11119378337485751,1783858761.6816568,-0.8436172604560852,-0.2095412164926529,-2.131589412807004,1783858761.674937,-0.8936215402042913,-0.13543860543570577,-2.0898055204976,1783858761.6752653,-0.033657765979927076,-0.07950232094750018,0.04805844659948244,1783858761.6753764,0.02962948845065267,0.1488152696367494,1783858761.6836114,109.0,96.0,408.0,1783858761.6837077,28092.107421875,nan,nan,44.91762161254883,nan
55.52037191390991,1783858761.7261717,BSMC,eight,optuna_t003_r01,1783858761.6964002,-0.845298883900252,-0.20842615872325088,-2.131485240074518,0.03590565091243625,0.11270509416633515,1783858761.6816568,-0.8436172604560852,-0.2095412164926529,-2.131589412807004,1783858761.7151337,-0.8944909311646664,-0.13697103531356386,-2.0838738137679083,1783858761.7154408,-0.034355712751135206,-0.07965787579969395,0.04761142630660987,1783858761.715521,0.02918786316103091,0.14998300300058937,1783858761.6836114,109.0,96.0,408.0,1783858761.6837077,28092.107421875,nan,nan,44.91762161254883,nan
55.56022071838379,1783858761.7660205,BSMC,eight,optuna_t003_r01,1783858761.7460194,-0.8459382770249602,-0.21010636648663603,-2.128974957523224,0.0358825467316649,0.1047382712345507,1783858761.733196,-0.8443602919578552,-0.21055448055267334,-2.1349879678314294,1783858761.754999,-0.8953331052230287,-0.13847613713944593,-2.0779918923183933,1783858761.7554421,-0.03459669530687274,-0.07983612893227707,0.05098306520483087,1783858761.7555518,0.02893123372397673,0.15263914079096316,1783858761.7493732,93.0,64.0,355.0,1783858761.749668,28092.173828125,nan,nan,65.92460632324219,nan
55.59995484352112,1783858761.8057547,BSMC,eight,optuna_t003_r01,1783858761.7971666,-0.8463466366344378,-0.21168137775838403,-2.122746185849628,0.0332457053661735,0.10764481482401911,1783858761.7849128,-0.8444101810455322,-0.21254950761795044,-2.1227234143323273,1783858761.7956197,-0.8961775276939111,-0.14000659277554012,-2.0719526438233262,1783858761.796258,-0.032851288668147474,-0.0797417921479483,0.057022313699897964,1783858761.7958076,0.02949666156130851,0.15643477973305017,1783858761.7836792,156.0,38.0,354.0,1783858761.7847338,28092.20703125,nan,nan,34.213111877441406,nan
55.64186978340149,1783858761.8476696,BSMC,eight,optuna_t003_r01,1783858761.7971666,-0.8463466366344378,-0.21168137775838403,-2.122746185849628,0.0332457053661735,0.10764481482401911,1783858761.8331456,-0.8457148671150208,-0.21611055731773376,-2.1102247551070437,1783858761.8354216,-0.897003587930193,-0.14152540572820482,-2.065899922073859,1783858761.8369687,-0.033176173965174124,-0.07992076455535385,0.05684626377576895,1783858761.8355153,0.02920929032768247,0.15776155680020632,1783858761.7836792,156.0,38.0,354.0,1783858761.7847338,28092.20703125,nan,nan,34.213111877441406,nan
55.68023490905762,1783858761.8860347,BSMC,eight,optuna_t003_r01,1783858761.8461378,-0.8469910904562485,-0.21375479865797162,-2.114217663202589,0.03373697336158622,0.1160492508482869,1783858761.8821888,-0.8465956449508667,-0.21721631288528442,-2.1106413754974547,1783858761.8759534,-0.89781864623637,-0.14304596730838715,-2.0597795665852328,1783858761.8762896,-0.03424156814914457,-0.08006681127716292,0.0544380966173561,1783858761.8763819,0.028615819061796766,0.15825692826697405,1783858761.884441,78.0,83.0,427.0,1783858761.8845422,28092.30859375,nan,nan,29.402423858642578,nan
55.72023296356201,1783858761.9260328,BSMC,eight,optuna_t003_r01,1783858761.8966246,-0.84762517251317,-0.21556571278293024,-2.108539175987979,0.03227805983466745,0.11626170838319955,1783858761.8821888,-0.8465956449508667,-0.21721631288528442,-2.1106413754974547,1783858761.9153602,-0.8986231445241604,-0.14456927875224057,-2.053585882201965,1783858761.9154885,-0.03485539748063843,-0.08016475572703086,0.05495329378601399,1783858761.9158256,0.028203420573259468,0.15992755811444143,1783858761.884441,78.0,83.0,427.0,1783858761.8845422,28092.30859375,nan,nan,29.402423858642578,nan
55.75996923446655,1783858761.965769,BSMC,eight,optuna_t003_r01,1783858761.9460886,-0.8482226846301715,-0.217349594422573,-2.1019290835570215,0.03251847700674438,0.11844818730395064,1783858761.9313667,-0.8469393253326416,-0.21863007545471191,-2.1020907686545485,1783858761.9553776,-0.8994148638385522,-0.14609125301114984,-2.047333984309983,1783858761.9554431,-0.03551198605141646,-0.08023271950703101,0.05459509924703854,1783858761.9561408,0.02777442664088799,0.16129141939148936,1783858761.9538798,93.0,102.0,351.0,1783858761.9542465,28092.376953125,nan,nan,69.73724365234375,nan
55.80076313018799,1783858762.006563,BSMC,eight,optuna_t003_r01,1783858761.9961646,-0.8487969106717855,-0.2192249280153248,-2.0969312949822583,0.03401628316647734,0.11522492179425722,1783858761.9813702,-0.8471271991729736,-0.2203645408153534,-2.099622697755399,1783858761.995607,-0.900193582891154,-0.14761148206435282,-2.041024309924678,1783858761.9961126,-0.03380676379712379,-0.08013414567402977,0.06090477363234337,1783858761.9978094,0.02831820882485809,0.16528642883828304,1783858761.9842527,203.0,64.0,274.0,1783858761.9847324,28092.408203125,nan,nan,30.352495193481445,nan
55.84017777442932,1783858762.0459776,BSMC,eight,optuna_t003_r01,1783858761.9961646,-0.8487969106717855,-0.2192249280153248,-2.0969312949822583,0.03401628316647734,0.11522492179425722,1783858762.029915,-0.8481026291847229,-0.2234998643398285,-2.0881326834308385,1783858762.0351994,-0.9009488086940614,-0.1491090052955809,-2.0347440033558684,1783858762.035765,-0.03444264951847824,-0.08031044129074519,0.06218729162638992,1783858762.035852,0.027894667085183827,0.16728352312257094,1783858762.0354042,203.0,64.0,423.0,1783858762.035478,28092.458984375,nan,nan,50.80260467529297,nan
55.88038182258606,1783858762.0861816,BSMC,eight,optuna_t003_r01,1783858762.0460396,-0.8495274533610022,-0.22149706315051837,-2.0890424776322507,0.03664318286905754,0.12329715694430668,1783858762.0818517,-0.8486682772636414,-0.22530484199523926,-2.077818614430777,1783858762.075642,-0.9017064912442048,-0.15063552541349118,-2.028274360947113,1783858762.0762563,-0.035709389468905096,-0.08042915533953385,0.06076811668513749,1783858762.0757835,0.02721007265775849,0.16831042620882578,1783858762.085863,109.0,102.0,426.0,1783858762.035478,28092.458984375,nan,nan,50.80260467529297,nan
55.920432567596436,1783858762.1262324,BSMC,eight,optuna_t003_r01,1783858762.0961432,-0.850178633590459,-0.22363713876141683,-2.080358576944231,0.03717864178479199,0.12905430658755104,1783858762.0818517,-0.8486682772636414,-0.22530484199523926,-2.077818614430777,1783858762.1149323,-0.9024466280479247,-0.15215128626669833,-2.0217811813514586,1783858762.1152306,-0.03690808112501009,-0.08049822295660941,0.05857739559277242,1783858762.115919,0.02655619958750079,0.16907067090572828,1783858762.085863,109.0,102.0,426.0,1783858762.0863497,28092.509765625,nan,nan,50.77690124511719,nan
55.96002411842346,1783858762.165824,BSMC,eight,optuna_t003_r01,1783858762.1459975,-0.8507077909709804,-0.22556102962550872,-2.074623416190838,0.03593494445749101,0.1254458908326659,1783858762.13062,-0.8490187525749207,-0.22685426473617554,-2.07695535825917,1783858762.1549518,-0.903169858721519,-0.15365719806795608,-2.0152604880861054,1783858762.1554427,-0.03764148857369862,-0.0806569766559293,0.05936292810473276,1783858762.155722,0.026090212747128312,0.17097056391755328,1783858762.1343818,93.0,83.0,385.0,1783858762.1347523,28092.55859375,nan,nan,48.73566436767578,nan
56.000545024871826,1783858762.2063448,BSMC,eight,optuna_t003_r01,1783858762.1962578,-0.8512246132873819,-0.2274131890450087,-2.0692044519031088,0.035296245733650665,0.12364227525924519,1783858762.1799877,-0.8495131731033325,-0.22836239635944366,-2.072525970840219,1783858762.195348,-0.9038906157375165,-0.15518369902456525,-2.0085782050091905,1783858762.195443,-0.035956701078598594,-0.08055120831003648,0.06604521118164763,1783858762.1957612,0.026619300965363867,0.17522208592697777,1783858762.184625,156.0,51.0,310.0,1783858762.1851153,28092.609375,nan,nan,50.25900650024414,nan
56.04093265533447,1783858762.2467325,BSMC,eight,optuna_t003_r01,1783858762.1962578,-0.8512246132873819,-0.2274131890450087,-2.0692044519031088,0.035296245733650665,0.12364227525924519,1783858762.2300727,-0.8502525091171265,-0.23191110789775848,-2.063003548339194,1783858762.2352407,-0.904585529227831,-0.15668119808197328,-2.001950505145277,1783858762.2353823,-0.036619056598429914,-0.08068114147333061,0.0672539467578317,1783858762.2354615,0.02618143548197674,0.17732717119798494,1783858762.2359014,156.0,57.0,421.0,1783858762.236392,28092.66015625,nan,nan,51.27083969116211,nan
56.0804660320282,1783858762.2862659,BSMC,eight,optuna_t003_r01,1783858762.2470167,-0.8518124122701595,-0.2296559729070149,-2.0620581953209682,0.035403196277960784,0.12698335930475885,1783858762.2798862,-0.850533127784729,-0.23316504061222076,-2.059413906982247,1783858762.2767491,-0.9053001551358957,-0.15824910098123485,-1.994932750829474,1783858762.2764432,-0.03772992397479141,-0.08084759014313493,0.06712544449149417,1783858762.2768304,0.02555138871770923,0.17902328556985708,1783858762.2359014,156.0,57.0,421.0,1783858762.236392,28092.66015625,nan,nan,51.27083969116211,nan
56.12004494667053,1783858762.3258448,BSMC,eight,optuna_t003_r01,1783858762.2961822,-0.8522582438817449,-0.23157502064955143,-2.0565519980742333,0.03414811365335968,0.12420253994613153,1783858762.2798862,-0.850533127784729,-0.23316504061222076,-2.059413906982247,1783858762.3155212,-0.9059616463207396,-0.15972719111048983,-1.9882419487313054,1783858762.315937,-0.038463774805850906,-0.08103520266330844,0.06831004934292784,1783858762.3160372,0.02508462434882813,0.18113838258219694,1783858762.2867432,93.0,76.0,397.0,1783858762.2868285,28092.7109375,nan,nan,50.336944580078125,nan
56.1604278087616,1783858762.3662276,BSMC,eight,optuna_t003_r01,1783858762.3461034,-0.8526151767577527,-0.23321509560491593,-2.052237256085462,0.031393062725099716,0.11727741146386192,1783858762.3301013,-0.8509549498558044,-0.23434706032276154,-2.0563141373769653,1783858762.3546965,-0.90661441590421,-0.1612125817608422,-1.9814432078191677,1783858762.3550193,-0.03881317360129602,-0.0812023237552841,0.07079404826629432,1783858762.3550944,0.024773987141450914,0.18378225005026533,1783858762.336191,62.0,64.0,359.0,1783858762.3366125,28092.759765625,nan,nan,49.91527557373047,nan
56.20042181015015,1783858762.4062216,BSMC,eight,optuna_t003_r01,1783858762.396273,-0.852926708270204,-0.23474022197168629,-2.047736035534616,0.029650022282668238,0.11389336649112822,1783858762.3820589,-0.8512325882911682,-0.23559261858463287,-2.0514324099183443,1783858762.3952186,-0.9072717454733874,-0.162736930767716,-1.974386502834617,1783858762.395703,-0.03715771854125126,-0.08107907359729499,0.077850753250845,1783858762.3957963,0.025284650254258703,0.18827818898758336,1783858762.3858564,124.0,32.0,305.0,1783858762.3861856,28092.810546875,nan,nan,49.718631744384766,nan
56.240416049957275,1783858762.4462159,BSMC,eight,optuna_t003_r01,1783858762.396273,-0.852926708270204,-0.23474022197168629,-2.047736035534616,0.029650022282668238,0.11389336649112822,1783858762.4306846,-0.8521314263343811,-0.23941773176193237,-2.0374563545716553,1783858762.4353986,-0.9079092834188679,-0.16424456158667397,-1.9673262177367294,1783858762.4355822,-0.037388181443549495,-0.08120865465848875,0.0804098177978867,1783858762.4359708,0.025019692087513173,0.1910279047876403,1783858762.4362752,140.0,19.0,297.0,1783858762.4363463,28092.859375,nan,nan,49.89324951171875,nan
56.2803258895874,1783858762.4861257,BSMC,eight,optuna_t003_r01,1783858762.446018,-0.8533584261646621,-0.23673712500402186,-2.039452885322137,0.0289434747612944,0.12223773435748567,1783858762.4815407,-0.8527471423149109,-0.24117529392242432,-2.035722544157077,1783858762.475606,-0.9085337412018726,-0.16575098064951754,-1.9601895449123266,1783858762.4761934,-0.03841009429787916,-0.08128968406754933,0.07926334040981065,1783858762.4763098,0.024434883978516904,0.1924205830677968,1783858762.4362752,140.0,19.0,297.0,1783858762.4363463,28092.859375,nan,nan,49.89324951171875,nan
56.32003855705261,1783858762.5258384,BSMC,eight,optuna_t003_r01,1783858762.496443,-0.8537808380985152,-0.2386173303648383,-2.033389321920897,0.027401533382958684,0.12356040873833307,1783858762.4815407,-0.8527471423149109,-0.24117529392242432,-2.035722544157077,1783858762.5156274,-0.9091464248429867,-0.16725954009278476,-1.9529588802182252,1783858762.5159042,-0.03914996306765717,-0.08139141736000824,0.080430441702672,1783858762.5162642,0.02396027575526115,0.19470776141454746,1783858762.4864025,109.0,12.0,329.0,1783858762.4895654,28092.91015625,nan,nan,50.460548400878906,nan
56.360305309295654,1783858762.5661051,BSMC,eight,optuna_t003_r01,1783858762.5460036,-0.8541373959671626,-0.24025760731778417,-2.0292568857352182,0.025021137156110103,0.1200003796303819,1783858762.5317993,-0.8532205820083618,-0.2425323873758316,-2.0344697343712306,1783858762.5548582,-0.9097359469652517,-0.16874162876849827,-1.9457717630272535,1783858762.5552795,-0.03952472304902241,-0.08150785439972709,0.08348512270796471,1783858762.5554075,0.023634979581462646,0.19768945512876138,1783858762.5361478,93.0,0.0,351.0,1783858762.5365014,28092.958984375,nan,nan,49.71993637084961,nan
56.400500535964966,1783858762.6063004,BSMC,eight,optuna_t003_r01,1783858762.5961154,-0.8543632339743629,-0.24181403676082136,-2.0241896141727813,0.02194132241166201,0.11826084783013528,1783858762.5807147,-0.8532266020774841,-0.24438433349132538,-2.0276143631909918,1783858762.5957036,-0.9103280445080811,-0.1702625353941566,-1.9383088549350251,1783858762.5962033,-0.03789882952675547,-0.0813657040622445,0.09094803080019309,1783858762.596342,0.024127797479169634,0.20243665782886233,1783858762.585442,62.0,0.0,330.0,1783858762.5858738,28093.009765625,nan,nan,49.5760612487793,nan
56.44049549102783,1783858762.6462953,BSMC,eight,optuna_t003_r01,1783858762.5961154,-0.8543632339743629,-0.24181403676082136,-2.0241896141727813,0.02194132241166201,0.11826084783013528,1783858762.6318302,-0.8537017107009888,-0.24752739071846008,-2.012407869292286,1783858762.6346757,-0.9108908528318893,-0.1717404708248827,-1.9309702017327575,1783858762.635116,-0.03823360752540131,-0.08150992327486083,0.09321941244002385,1783858762.6352148,0.023821294213782866,0.2051575939536054,1783858762.6370366,46.0,0.0,272.0,1783858762.6375074,28093.060546875,nan,nan,51.580570220947266,nan
56.479931354522705,1783858762.6857312,BSMC,eight,optuna_t003_r01,1783858762.646654,-0.8545849648190246,-0.24359125805048074,-2.0153545934426456,0.018990234585786362,0.12527756372938262,1783858762.6813352,-0.8541670441627502,-0.24864085018634796,-2.014813625940849,1783858762.674799,-0.9114499166235854,-0.17324207767821254,-1.9234249092852598,1783858762.675128,-0.03905599961743458,-0.0815920266733699,0.09192968415738578,1783858762.6757143,0.02332099844080074,0.20662670459457935,1783858762.6370366,46.0,0.0,272.0,1783858762.6375074,28093.060546875,nan,nan,51.580570220947266,nan
56.52064085006714,1783858762.7264407,BSMC,eight,optuna_t003_r01,1783858762.6964538,-0.8548825602683703,-0.2453043488317007,-2.010455236160593,0.018749775515381564,0.12343506391034795,1783858762.6813352,-0.8541670441627502,-0.24864085018634796,-2.014813625940849,1783858762.7148433,-0.9119929802828961,-0.17473517589513188,-1.9158316434705975,1783858762.7154243,-0.03954986951324507,-0.08171545792977115,0.09462359268999565,1783858762.7151873,0.022944542625119194,0.2095786925712118,1783858762.6863935,124.0,0.0,119.0,1783858762.6867034,28093.111328125,nan,nan,49.41514587402344,nan
56.55998253822327,1783858762.7657824,BSMC,eight,optuna_t003_r01,1783858762.7460787,-0.8552976603390958,-0.24713424384486948,-2.0055958007232086,0.021589181773584362,0.1248012801914901,1783858762.7291174,-0.8545855283737183,-0.24988985061645508,-2.0110083566592394,1783858762.7548792,-0.9125251354209603,-0.1762338934452312,-1.9081171100058105,1783858762.7555993,-0.04019754794016977,-0.08176796885477013,0.09747869071739813,1783858762.755413,0.022502247922566603,0.21263508610888496,1783858762.7366889,203.0,0.0,138.0,1783858762.737486,28093.16015625,nan,nan,50.03852844238281,nan
56.60037183761597,1783858762.8061717,BSMC,eight,optuna_t003_r01,1783858762.79592,-0.8556040849021674,-0.24880727424255653,-1.9998284338526768,0.022819032344929355,0.12755983661871392,1783858762.7797434,-0.8544988632202148,-0.2509297728538513,-2.003637798549851,1783858762.7947335,-0.9130397024914261,-0.1777193817752037,-1.9003773384621758,1783858762.7952242,-0.038633527236495616,-0.08160892770609819,0.10521846226103282,1783858762.7953296,0.022968353556212302,0.21753471034021374,1783858762.786964,140.0,0.0,272.0,1783858762.788765,28093.2109375,nan,nan,50.07278060913086,nan
56.64022636413574,1783858762.8460262,BSMC,eight,optuna_t003_r01,1783858762.79592,-0.8556040849021674,-0.24880727424255653,-1.9998284338526768,0.022819032344929355,0.12755983661871392,1783858762.8313313,-0.8545593619346619,-0.25310054421424866,-1.991129063796444,1783858762.8347704,-0.9135433307483418,-0.17921081643771986,-1.8925113955856174,1783858762.8351574,-0.03918665330092832,-0.08163963100894499,0.1073170382670594,1783858762.8355591,0.0225689755900852,0.2203485556205857,1783858762.839594,78.0,0.0,304.0,1783858762.8400896,28093.263671875,nan,nan,52.860355377197266,nan
56.6806743144989,1783858762.8864741,BSMC,eight,optuna_t003_r01,1783858762.8461225,-0.8558006165797699,-0.25046363561275337,-1.9916332499265228,0.021642143053263865,0.13395161348700824,1783858762.8800743,-0.8544289469718933,-0.25402477383613586,-1.9816161919917983,1783858762.8752728,-0.9140360628021202,-0.18070908951357684,-1.8845116139905755,1783858762.8757403,-0.039877671266395895,-0.08165069033748376,0.10712163593594726,1783858762.8761446,0.02212087656107169,0.22236026082463836,1783858762.839594,78.0,0.0,304.0,1783858762.8400896,28093.263671875,nan,nan,52.860355377197266,nan
56.719990730285645,1783858762.9257905,BSMC,eight,optuna_t003_r01,1783858762.8960922,-0.8559359744985863,-0.2519980512217251,-1.9826000453979118,0.021477150042680217,0.14224674432733025,1783858762.8800743,-0.8544289469718933,-0.25402477383613586,-1.9816161919917983,1783858762.9148319,-0.914508220573573,-0.18218440549850784,-1.8765369473869078,1783858762.915243,-0.04053295207605559,-0.08161943969077382,0.106063098011004,1783858762.9153264,0.02169402149734148,0.22406032546231344,1783858762.8868914,132.0,0.0,225.0,1783858762.887214,28093.310546875,nan,nan,46.95820617675781,nan
56.76061177253723,1783858762.9664116,BSMC,eight,optuna_t003_r01,1783858762.9464605,-0.8560216390149739,-0.2534818523651047,-1.9745847216919221,0.02270032441863152,0.1480587359067531,1783858762.930293,-0.8541207313537598,-0.2548049986362457,-1.976519562049227,1783858762.9552743,-0.9149692998373731,-0.18366604017030613,-1.8684290882609584,1783858762.955368,-0.04104033923465401,-0.08163801139393659,0.10615563343096368,1783858762.9557214,0.021324019641632,0.2262062959374505,1783858762.9433093,171.0,0.0,219.0,1783858762.9436839,28093.3671875,nan,nan,56.59789276123047,nan
56.80071949958801,1783858763.0065193,BSMC,eight,optuna_t003_r01,1783858762.996395,-0.8560600583864438,-0.2547901963556963,-1.9676530488631745,0.02329408225092826,0.1503782756309118,1783858762.9796107,-0.8540365099906921,-0.2554363012313843,-1.9715355178658494,1783858762.9955223,-0.9154203172704951,-0.18515829757610502,-1.860161046607169,1783858762.9961667,-0.03949088353476752,-0.08146644238673859,0.11442367508475315,1783858762.996283,0.021780513322726305,0.2314010372317502,1783858762.9868329,148.0,0.0,254.0,1783858762.9871278,28093.41015625,nan,nan,43.766639709472656,nan
56.84023928642273,1783858763.046039,BSMC,eight,optuna_t003_r01,1783858762.996395,-0.8560600583864438,-0.2547901963556963,-1.9676530488631745,0.02329408225092826,0.1503782756309118,1783858763.0304103,-0.8535228371620178,-0.2573503255844116,-1.9569477624782523,1783858763.0353634,-0.915850706921602,-0.1866259216448622,-1.8519278958037808,1783858763.0360622,-0.039756223250720535,-0.08149069095269551,0.11572515305939368,1783858763.0361779,0.021509038404009334,0.23400735665675204,1783858763.0380461,78.0,0.0,277.0,1783858763.0384252,28093.4609375,nan,nan,51.00297927856445,nan
56.88042998313904,1783858763.0862298,BSMC,eight,optuna_t003_r01,1783858763.0461514,-0.8559328753223712,-0.2560907019819096,-1.9578806375952462,0.021683927279321134,0.15737150064447028,1783858763.0802608,-0.8530185222625732,-0.2586846649646759,-1.9471546482570299,1783858763.075804,-0.9162718154816529,-0.1881074554695177,-1.843512817624096,1783858763.0754883,-0.04017606356059228,-0.08153768099894229,0.11436781997115018,1783858763.0758927,0.021183590122337833,0.2356910306732695,1783858763.0380461,78.0,0.0,277.0,1783858763.0384252,28093.4609375,nan,nan,51.00297927856445,nan
56.92036437988281,1783858763.1261642,BSMC,eight,optuna_t003_r01,1783858763.0961497,-0.8557038801279236,-0.2573407613381987,-1.9479061731190301,0.02014342740756617,0.16344884079657035,1783858763.0802608,-0.8530185222625732,-0.2586846649646759,-1.9471546482570299,1783858763.1153686,-0.9166789271812602,-0.18958725232845203,-1.8350016907114248,1783858763.1157062,-0.04053951496734072,-0.0816397089197603,0.11290448240760531,1783858763.1157837,0.020882867733463296,0.23734939871614233,1783858763.0879292,93.0,0.0,201.0,1783858763.089514,28093.51171875,nan,nan,50.15366744995117,nan
56.96034479141235,1783858763.1661446,BSMC,eight,optuna_t003_r01,1783858763.1471221,-0.855473244268643,-0.2587901196524531,-1.9362928055282114,0.021226445482774078,0.17435208467866276,1783858763.1308239,-0.8525369167327881,-0.2602139115333557,-1.9342442222479108,1783858763.1555831,-0.9170712767977436,-0.19106260861168592,-1.8264090217697708,1783858763.1561556,-0.041237928014987935,-0.08173595693612476,0.10988378375844055,1783858763.156383,0.020449273261727838,0.23846786103931839,1783858763.1382265,171.0,0.0,162.0,1783858763.1375923,28093.560546875,nan,nan,49.33881378173828,nan
57.00042796134949,1783858763.2062278,BSMC,eight,optuna_t003_r01,1783858763.1961727,-0.8551703316190578,-0.2603539235167295,-1.9228666687812106,0.022882469788534872,0.1898011399944857,1783858763.1805046,-0.8518376350402832,-0.26195740699768066,-1.9186458849671981,1783858763.1954105,-0.9174449448062993,-0.19251792185655467,-1.8178266781281969,1783858763.1961765,-0.03974518959531405,-0.08156479493176069,0.1184661274000145,1783858763.1965075,0.02088693878132121,0.2438023245081984,1783858763.1900797,171.0,0.0,223.0,1783858763.1905227,28093.61328125,nan,nan,52.60792922973633,nan
57.040549516677856,1783858763.2463493,BSMC,eight,optuna_t003_r01,1783858763.1961727,-0.8551703316190578,-0.2603539235167295,-1.9228666687812106,0.022882469788534872,0.1898011399944857,1783858763.2293396,-0.8511826395988464,-0.26397132873535156,-1.897309424586394,1783858763.235051,-0.9178052318891295,-0.19397317845193018,-1.8091373646617768,1783858763.2351403,-0.04070986459527723,-0.08168378646851472,0.11372930411943383,1783858763.2354586,0.0203533138577578,0.24431602711353678,1783858763.237506,93.0,0.0,279.0,1783858763.2378066,28093.662109375,nan,nan,47.496177673339844,nan
57.080164432525635,1783858763.2859643,BSMC,eight,optuna_t003_r01,1783858763.2465346,-0.854755827003374,-0.2619320917931197,-1.9058487456253776,0.022129009589398306,0.20935161869771515,1783858763.2803898,-0.8506383299827576,-0.26486366987228394,-1.8907986529184708,1783858763.276444,-0.9181627081556971,-0.19547410475043295,-1.8000612432043468,1783858763.27614,-0.041913096115220594,-0.0817336466411907,0.10578750242103085,1783858763.276524,0.019727747572809536,0.24379712106019305,1783858763.237506,93.0,0.0,279.0,1783858763.2378066,28093.662109375,nan,nan,47.496177673339844,nan
57.12082004547119,1783858763.3266199,BSMC,eight,optuna_t003_r01,1783858763.2964814,-0.8542589591764121,-0.26325445274747467,-1.8924789222259562,0.020278849205024284,0.21603365370923294,1783858763.2803898,-0.8506383299827576,-0.26486366987228394,-1.8907986529184708,1783858763.3148124,-0.9184876455287099,-0.19689429388220137,-1.7913650693943381,1783858763.3153145,-0.04264944730942263,-0.08191470856547639,0.101113852831618,1783858763.3154008,0.019292271658444347,0.24432345719882764,1783858763.2883253,78.0,0.0,253.0,1783858763.2889264,28093.712890625,nan,nan,50.89599609375,nan
57.16039252281189,1783858763.3661923,BSMC,eight,optuna_t003_r01,1783858763.3458796,-0.8538187045660538,-0.2647088083862784,-1.8794543087399735,0.020836607041171122,0.222807112732982,1783858763.3288283,-0.850277841091156,-0.2663348615169525,-1.8794548753750675,1783858763.355127,-0.9188092556116786,-0.1983597410233169,-1.7822798081743647,1783858763.3555994,-0.043470700239098034,-0.0820747749669242,0.09717450056560883,1783858763.355686,0.018813969138710262,0.2452125114117328,1783858763.3384356,156.0,0.0,198.0,1783858763.338601,28093.76171875,nan,nan,50.05752182006836,nan
57.20031714439392,1783858763.406117,BSMC,eight,optuna_t003_r01,1783858763.3965127,-0.8534145810299597,-0.2662582233785885,-1.8664311922922017,0.022379019573911856,0.22905416967931208,1783858763.3793316,-0.8498978614807129,-0.26765456795692444,-1.8678741838030082,1783858763.395589,-0.9191159257816786,-0.19982068297203157,-1.773107700255513,1783858763.3960109,-0.0419856389692682,-0.08192314714779658,0.10634660848446065,1783858763.3961902,0.019254585434880254,0.25083854143040574,1783858763.3881412,171.0,0.0,244.0,1783858763.3885162,28093.8125,nan,nan,49.74601745605469,nan
57.24026346206665,1783858763.4460633,BSMC,eight,optuna_t003_r01,1783858763.3965127,-0.8534145810299597,-0.2662582233785885,-1.8664311922922017,0.022379019573911856,0.22905416967931208,1783858763.431309,-0.8489787578582764,-0.2699261009693146,-1.8501778523509016,1783858763.435192,-0.9194040675434967,-0.2012587314511702,-1.7639658689010957,1783858763.4352765,-0.04295378869444612,-0.08206411102263686,0.10246532339110592,1783858763.4353583,0.018720136140924225,0.25174532426020535,1783858763.4384,140.0,0.0,281.0,1783858763.4387596,28093.86328125,nan,nan,50.24110794067383,nan
57.28040027618408,1783858763.4862,BSMC,eight,optuna_t003_r01,1783858763.446091,-0.852882698377724,-0.26792805971059025,-1.8519065201654825,0.023098779026258787,0.23830274900075454,1783858763.479828,-0.8485231995582581,-0.2707380950450897,-1.8409091373938096,1783858763.475414,-0.9196812950969195,-0.20271194529778191,-1.7546117665103864,1783858763.4754915,-0.04412482457757558,-0.08226903402104835,0.0972947536550961,1783858763.475566,0.01810429843994668,0.2522288667027904,1783858763.4384,140.0,0.0,281.0,1783858763.4387596,28093.86328125,nan,nan,50.24110794067383,nan
57.320279598236084,1783858763.5260794,BSMC,eight,optuna_t003_r01,1783858763.496508,-0.8523038745200704,-0.2692406889470949,-1.8390554308873046,0.02053077653660171,0.2386703056651415,1783858763.479828,-0.8485231995582581,-0.2707380950450897,-1.8409091373938096,1783858763.5156722,-0.9199414279749802,-0.2041484568250762,-1.7452492359486569,1783858763.5160468,-0.04483657894481391,-0.08247131930870283,0.09380619493864772,1783858763.5161335,0.01767699303046135,0.2533011530999063,1783858763.489511,46.0,0.0,341.0,1783858763.4899502,28093.9140625,nan,nan,50.987022399902344,nan
57.361047983169556,1783858763.5668478,BSMC,eight,optuna_t003_r01,1783858763.5464256,-0.8517359141297225,-0.270690074112068,-1.8272759760476274,0.020751730028179628,0.23827439893432925,1783858763.5361023,-0.8480570912361145,-0.2723754346370697,-1.8290532239544284,1783858763.5550299,-0.9201882405053876,-0.20558877155268312,-1.735744753405168,1783858763.5556538,-0.045606997671651724,-0.08272788130096834,0.09153122264245939,1783858763.5557516,0.01722149547443793,0.25481412701265715,1783858763.5400984,46.0,0.0,278.0,1783858763.5401819,28093.962890625,nan,nan,50.17802810668945,nan
57.40015006065369,1783858763.6059499,BSMC,eight,optuna_t003_r01,1783858763.595863,-0.851094964833456,-0.2718348624871192,-1.8147347073663629,0.017856644748753297,0.2371027053457726,1783858763.5815058,-0.8474428057670593,-0.27370038628578186,-1.8155890247434459,1783858763.5959527,-0.920426320389068,-0.20706375116449435,-1.725888465280819,1783858763.596783,-0.044119870740249714,-0.08258400504799057,0.1013875107668083,1783858763.596851,0.017667936170351124,0.2607427454034366,1783858763.593341,140.0,0.0,215.0,1783858763.5939004,28094.017578125,nan,nan,53.168270111083984,nan
57.44005584716797,1783858763.6458557,BSMC,eight,optuna_t003_r01,1783858763.595863,-0.851094964833456,-0.2718348624871192,-1.8147347073663629,0.017856644748753297,0.2371027053457726,1783858763.6297264,-0.8462345600128174,-0.27587753534317017,-1.793533736871581,1783858763.6354592,-0.9206400421153345,-0.20847471144151505,-1.7163420989650606,1783858763.6359303,-0.04468736497304637,-0.08278928630221402,0.09839260840130228,1783858763.636053,0.017306425094025288,0.26198389561825225,1783858763.6389062,156.0,0.0,273.0,1783858763.6413941,28094.0625,nan,nan,46.18520736694336,nan
57.48010611534119,1783858763.685906,BSMC,eight,optuna_t003_r01,1783858763.6459978,-0.8504257476623588,-0.27349015972746216,-1.797884702256822,0.01955335465509666,0.2501739101321983,1783858763.6819165,-0.845689058303833,-0.27689817547798157,-1.7869900051673377,1783858763.675996,-0.9208461993262824,-0.2099316455823671,-1.706362376633301,1783858763.676477,-0.04607214226886977,-0.08292214685860634,0.09152232562352113,1783858763.676567,0.01661225633564348,0.2619711268187787,1783858763.6389062,156.0,0.0,273.0,1783858763.6413941,28094.0625,nan,nan,46.18520736694336,nan
57.52011251449585,1783858763.7259123,BSMC,eight,optuna_t003_r01,1783858763.69597,-0.8497503691628949,-0.2749868568560732,-1.7847365521032323,0.019869251348753968,0.2518371326501405,1783858763.6819165,-0.845689058303833,-0.27689817547798157,-1.7869900051673377,1783858763.7151973,-0.9210300249603836,-0.21132978132695293,-1.6966673462625173,1783858763.7155309,-0.047072296501917965,-0.08316977514436419,0.08806920584071509,1783858763.71561,0.016073955620909304,0.2630470422033291,1783858763.696625,140.0,0.0,297.0,1783858763.6950138,28094.119140625,nan,nan,55.77546310424805,nan
57.56063961982727,1783858763.7664394,BSMC,eight,optuna_t003_r01,1783858763.746116,-0.8491195925799363,-0.2763344692183859,-1.7715123283284129,0.019315293457293173,0.25193709064091874,1783858763.7312791,-0.84535813331604,-0.2777480483055115,-1.773591683481465,1783858763.755472,-0.9212042627052243,-0.21276455938510092,-1.6865968018170028,1783858763.7559536,-0.04792209193601932,-0.08331150105333163,0.0849155265114101,1783858763.75605,0.015595545133907205,0.2643184850040325,1783858763.7398503,62.0,0.0,312.0,1783858763.739517,28094.1640625,nan,nan,44.67212677001953,nan
57.600342988967896,1783858763.8061428,BSMC,eight,optuna_t003_r01,1783858763.7960567,-0.8484492088529524,-0.2776702187260992,-1.760719275292802,0.019519367507189855,0.24732951034979245,1783858763.7835581,-0.8446243405342102,-0.279056191444397,-1.7656919089027996,1783858763.7957854,-0.9213603379059657,-0.2141670357940459,-1.676632985707859,1783858763.7964597,-0.04651665466229178,-0.08318482976396042,0.09487934262055388,1783858763.795966,0.016025260054632486,0.2701610303988631,1783858763.796856,62.0,0.0,356.0,1783858763.797053,28094.21875,nan,nan,56.36623764038086,nan
57.64090132713318,1783858763.8467011,BSMC,eight,optuna_t003_r01,1783858763.7960567,-0.8484492088529524,-0.2776702187260992,-1.760719275292802,0.019519367507189855,0.24732951034979245,1783858763.8321793,-0.8435205221176147,-0.2813309133052826,-1.7431638636993514,1783858763.8357506,-0.9215053181791675,-0.2156020543084304,-1.6663140881140497,1783858763.8358319,-0.04716033509613532,-0.08345990017776733,0.09440518717875235,1783858763.835907,0.015628809354198914,0.2723395361068515,1783858763.8398974,109.0,0.0,284.0,1783858763.8395722,28094.263671875,nan,nan,43.7646484375,nan
57.67994832992554,1783858763.8857481,BSMC,eight,optuna_t003_r01,1783858763.8468323,-0.8476484948656196,-0.27898556153579707,-1.7456611547999343,0.017156046551841997,0.2499920833015795,1783858763.8806186,-0.8431159257888794,-0.28231415152549744,-1.7397238100322971,1783858763.8756301,-0.9216332713568413,-0.21701373991571432,-1.6560396813990972,1783858763.8757195,-0.04815525173212285,-0.08363806285408137,0.08962147340083715,1783858763.8758073,0.015103176081327843,0.27300331568099506,1783858763.8398974,109.0,0.0,284.0,1783858763.8395722,28094.263671875,nan,nan,43.7646484375,nan
57.720497369766235,1783858763.9262972,BSMC,eight,optuna_t003_r01,1783858763.896473,-0.8469528422902538,-0.2803766191025162,-1.7345555169284301,0.01753964499895218,0.24665239542458253,1783858763.8806186,-0.8431159257888794,-0.28231415152549744,-1.7397238100322971,1783858763.916163,-0.9217450864322068,-0.21840623666675482,-1.6457842047677023,1783858763.9162483,-0.04894805712322299,-0.08389455159237529,0.08877131216072788,1783858763.916322,0.014652963861092473,0.27498279277956034,1783858763.9050705,124.0,0.0,213.0,1783858763.9051824,28094.326171875,nan,nan,63.37590026855469,nan
57.76015377044678,1783858763.9659536,BSMC,eight,optuna_t003_r01,1783858763.9461517,-0.8463497055499181,-0.28178606012113244,-1.724119511527938,0.019705276488492744,0.2422480911681969,1783858763.9294438,-0.8427760601043701,-0.2829470634460449,-1.7310699894544233,1783858763.9550068,-0.9218440570683116,-0.21982352171252767,-1.6352221654646661,1783858763.9553473,-0.04970591970388076,-0.08407184322715872,0.08889734606327182,1783858763.9554408,0.014214286647506265,0.2773512789253701,1783858763.9409325,164.0,0.0,201.0,1783858763.9412868,28094.365234375,nan,nan,37.83808898925781,nan
57.800140619277954,1783858764.0059404,BSMC,eight,optuna_t003_r01,1783858763.9962227,-0.8457135475306,-0.2830208004429643,-1.714413677718261,0.019835345235610292,0.23612940609633046,1783858763.9813995,-0.8421680331230164,-0.2838306427001953,-1.7213769263029528,1783858763.995175,-0.9219270238852321,-0.22122442181708543,-1.6246584983794525,1783858763.9956846,-0.04830878259115533,-0.0839398868559405,0.09946101314848543,1783858763.995779,0.014647849305244933,0.28334205211069147,1783858764.001731,109.0,0.0,215.0,1783858764.0018325,28094.42578125,nan,nan,60.8681526184082,nan
57.839982748031616,1783858764.0457826,BSMC,eight,optuna_t003_r01,1783858763.9962227,-0.8457135475306,-0.2830208004429643,-1.714413677718261,0.019835345235610292,0.23612940609633046,1783858764.0336194,-0.8408159017562866,-0.28588441014289856,-1.7019893316271426,1783858764.034804,-0.9219947430582325,-0.22261794488047482,-1.6140277003652714,1783858764.0350406,-0.04886331112937724,-0.08414096847969806,0.10038597735298958,1783858764.0351126,0.014298119648014657,0.2859146909172187,1783858764.0402708,117.0,0.0,112.0,1783858764.0417101,28094.46484375,nan,nan,38.47317123413086,nan
57.880717277526855,1783858764.086517,BSMC,eight,optuna_t003_r01,1783858764.0461874,-0.844925739162222,-0.2844331578985415,-1.7014124848662902,0.02007834973420479,0.23900884561819544,1783858764.0805457,-0.8403351306915283,-0.2868260145187378,-1.6938067329668123,1783858764.0761092,-0.9220486337868821,-0.2240454521834399,-1.60301003789986,1783858764.0764832,-0.049828435658127945,-0.08433115009700708,0.09840244696643019,1783858764.0765853,0.013786054515440158,0.28753188086621845,1783858764.0402708,117.0,0.0,112.0,1783858764.0417101,28094.46484375,nan,nan,38.47317123413086,nan
57.920966386795044,1783858764.1267662,BSMC,eight,optuna_t003_r01,1783858764.0960493,-0.8442016368923936,-0.28576513027869926,-1.6898283502272147,0.020289154334639303,0.23818236845025412,1783858764.0805457,-0.8403351306915283,-0.2868260145187378,-1.6938067329668123,1783858764.114997,-0.9220853867540836,-0.2254119193473259,-1.59234197204401,1783858764.115285,-0.05067737082680523,-0.08449966064031034,0.09748637818320471,1783858764.1156712,0.013326199247662061,0.2894058565322277,1783858764.1051145,226.0,-6.0,53.0,1783858764.1047812,28094.529296875,nan,nan,64.60428619384766,nan
57.96013903617859,1783858764.1659389,BSMC,eight,optuna_t003_r01,1783858764.146622,-0.843562604707277,-0.28740419560547764,-1.6780553425045917,0.02510040211141592,0.24319999969363176,1783858764.130907,-0.8398844599723816,-0.287539541721344,-1.6834868645357597,1783858764.1561146,-0.9221076989989498,-0.2267994992911429,-1.5813869941295438,1783858764.155633,-0.051847891952470956,-0.08458165967114514,0.09666834837504788,1783858764.156244,0.012732033363496462,0.29134726060235056,1783858764.1408544,187.0,-6.0,176.0,1783858764.141186,28094.564453125,nan,nan,36.10322570800781,nan
58.00042510032654,1783858764.206225,BSMC,eight,optuna_t003_r01,1783858764.1967902,-0.8429107603824635,-0.2886878235143583,-1.6693792685911508,0.02503999022572179,0.23420124457275943,1783858764.1803253,-0.8393571972846985,-0.28850486874580383,-1.6787413352095968,1783858764.1953692,-0.922114725209681,-0.2281818275690744,-1.570350798955267,1783858764.1960354,-0.050472755369416936,-0.08444066245999253,0.10770454354932468,1783858764.196198,0.01316605445192333,0.29735257889116523,1783858764.1408544,187.0,-6.0,176.0,1783858764.141186,28094.564453125,nan,nan,36.10322570800781,nan
58.04029822349548,1783858764.246098,BSMC,eight,optuna_t003_r01,1783858764.1967902,-0.8429107603824635,-0.2886878235143583,-1.6693792685911508,0.02503999022572179,0.23420124457275943,1783858764.2291126,-0.8382541537284851,-0.2897157669067383,-1.665443879601834,1783858764.2353473,-0.9221063598294271,-0.22956853003831668,-1.5591563881882613,1783858764.235787,-0.05103755252784617,-0.08462979419115697,0.11022288040288952,1783858764.2358758,0.01281902319843285,0.30035848760553063,1783858764.240957,124.0,0.0,336.0,1783858764.2414486,28094.6640625,nan,nan,31.119951248168945,nan
58.0800142288208,1783858764.285814,BSMC,eight,optuna_t003_r01,1783858764.2462482,-0.8421499103810162,-0.2898359453113155,-1.65906589126713,0.023693584829185457,0.23264674536116403,1783858764.2801888,-0.8375787138938904,-0.2905209958553314,-1.6571572378668469,1783858764.276421,-0.9220825702822796,-0.23094706244014893,-1.547905370956832,1783858764.2765102,-0.05161315263973182,-0.08481281223549167,0.11116052031029809,1783858764.276597,0.012476726873176,0.30278503659587724,1783858764.240957,124.0,0.0,336.0,1783858764.2414486,28094.6640625,nan,nan,31.119951248168945,nan
58.120036602020264,1783858764.3258364,BSMC,eight,optuna_t003_r01,1783858764.2961612,-0.8413862890667974,-0.2908417664381477,-1.6499173049482185,0.02189285191694392,0.22598287192854372,1783858764.2801888,-0.8375787138938904,-0.2905209958553314,-1.6571572378668469,1783858764.3164217,-0.9220433184432051,-0.23232149697027724,-1.5365660875009741,1783858764.3160553,-0.05196218597757197,-0.08503005089291134,0.11335121744724443,1783858764.316507,0.012227681123025476,0.3055934311695364,1783858764.292621,93.0,0.0,384.0,1783858764.2951715,28094.716796875,nan,nan,52.01290512084961,nan
58.16067028045654,1783858764.36647,BSMC,eight,optuna_t003_r01,1783858764.3459477,-0.8406040847466277,-0.2917760898446464,-1.639309086854111,0.01917242071574675,0.2229060600338016,1783858764.329576,-0.8368326425552368,-0.2918989360332489,-1.643315123682232,1783858764.355044,-0.9219897841020164,-0.2336651191108434,-1.5253635854255196,1783858764.3558235,-0.05240304001761973,-0.08517299088386154,0.11394550142859128,1783858764.3554215,0.01195123567672178,0.3077936023941208,1783858764.3429215,62.0,-6.0,442.0,1783858764.3420682,28094.765625,nan,nan,48.94707489013672,nan
58.20072627067566,1783858764.406526,BSMC,eight,optuna_t003_r01,1783858764.3961198,-0.8397971090225869,-0.2928026966894218,-1.628245569902418,0.019171520805655953,0.22262753060858825,1783858764.3798382,-0.8359237909317017,-0.29282212257385254,-1.6318077407675315,1783858764.3957329,-0.9219190614421888,-0.23504432273717443,-1.5137438358673085,1783858764.3961804,-0.05103191372981012,-0.08500801500569992,0.12556525098680238,1783858764.396285,0.012389839054781051,0.3138051699209618,1783858764.3429215,62.0,-6.0,442.0,1783858764.3420682,28094.765625,nan,nan,48.94707489013672,nan
58.241392374038696,1783858764.4471922,BSMC,eight,optuna_t003_r01,1783858764.3961198,-0.8397971090225869,-0.2928026966894218,-1.628245569902418,0.019171520805655953,0.22262753060858825,1783858764.4293275,-0.8345057368278503,-0.29489970207214355,-1.6103766100238384,1783858764.435294,-0.9218347660429995,-0.23638584384019257,-1.502324626070942,1783858764.4358292,-0.05161336967045753,-0.08514163802788355,0.12592094383147612,1783858764.4359634,0.012061494913875242,0.31584421525190853,1783858764.4409833,62.0,0.0,328.0,1783858764.4413404,28094.865234375,nan,nan,25.384235382080078,nan
58.28026270866394,1783858764.4860625,BSMC,eight,optuna_t003_r01,1783858764.4460785,-0.8388349266557826,-0.29361737469007065,-1.613720977260512,0.014368843452259125,0.22654568295295696,1783858764.480911,-0.8336600661277771,-0.2960648834705353,-1.5933107487076212,1783858764.4755852,-0.9217346574830857,-0.23773165557237116,-1.4907534026188582,1783858764.4756699,-0.052276892271209394,-0.08522150847647601,0.12296757464165364,1783858764.475742,0.011715532123440356,0.3167416845142156,1783858764.4409833,62.0,0.0,328.0,1783858764.4413404,28094.865234375,nan,nan,25.384235382080078,nan
58.320350885391235,1783858764.5261507,BSMC,eight,optuna_t003_r01,1783858764.4963489,-0.8378999964768722,-0.2947504772184385,-1.5975055688257798,0.01471382580911479,0.23884780369811298,1783858764.480911,-0.8336600661277771,-0.2960648834705353,-1.5933107487076212,1783858764.515482,-0.9216176537645032,-0.239089893862627,-1.4789585544597226,1783858764.515799,-0.053404961540353464,-0.08517427290040021,0.1185470143660572,1783858764.515888,0.011182950141243733,0.3171443983059767,1783858764.4967704,78.0,-6.0,229.0,1783858764.4972875,28094.919921875,nan,nan,55.79929733276367,nan
58.36036920547485,1783858764.566169,BSMC,eight,optuna_t003_r01,1783858764.5456898,-0.836915929174793,-0.2958190999413488,-1.581843803963856,0.013760708806501059,0.2450525256874881,1783858764.5325913,-0.8325709104537964,-0.2974953055381775,-1.5774499413779002,1783858764.555848,-0.9214853251021069,-0.24043937361158763,-1.4671242010870478,1783858764.5555162,-0.05444208743973478,-0.08517602908726316,0.11471960287680827,1783858764.5559354,0.010689297669196286,0.3176805985141305,1783858764.5433848,93.0,-6.0,145.0,1783858764.5441368,28094.966796875,nan,nan,46.566165924072266,nan
58.40090870857239,1783858764.6067085,BSMC,eight,optuna_t003_r01,1783858764.5976815,-0.8359083175017895,-0.2970098978340499,-1.564863970526198,0.014204413785280999,0.25630606012117735,1783858764.581604,-0.8314445614814758,-0.29859042167663574,-1.5614138573390803,1783858764.5955787,-0.9213376115683125,-0.2417816455687121,-1.4552395285913762,1783858764.5959206,-0.053101529220441875,-0.08501349615018572,0.12660427537247987,1783858764.5960076,0.011132656647925827,0.3234796688064222,1783858764.5976357,171.0,-6.0,116.0,1783858764.5999749,28095.021484375,nan,nan,54.427635192871094,nan
58.44005465507507,1783858764.6458545,BSMC,eight,optuna_t003_r01,1783858764.5976815,-0.8359083175017895,-0.2970098978340499,-1.564863970526198,0.014204413785280999,0.25630606012117735,1783858764.631389,-0.8298205137252808,-0.30050966143608093,-1.5445060029498194,1783858764.635328,-0.921174817330069,-0.2431148407171059,-1.4433239983003228,1783858764.6356962,-0.054399937047201495,-0.08494527664246646,0.12153997222587522,1783858764.6357813,0.010543327537133225,0.32348850849698774,1783858764.5976357,171.0,-6.0,116.0,1783858764.5999749,28095.021484375,nan,nan,54.427635192871094,nan
58.4805908203125,1783858764.6863906,BSMC,eight,optuna_t003_r01,1783858764.6460645,-0.8347753969415315,-0.2985688213894187,-1.5479114335302162,0.016976821264734515,0.2678262829263831,1783858764.682914,-0.829289972782135,-0.3007678687572479,-1.5389330074416332,1783858764.6748962,-0.920998400989886,-0.24442950975896632,-1.4314664491883053,1783858764.676496,-0.056098167389206526,-0.08496156252396937,0.11644498434191088,1783858764.6753538,0.00979001812885315,0.3233944413263606,1783858764.651195,195.0,-12.0,197.0,1783858764.6515417,28095.076171875,nan,nan,53.60272979736328,nan
58.52028775215149,1783858764.7260876,BSMC,eight,optuna_t003_r01,1783858764.6959968,-0.8337380758638077,-0.2999807130287968,-1.534699820533932,0.019395183653365847,0.2693217877161702,1783858764.682914,-0.829289972782135,-0.3007678687572479,-1.5389330074416332,1783858764.7151313,-0.9208025395041292,-0.24576697741341585,-1.419294728261303,1783858764.7171593,-0.05732046087509605,-0.08505124762998997,0.11540509227262885,1783858764.7174978,0.009222429250020571,0.3246183072828979,1783858764.6940215,93.0,-25.0,305.0,1783858764.6941326,28095.1171875,nan,nan,41.429542541503906,nan
58.56082201004028,1783858764.7666218,BSMC,eight,optuna_t003_r01,1783858764.746702,-0.8328860367219874,-0.30080697370719384,-1.5261441310603354,0.016236399685784643,0.25461215344266497,1783858764.733329,-0.8292518854141235,-0.3011077046394348,-1.536958147120413,1783858764.755765,-0.9205894794353969,-0.24710725888077834,-1.406988828248354,1783858764.756101,-0.05756104004701011,-0.08521901140549075,0.11915530281198138,1783858764.7573636,0.009051207637671546,0.3273730323424456,1783858764.7429802,39.0,-25.0,366.0,1783858764.7457256,28095.166015625,nan,nan,49.91315460205078,nan
58.60012865066528,1783858764.8059285,BSMC,eight,optuna_t003_r01,1783858764.796704,-0.8321249798658652,-0.3014326612478705,-1.5198883184942888,0.014554401323678695,0.23728665651133382,1783858764.7805572,-0.8288547396659851,-0.301064133644104,-1.5338102933298692,1783858764.7964096,-0.920364893962669,-0.24841666561522296,-1.3948627863532703,1783858764.7964947,-0.05624291355302667,-0.0850530982455898,0.1312813447070651,1783858764.7965796,0.009502391537147313,0.33289448330449095,1783858764.7931054,93.0,-19.0,144.0,1783858764.7935038,28095.216796875,nan,nan,49.91278076171875,nan
58.63981771469116,1783858764.8456175,BSMC,eight,optuna_t003_r01,1783858764.796704,-0.8321249798658652,-0.3014326612478705,-1.5198883184942888,0.014554401323678695,0.23728665651133382,1783858764.829932,-0.8282124996185303,-0.30237695574760437,-1.5244049716469854,1783858764.8359327,-0.9201255149437259,-0.24971737818997822,-1.382717291817353,1783858764.836087,-0.056126281381291734,-0.08525494246116039,0.13717102667693593,1783858764.836165,0.009478502607999094,0.3361734072105916,1783858764.8450842,148.0,-25.0,143.0,1783858764.845447,28095.26953125,nan,nan,52.57914733886719,nan
58.680156230926514,1783858764.885956,BSMC,eight,optuna_t003_r01,1783858764.846181,-0.8313786978912298,-0.3022514973563512,-1.5130592579269535,0.014680888971684332,0.22477585894571003,1783858764.880841,-0.827507734298706,-0.3026535212993622,-1.5200453011359865,1783858764.8761637,-0.9198683715621677,-0.2510246271602201,-1.370411931823311,1783858764.8762538,-0.056247806003825805,-0.08538617508845524,0.1426473261036425,1783858764.8763397,0.009359329848884032,0.3392609377948854,1783858764.8450842,148.0,-25.0,143.0,1783858764.845447,28095.26953125,nan,nan,52.57914733886719,nan
58.7202365398407,1783858764.9260364,BSMC,eight,optuna_t003_r01,1783858764.8959885,-0.8306294399935386,-0.3030084000727832,-1.5076545705083961,0.015206955754726938,0.21115922209316454,1783858764.880841,-0.827507734298706,-0.3026535212993622,-1.5200453011359865,1783858764.914984,-0.9195974446728805,-0.25231783180560213,-1.3581429427053606,1783858764.9152832,-0.05620341722483522,-0.08559214601892075,0.1495116278030355,1783858764.9153616,0.00930629076459501,0.3427076687062749,1783858764.895922,171.0,-25.0,142.0,1783858764.895093,28095.318359375,nan,nan,49.71186828613281,nan
58.760109186172485,1783858764.965909,BSMC,eight,optuna_t003_r01,1783858764.9460182,-0.8298299524383494,-0.30396136469653917,-1.498821808974512,0.016318428399886255,0.2115953614237739,1783858764.9292426,-0.8265419602394104,-0.303844690322876,-1.5064123110230556,1783858764.9553843,-0.9193064547143848,-0.25362585475652655,-1.3456382239333298,1783858764.955743,-0.0566396582078875,-0.0856250964295407,0.15318358504118226,1783858764.9558308,0.009070302742111984,0.3450578952586602,1783858764.9433854,101.0,-38.0,218.0,1783858764.9437613,28095.3671875,nan,nan,48.44732666015625,nan
58.80012893676758,1783858765.0059288,BSMC,eight,optuna_t003_r01,1783858764.9965403,-0.8290076840855224,-0.30468919241023035,-1.4886807193809877,0.014617852494139888,0.2111019528640208,1783858764.97973,-0.8256032466888428,-0.3046659827232361,-1.493146315884375,1783858764.996168,-0.919002871298351,-0.2549145311979244,-1.333226790554169,1783858764.9955297,-0.05533248680158996,-0.0854149708107726,0.16559501842034297,1783858764.9962711,0.009522577214646756,0.3502686711608804,1783858764.993962,78.0,-32.0,240.0,1783858764.9949634,28095.41796875,nan,nan,50.48450469970703,nan
58.840473890304565,1783858765.0462737,BSMC,eight,optuna_t003_r01,1783858764.9965403,-0.8290076840855224,-0.30468919241023035,-1.4886807193809877,0.014617852494139888,0.2111019528640208,1783858765.0292401,-0.8230165243148804,-0.3068963289260864,-1.4664413702129377,1783858765.034905,-0.9186865332393546,-0.2561866052596299,-1.3208879959772952,1783858765.0355678,-0.05569491324756126,-0.08539832307606517,0.16779272340369245,1783858765.0364783,0.009332911904769915,0.35194637188406225,1783858765.044199,140.0,-12.0,211.0,1783858765.0445423,28095.46875,nan,nan,50.36970520019531,nan
58.879950523376465,1783858765.0857503,BSMC,eight,optuna_t003_r01,1783858765.0457985,-0.8278393589516188,-0.3058303734451959,-1.4722479445585657,0.015592922911638983,0.22768906455539215,1783858765.0803685,-0.8221591114997864,-0.3074955940246582,-1.4533092769992804,1783858765.075312,-0.918348595768076,-0.2574766333445483,-1.3082886332559378,1783858765.0758448,-0.057024237971891975,-0.0853126157994441,0.16395931130262784,1783858765.0762944,0.008774934041670785,0.35156248402307344,1783858765.044199,140.0,-12.0,211.0,1783858765.0445423,28095.46875,nan,nan,50.36970520019531,nan
58.92064905166626,1783858765.1264489,BSMC,eight,optuna_t003_r01,1783858765.095911,-0.8267134774964091,-0.3068632401815809,-1.4566054561542103,0.01593015752188369,0.23853521996599542,1783858765.0803685,-0.8221591114997864,-0.3074955940246582,-1.4533092769992804,1783858765.1152205,-0.9179962800076165,-0.25875565008432044,-1.2957131320141333,1783858765.1155543,-0.058195304127139275,-0.08520678867799139,0.16089232414007706,1783858765.1156406,0.008283167044891822,0.35134549069607307,1783858765.0959167,140.0,-19.0,218.0,1783858765.0944972,28095.517578125,nan,nan,49.71869659423828,nan
58.960222244262695,1783858765.166022,BSMC,eight,optuna_t003_r01,1783858765.1457405,-0.825643008727201,-0.3078403691543393,-1.4446044392835644,0.017285529102973745,0.24188270465859216,1783858765.1293678,-0.8214312791824341,-0.3077240586280823,-1.4487386213668063,1783858765.1548643,-0.9176301371897204,-0.26002251548306876,-1.283177272686387,1783858765.1551847,-0.05901486893576855,-0.08523745759348503,0.16142716659717737,1783858765.155273,0.007923879524111513,0.3522063752366031,1783858765.1439102,140.0,-32.0,217.0,1783858765.1460445,28095.568359375,nan,nan,49.96474075317383,nan
59.00008749961853,1783858765.2058873,BSMC,eight,optuna_t003_r01,1783858765.196654,-0.8247667408599028,-0.30861367152057473,-1.436360701847443,0.017275543654556007,0.23162493374178023,1783858765.1801598,-0.8213919997215271,-0.30793696641921997,-1.446395777009428,1783858765.1956143,-0.9172468175967974,-0.261288901610106,-1.27056915332617,1783858765.1956758,-0.05771030910678086,-0.08501656987163836,0.17403528595739437,1783858765.1957588,0.008392310948860988,0.35703910690750246,1783858765.1951206,78.0,-38.0,220.0,1783858765.1952927,28095.619140625,nan,nan,51.04336929321289,nan
59.04008746147156,1783858765.2458873,BSMC,eight,optuna_t003_r01,1783858765.196654,-0.8247667408599028,-0.30861367152057473,-1.436360701847443,0.017275543654556007,0.23162493374178023,1783858765.2338955,-0.8202891945838928,-0.3085816204547882,-1.4334731820572462,1783858765.2353883,-0.9168491015695315,-0.2625455395440166,-1.2579844637435558,1783858765.2354465,-0.05799436079636184,-0.08507695371538149,0.17837623810388714,1783858765.2357354,0.0082439074316863,0.3589746733137172,1783858765.2443,78.0,-32.0,187.0,1783858765.2449553,28095.66796875,nan,nan,49.26172637939453,nan
59.08109259605408,1783858765.2868924,BSMC,eight,optuna_t003_r01,1783858765.245914,-0.8238744421796391,-0.30901052028998954,-1.4271834938940717,0.013565718477514057,0.22659085422416875,1783858765.2801683,-0.8175644874572754,-0.3102377653121948,-1.4047719135855956,1783858765.2755864,-0.9164297057371008,-0.26381450462762435,-1.2452045246269121,1783858765.2752874,-0.057977220063370694,-0.08513400376857325,0.18197896926715962,1783858765.276995,0.00822999418106761,0.36057791129417704,1783858765.2443,78.0,-32.0,187.0,1783858765.2449553,28095.66796875,nan,nan,49.26172637939453,nan
59.120418310165405,1783858765.3262181,BSMC,eight,optuna_t003_r01,1783858765.2960908,-0.8226167279219625,-0.3098702875825782,-1.4102600289094582,0.013893380997174864,0.2407560944060008,1783858765.2801683,-0.8175644874572754,-0.3102377653121948,-1.4047719135855956,1783858765.3151522,-0.9160000377334532,-0.26506117709970334,-1.2325815032171257,1783858765.3156495,-0.05916004237296081,-0.08501992895812613,0.17767852569233256,1783858765.3157506,0.007764480415785276,0.35949201307117795,1783858765.297767,171.0,-19.0,169.0,1783858765.2982645,28095.72265625,nan,nan,53.74822235107422,nan
59.160186529159546,1783858765.3659863,BSMC,eight,optuna_t003_r01,1783858765.34669,-0.821287407988225,-0.3109753671119729,-1.3933431399956504,0.01721709677359825,0.2562080830724258,1783858765.3308427,-0.8162518739700317,-0.31097015738487244,-1.3902481528206354,1783858765.3554115,-0.9155502562581469,-0.26631436073226655,-1.219827799617554,1783858765.3558567,-0.06059926213757606,-0.0848988779854471,0.17351534037809643,1783858765.356383,0.007194726158809542,0.3583593840345056,1783858765.3444965,156.0,-19.0,213.0,1783858765.3449507,28095.767578125,nan,nan,46.510040283203125,nan
59.20065522193909,1783858765.406455,BSMC,eight,optuna_t003_r01,1783858765.3962822,-0.8200330627542964,-0.3117732186493277,-1.378870558098291,0.017349873404266084,0.2607628030379732,1783858765.3806605,-0.8152195811271667,-0.3112482726573944,-1.3797811576552175,1783858765.3949373,-0.9150933594357876,-0.26753849449378087,-1.2073098018183004,1783858765.3956091,-0.05931369866561964,-0.08466524422946874,0.18603333817735002,1783858765.3957205,0.0076729777976000555,0.3626883664325181,1783858765.3998485,124.0,-32.0,266.0,1783858765.4012964,28095.82421875,nan,nan,55.4814338684082,nan
59.24051761627197,1783858765.4463174,BSMC,eight,optuna_t003_r01,1783858765.3962822,-0.8200330627542964,-0.3117732186493277,-1.378870558098291,0.017349873404266084,0.2607628030379732,1783858765.4302142,-0.8132531642913818,-0.31255462765693665,-1.3563939032893664,1783858765.434955,-0.9146142501773951,-0.26877435395392957,-1.194614652573902,1783858765.4352622,-0.060250679347568836,-0.08464253669174211,0.18425590552438886,1783858765.4353507,0.00730942541349618,0.3621374661242986,1783858765.444775,46.0,-32.0,288.0,1783858765.4452033,28095.869140625,nan,nan,44.7221565246582,nan
59.28025436401367,1783858765.4860542,BSMC,eight,optuna_t003_r01,1783858765.4463649,-0.8186223929259191,-0.31270174793319977,-1.3605422380466579,0.017678508391688268,0.2753357357922837,1783858765.4808264,-0.8122968077659607,-0.31312599778175354,-1.3486751569925959,1783858765.476017,-0.914118054740886,-0.2700075502321345,-1.181892453337143,1783858765.4761117,-0.0616847292479874,-0.0844820106319604,0.1786497847095148,1783858765.4761949,0.006764882211619692,0.36024436522754166,1783858765.444775,46.0,-32.0,288.0,1783858765.4452033,28095.869140625,nan,nan,44.7221565246582,nan
59.320103883743286,1783858765.5259037,BSMC,eight,optuna_t003_r01,1783858765.4961197,-0.8173399455585106,-0.31328790693828346,-1.3462132624357184,0.0152000240434195,0.2757147807951104,1783858765.4808264,-0.8122968077659607,-0.31312599778175354,-1.3486751569925959,1783858765.5147212,-0.9136096322122018,-0.27122630148875204,-1.1692688310264039,1783858765.515085,-0.06244456533898006,-0.08448495416947202,0.17694443140931448,1783858765.51531,0.006483760518469254,0.35951835367295476,1783858765.4949536,62.0,-25.0,159.0,1783858765.4954758,28095.91796875,nan,nan,50.2588996887207,nan
59.36004447937012,1783858765.5658443,BSMC,eight,optuna_t003_r01,1783858765.5466342,-0.8161045823668389,-0.313799417510294,-1.33181583425115,0.013091826605670065,0.2760684428031241,1783858765.5301192,-0.8112204074859619,-0.31361672282218933,-1.335052091744786,1783858765.5548851,-0.9130788071380216,-0.2724546245982,-1.1564983732453324,1783858765.5551553,-0.06312474973971823,-0.08443138125847366,0.17531746100581747,1783858765.5558398,0.006240452690165903,0.3587294228749796,1783858765.5450406,156.0,-51.0,28.0,1783858765.5455475,28095.96875,nan,nan,50.025550842285156,nan
59.40054726600647,1783858765.606347,BSMC,eight,optuna_t003_r01,1783858765.595982,-0.814861872492516,-0.3144694821107298,-1.3190234158245158,0.013367826385394426,0.27399587795228164,1783858765.5812583,-0.8101478219032288,-0.3142718970775604,-1.3240748399114017,1783858765.5953605,-0.9125342039029553,-0.273672013653396,-1.1437974360757832,1783858765.596095,-0.06181304487422637,-0.08419042661294752,0.1880183981753667,1783858765.5962632,0.006750644295234174,0.362647415409321,1783858765.596452,164.0,-76.0,101.0,1783858765.5967097,28096.01953125,nan,nan,51.044517517089844,nan
59.43989562988281,1783858765.6456954,BSMC,eight,optuna_t003_r01,1783858765.595982,-0.814861872492516,-0.3144694821107298,-1.3190234158245158,0.013367826385394426,0.27399587795228164,1783858765.6331336,-0.8080666065216064,-0.3149518072605133,-1.3029870108664752,1783858765.634757,-0.9119786099835847,-0.27487302459162,-1.1312273592382667,1783858765.6357384,-0.0625419254634202,-0.08419054405513612,0.1877960565862491,1783858765.635212,0.00648748532997605,0.36212985475133125,1783858765.6451294,156.0,-89.0,87.0,1783858765.645494,28096.068359375,nan,nan,49.25984191894531,nan
59.48008370399475,1783858765.6858835,BSMC,eight,optuna_t003_r01,1783858765.6461997,-0.8134358261008878,-0.3151808277250917,-1.3027354092525092,0.013880680548962718,0.2831704446361851,1783858765.6822572,-0.8070457577705383,-0.3157303035259247,-1.291102410273099,1783858765.6748197,-0.9114064335126957,-0.2760701629683159,-1.1186613338544462,1783858765.6760879,-0.0636625794686389,-0.0841127813697462,0.18407407539806298,1783858765.6758256,0.006086295081318718,0.3603674465914609,1783858765.6451294,156.0,-89.0,87.0,1783858765.645494,28096.068359375,nan,nan,49.25984191894531,nan
59.52006196975708,1783858765.7258618,BSMC,eight,optuna_t003_r01,1783858765.6961842,-0.8120940443980537,-0.315859534405998,-1.2877197432945726,0.013737936208317326,0.2888121522008674,1783858765.6822572,-0.8070457577705383,-0.3157303035259247,-1.291102410273099,1783858765.71511,-0.9108104618389765,-0.2772776264080272,-1.1059531916078347,1783858765.7154164,-0.06461896499526748,-0.08401121389478204,0.18176655168673794,1783858765.7156382,0.0057502999720477534,0.35897664825773185,1783858765.6961288,54.0,-115.0,29.0,1783858765.698705,28096.119140625,nan,nan,50.9599609375,nan
59.559998750686646,1783858765.7657986,BSMC,eight,optuna_t003_r01,1783858765.745988,-0.8108624854310543,-0.3161558309578699,-1.273351736974332,0.009744069076702316,0.29050572588051166,1783858765.7315657,-0.8057733178138733,-0.3163802921772003,-1.2778942058505975,1783858765.7550735,-0.9102090046691973,-0.27845852654088177,-1.0934949486502954,1783858765.7553878,-0.06515823687865771,-0.08393581959989738,0.1798567883240365,1783858765.755472,0.005590256867645132,0.3576308998659206,1783858765.745924,62.0,-134.0,-45.0,1783858765.7463193,28096.169921875,nan,nan,49.585487365722656,nan
59.60047960281372,1783858765.8062794,BSMC,eight,optuna_t003_r01,1783858765.796063,-0.8097348659207462,-0.31623800452856127,-1.2598198551981399,0.005080800292190039,0.28970631343933384,1783858765.7809255,-0.8047376275062561,-0.3167353868484497,-1.266250096810443,1783858765.7950861,-0.909586040782383,-0.279644750866986,-1.0809541246671286,1783858765.7954395,-0.06384152439937504,-0.08368786717902307,0.19239761230720331,1783858765.795522,0.006123865423528507,0.3610446793483352,1783858765.797419,156.0,-147.0,-125.0,1783858765.7976975,28096.220703125,nan,nan,51.98265075683594,nan
59.64006996154785,1783858765.8458698,BSMC,eight,optuna_t003_r01,1783858765.796063,-0.8097348659207462,-0.31623800452856127,-1.2598198551981399,0.005080800292190039,0.28970631343933384,1783858765.8304272,-0.8029686212539673,-0.3172929584980011,-1.2482665070455325,1783858765.835005,-0.9089448735675546,-0.28082929846166116,-1.0684077625895734,1783858765.8357472,-0.06406744903901004,-0.0836167689895141,0.1914120926085665,1783858765.835848,0.006099685371546166,0.35981787047853114,1783858765.797419,156.0,-147.0,-125.0,1783858765.7976975,28096.220703125,nan,nan,51.98265075683594,nan
59.68055558204651,1783858765.8863554,BSMC,eight,optuna_t003_r01,1783858765.8461757,-0.8084567518262531,-0.3165253224583878,-1.244211087909124,0.0035555251171401816,0.29702515086376036,1783858765.8812747,-0.8022375702857971,-0.31765565276145935,-1.2405209372812318,1783858765.8751776,-0.9082942544069548,-0.28199632485886916,-1.0560273483082045,1783858765.8753004,-0.06473284341791438,-0.08348315746191538,0.1881837396009194,1783858765.8757226,0.0059093854671246355,0.3577733846777722,1783858765.8463979,171.0,-147.0,-89.0,1783858765.8472972,28096.26953125,nan,nan,48.69929504394531,nan
59.72042632102966,1783858765.9262261,BSMC,eight,optuna_t003_r01,1783858765.8963475,-0.807247124164766,-0.3169124756446824,-1.2313261835505425,0.0035671843836014407,0.2974322784697363,1783858765.8812747,-0.8022375702857971,-0.31765565276145935,-1.2405209372812318,1783858765.9150846,-0.9076191929198705,-0.2831725534387435,-1.0435327362854268,1783858765.9155061,-0.06523707276068531,-0.08340898557265451,0.18779344726511574,1783858765.9155986,0.005774069256344669,0.3565647639970662,1783858765.8960521,124.0,-140.0,39.0,1783858765.8985047,28096.3203125,nan,nan,49.71271896362305,nan
59.760477781295776,1783858765.9662776,BSMC,eight,optuna_t003_r01,1783858765.9463353,-0.806010735856892,-0.3172666330296553,-1.2188608380473278,0.002920040481991049,0.29630698288932267,1783858765.9333873,-0.8008156418800354,-0.31819450855255127,-1.2275658750760445,1783858765.9553933,-0.9069387986871742,-0.28432480956821005,-1.0312796920230742,1783858765.9554791,-0.06571417786646684,-0.0833863563598553,0.18758114602425358,1783858765.9555597,0.0056523184168894266,0.3553379922999015,1783858765.948505,62.0,-121.0,162.0,1783858765.947773,28096.37109375,nan,nan,51.167625427246094,nan
59.800415992736816,1783858766.0062158,BSMC,eight,optuna_t003_r01,1783858765.9970124,-0.8048192452380577,-0.3174870623420626,-1.2050176240021053,0.00093621881801246,0.2959427128742537,1783858765.9808836,-0.7994852066040039,-0.31862780451774597,-1.2122833318517223,1783858765.9956305,-0.9062264030035366,-0.28549787366058127,-1.0187952075504887,1783858765.9961286,-0.06436744036584692,-0.08312199849766812,0.20006563049683912,1783858765.9969525,0.006218439647309607,0.35830798309182366,1783858765.9974308,78.0,-89.0,123.0,1783858765.9975243,28096.421875,nan,nan,50.09138488769531,nan
59.84006667137146,1783858766.0458665,BSMC,eight,optuna_t003_r01,1783858765.9970124,-0.8048192452380577,-0.3174870623420626,-1.2050176240021053,0.00093621881801246,0.2959427128742537,1783858766.0332,-0.7969227433204651,-0.3185378611087799,-1.1808498010222341,1783858766.0349329,-0.9055138435839984,-0.2866392731326612,-1.0066408865233476,1783858766.0353134,-0.06482317043716539,-0.08299966752723895,0.19837673747875773,1783858766.035584,0.006124372707567477,0.356446228734801,1783858765.9974308,78.0,-89.0,123.0,1783858765.9975243,28096.421875,nan,nan,50.09138488769531,nan
59.88000226020813,1783858766.085802,BSMC,eight,optuna_t003_r01,1783858766.046014,-0.8033444084604907,-0.3177080589304699,-1.185216737432062,0.0004043555274131521,0.31094361345642835,1783858766.0817592,-0.7956454753875732,-0.3183075487613678,-1.164090027567251,1783858766.0759532,-0.904782137338348,-0.2877802340978218,-0.994487475349195,1783858766.0755453,-0.06588089013241628,-0.08273449011429179,0.19072926208286692,1783858766.076035,0.005821818479873103,0.35252132931261293,1783858766.051899,124.0,-83.0,33.0,1783858766.0545266,28096.4765625,nan,nan,54.474205017089844,nan
59.920119285583496,1783858766.125919,BSMC,eight,optuna_t003_r01,1783858766.096045,-0.8018565753620547,-0.31799414325509084,-1.165738590995578,0.0017598582945227734,0.3225943840920542,1783858766.0817592,-0.7956454753875732,-0.3183075487613678,-1.164090027567251,1783858766.114969,-0.9040342355108055,-0.2889159049144604,-0.9823896076606815,1783858766.1153722,-0.06699055401041729,-0.08245049333900617,0.18334898333489646,1783858766.115494,0.005498552337746865,0.34860398568430684,1783858766.096455,156.0,-96.0,34.0,1783858766.097205,28096.51953125,nan,nan,44.600276947021484,nan
59.96062183380127,1783858766.1664217,BSMC,eight,optuna_t003_r01,1783858766.146231,-0.8003690071384738,-0.31818961967235826,-1.1477810563823556,0.0037542399771142818,0.32970011439247754,1783858766.1309714,-0.7943941354751587,-0.31754153966903687,-1.1504998383163703,1783858766.155102,-0.9032637275635137,-0.29005559107138845,-0.9702510906210351,1783858766.155655,-0.0678936600587151,-0.08227574357305402,0.17752996576132052,1783858766.1554544,0.0052561052415724275,0.3450958778891644,1783858766.149521,124.0,-108.0,63.0,1783858766.1497695,28096.57421875,nan,nan,53.247840881347656,nan
60.00002479553223,1783858766.2058246,BSMC,eight,optuna_t003_r01,1783858766.1962106,-0.7989425441645372,-0.31813631723255564,-1.127883935640301,0.004234638664869417,0.34094016551971945,1783858766.181637,-0.7931377291679382,-0.316797137260437,-1.127788794687822,1783858766.1948729,-0.9024849555422405,-0.29117812031713713,-0.9583002411404947,1783858766.1963916,-0.06655038072693226,-0.08202642769814017,0.1894808152418609,1783858766.1952705,0.005847798139142323,0.3475561854207371,1783858766.1977856,46.0,-108.0,141.0,1783858766.200648,28096.62109375,nan,nan,48.131954193115234,nan
60.0401668548584,1783858766.2459667,BSMC,eight,optuna_t003_r01,1783858766.1962106,-0.7989425441645372,-0.31813631723255564,-1.127883935640301,0.004234638664869417,0.34094016551971945,1783858766.2294652,-0.7895210981369019,-0.31507837772369385,-1.0767311485893316,1783858766.2347467,-0.9016879883453555,-0.29229809869302664,-0.9463842287907727,1783858766.2350693,-0.06737890657354906,-0.08175770780888514,0.18149970684952832,1783858766.2351835,0.00565933020023424,0.3432020468224954,1783858766.1977856,46.0,-108.0,141.0,1783858766.200648,28096.62109375,nan,nan,48.131954193115234,nan
60.080366373062134,1783858766.2861662,BSMC,eight,optuna_t003_r01,1783858766.2461162,-0.7972243536773137,-0.3175324055237878,-1.0956234684096688,0.0019246418918997545,0.38020020220940226,1783858766.280539,-0.7879216074943542,-0.3140629231929779,-1.0579199124723577,1783858766.2751234,-0.900872565250932,-0.2934156242284775,-0.9345047161479603,1783858766.2755413,-0.06886321561288691,-0.08113216648104751,0.16111875226170855,1783858766.2756608,0.005270199570833717,0.3346157263850511,1783858766.254558,78.0,-89.0,85.0,1783858766.2548954,28096.677734375,nan,nan,56.84205627441406,nan
60.120047092437744,1783858766.325847,BSMC,eight,optuna_t003_r01,1783858766.2961347,-0.7955238396123914,-0.31685974931063204,-1.0672524747525425,0.0006694631036552328,0.40317680048247184,1783858766.280539,-0.7879216074943542,-0.3140629231929779,-1.0579199124723577,1783858766.3148484,-0.9000422363507755,-0.294525746319624,-0.9227168919350777,1783858766.3152497,-0.06999539070676575,-0.08076848535271561,0.1445355828174648,1783858766.3153284,0.005000569589190888,0.32717554330584475,1783858766.2976813,156.0,-70.0,33.0,1783858766.2980142,28096.720703125,nan,nan,42.270835876464844,nan
60.1601836681366,1783858766.3659835,BSMC,eight,optuna_t003_r01,1783858766.3467076,-0.7937484686753515,-0.31638195961512133,-1.0405304006216698,0.0027307761623434823,0.4193309130182269,1783858766.3297782,-0.7865197062492371,-0.31310802698135376,-1.0365196750893078,1783858766.3546805,-0.8991997136140061,-0.2956250631920506,-0.9110591754422963,1783858766.3552332,-0.07123971926958278,-0.08047183486550581,0.12947122517937348,1783858766.3549745,0.004671928032261688,0.320160591402632,1783858766.356676,156.0,-83.0,57.0,1783858766.3569794,28096.78125,nan,nan,59.954532623291016,nan
60.200066328048706,1783858766.4058661,BSMC,eight,optuna_t003_r01,1783858766.396033,-0.7920503026183479,-0.3159298409110342,-1.0189385946670482,0.0050462193294982275,0.4219372635322549,1783858766.3848906,-0.7855660915374756,-0.31242361664772034,-1.0216559307098316,1783858766.395055,-0.8983341460568715,-0.296727567596819,-0.8993855997513927,1783858766.3955295,-0.06985084708006342,-0.0802827391234135,0.14114480087027714,1783858766.3956757,0.005325548915127489,0.3222022492474216,1783858766.3978689,140.0,-108.0,93.0,1783858766.398218,28096.822265625,nan,nan,40.97806167602539,nan
60.240081787109375,1783858766.4458816,BSMC,eight,optuna_t003_r01,1783858766.396033,-0.7920503026183479,-0.3159298409110342,-1.0189385946670482,0.0050462193294982275,0.4219372635322549,1783858766.4292834,-0.7829975485801697,-0.3116229176521301,-0.9962027871747743,1783858766.43518,-0.8974544775786435,-0.2978216195227327,-0.8878217979452286,1783858766.43607,-0.07068034895049526,-0.08026354124473065,0.13111679672181953,1783858766.4357245,0.005155912447100819,0.3167134265224975,1783858766.3978689,140.0,-108.0,93.0,1783858766.398218,28096.822265625,nan,nan,40.97806167602539,nan
60.27995777130127,1783858766.4857576,BSMC,eight,optuna_t003_r01,1783858766.4461265,-0.790232839143575,-0.31538904754924274,-0.9947668808309071,0.005794951562495174,0.43058298295073544,1783858766.4799984,-0.7817515730857849,-0.31114333868026733,-0.9750798044426108,1783858766.4752645,-0.8965672125338947,-0.29889956916797955,-0.8764503524375702,1783858766.475356,-0.07174876802228683,-0.0801936166342568,0.11831652839333695,1783858766.475429,0.004897455162630164,0.31022782271588506,1783858766.4567053,46.0,-108.0,163.0,1783858766.457059,28096.880859375,nan,nan,58.919010162353516,nan
60.32031059265137,1783858766.5261104,BSMC,eight,optuna_t003_r01,1783858766.4961581,-0.788668401682683,-0.3146072955667628,-0.9715754602133448,0.003204935564335708,0.4333001880607239,1783858766.4799984,-0.7817515730857849,-0.31114333868026733,-0.9750798044426108,1783858766.5154154,-0.8956514086099071,-0.29998667553435854,-0.8650069621608849,1783858766.5157607,-0.07241168309760114,-0.08009790541765122,0.10656849805245994,1783858766.5158522,0.004805588428885834,0.3040081602885736,1783858766.4973955,46.0,-89.0,124.0,1783858766.4977462,28096.921875,nan,nan,40.89891052246094,nan
60.36026120185852,1783858766.566061,BSMC,eight,optuna_t003_r01,1783858766.546428,-0.7872108918752752,-0.3137001769323222,-0.9492977158510276,0.000838286222412888,0.4319082981580235,1783858766.5314362,-0.7805002331733704,-0.31017574667930603,-0.9536023937006909,1783858766.5555935,-0.894712281504404,-0.3010759277259801,-0.8535681647135298,1783858766.557224,-0.07285673547423832,-0.0800488384441302,0.0957295511374978,1783858766.5568874,0.004802574732786009,0.29800783010180526,1783858766.559374,156.0,-70.0,94.0,1783858766.5596535,28096.984375,nan,nan,61.966583251953125,nan
60.4007248878479,1783858766.6065247,BSMC,eight,optuna_t003_r01,1783858766.5961752,-0.785668555832659,-0.3130410183979512,-0.9307923639358303,0.002616071052920762,0.423236119173949,1783858766.582852,-0.7795282006263733,-0.30923643708229065,-0.9403888688718074,1783858766.595214,-0.8937909060101735,-0.3021207174735878,-0.8426240094580295,1783858766.5956728,-0.07147083956106745,-0.0799080871175613,0.10667370639299811,1783858766.5953588,0.00548743052759579,0.2996165705599892,1783858766.5989413,156.0,-64.0,120.0,1783858766.5993562,28097.0234375,nan,nan,39.25716781616211,nan
60.44005560874939,1783858766.6458554,BSMC,eight,optuna_t003_r01,1783858766.5961752,-0.785668555832659,-0.3130410183979512,-0.9307923639358303,0.002616071052920762,0.423236119173949,1783858766.6304064,-0.7774378657341003,-0.30765849351882935,-0.9090825052707886,1783858766.6346831,-0.8928375276055592,-0.30317812779945097,-0.8315773807520394,1783858766.6351166,-0.07191212141219384,-0.08006941935481082,0.09921498318379096,1783858766.6352432,0.005479573137007521,0.294690205187747,1783858766.5989413,156.0,-64.0,120.0,1783858766.5993562,28097.0234375,nan,nan,39.25716781616211,nan
60.480056047439575,1783858766.6858559,BSMC,eight,optuna_t003_r01,1783858766.646174,-0.7839274069448423,-0.3123447923273036,-0.9073734910944217,0.005220011647878168,0.4288555580619415,1783858766.680265,-0.776245653629303,-0.3071046471595764,-0.8891130733291891,1783858766.6758118,-0.8918590284667598,-0.3042395733741609,-0.8205207313645162,1783858766.6758902,-0.07285216930940777,-0.08004680459295181,0.08685275972990547,1783858766.6759686,0.005281904134636271,0.2880114250049564,1783858766.6640773,124.0,-70.0,213.0,1783858766.6677668,28097.087890625,nan,nan,65.24947357177734,nan
60.52012896537781,1783858766.7259288,BSMC,eight,optuna_t003_r01,1783858766.6966002,-0.7822898240906844,-0.311670897852455,-0.8845910614886652,0.006726633428550091,0.43080716601235763,1783858766.680265,-0.776245653629303,-0.3071046471595764,-0.8891130733291891,1783858766.7151215,-0.8908644107057928,-0.30529495126501305,-0.8095612175143713,1783858766.715421,-0.0737262911506942,-0.07995953693394343,0.07502984397429392,1783858766.7155013,0.005109051714938744,0.28147351287569566,1783858766.6979167,62.0,-76.0,214.0,1783858766.6981483,28097.12109375,nan,nan,33.92213439941406,nan
60.56062936782837,1783858766.7664292,BSMC,eight,optuna_t003_r01,1783858766.7459867,-0.7807923449581657,-0.310887806587623,-0.8653899572480559,0.005666951252574358,0.42321587420315876,1783858766.729886,-0.7747845649719238,-0.30667468905448914,-0.8740926033294458,1783858766.7548103,-0.8898707992386935,-0.30632666640205514,-0.7988820131823905,1783858766.7556217,-0.0741928975584544,-0.08008949456640539,0.0665079440656654,1783858766.755308,0.00509542234886096,0.2760372463197515,1783858766.7485163,15.0,-70.0,231.0,1783858766.7488322,28097.171875,nan,nan,50.5967903137207,nan
60.600372552871704,1783858766.8061724,BSMC,eight,optuna_t003_r01,1783858766.796164,-0.7794690244553877,-0.3099361521881321,-0.8475594530605772,0.002888857900780032,0.41051238946689433,1783858766.7803137,-0.7735229730606079,-0.30588439106941223,-0.8576405566259432,1783858766.7955067,-0.8888371978046395,-0.3073770511712414,-0.7880465473308564,1783858766.7960618,-0.07272306052464102,-0.07998357392702099,0.07734340991719947,1783858766.796191,0.005850682038604977,0.2773635156026813,1783858766.798359,85.0,-44.0,209.0,1783858766.7987092,28097.22265625,nan,nan,49.96520233154297,nan
60.64004397392273,1783858766.8458438,BSMC,eight,optuna_t003_r01,1783858766.796164,-0.7794690244553877,-0.3099361521881321,-0.8475594530605772,0.002888857900780032,0.41051238946689433,1783858766.8302193,-0.7718347907066345,-0.3038468062877655,-0.8207174489321595,1783858766.8348897,-0.8878112768632642,-0.30839763225692773,-0.777556007081295,1783858766.8355808,-0.07285587506528521,-0.08020244490576516,0.07000344597928221,1783858766.835249,0.005982056291782313,0.27225209577008613,1783858766.798359,85.0,-44.0,209.0,1783858766.7987092,28097.22265625,nan,nan,49.96520233154297,nan
60.68016529083252,1783858766.885965,BSMC,eight,optuna_t003_r01,1783858766.8460684,-0.7779896259820644,-0.30889259875308744,-0.8227089461525551,0.002752056674140493,0.41807699600466014,1783858766.8812613,-0.7711644768714905,-0.3029461205005646,-0.8083526924026544,1783858766.874875,-0.8867569056805635,-0.3094247056072704,-0.7670377058211109,1783858766.8751178,-0.07359761495429121,-0.08008742313094916,0.055671240331444216,1783858766.875198,0.0058771992667009535,0.26465834685171213,1783858766.8719254,148.0,-19.0,256.0,1783858766.8724673,28097.294921875,nan,nan,73.15863800048828,nan
60.72070097923279,1783858766.9265008,BSMC,eight,optuna_t003_r01,1783858766.8963373,-0.776435731508123,-0.3081004265979881,-0.8026523639355388,0.006239849940921998,0.4127365053253611,1783858766.8812613,-0.7711644768714905,-0.3029461205005646,-0.8083526924026544,1783858766.9153411,-0.885690919692114,-0.3104416090796378,-0.7566636704621915,1783858766.9154234,-0.07422689452441711,-0.0802031508719747,0.04598869347334733,1783858766.9155002,0.005807434331623029,0.2586285790108252,1783858766.9026542,132.0,-12.0,259.0,1783858766.9029982,28097.326171875,nan,nan,30.95864486694336,nan
60.76047158241272,1783858766.9662714,BSMC,eight,optuna_t003_r01,1783858766.9462466,-0.7748620851409619,-0.3074662740016769,-0.784716958778025,0.009343256405750842,0.4033034292212725,1783858766.929321,-0.7700312733650208,-0.30236852169036865,-0.7944897911155745,1783858766.955101,-0.884603416502,-0.31145775046036617,-0.7463388224618497,1783858766.9553998,-0.07483120547703974,-0.08037028294131172,0.038378136316175364,1783858766.9554915,0.005746258417329657,0.2532726244719738,1783858766.948529,85.0,-38.0,278.0,1783858766.949609,28097.373046875,nan,nan,45.947689056396484,nan
60.800013303756714,1783858767.0058131,BSMC,eight,optuna_t003_r01,1783858766.9960372,-0.7733742401965059,-0.30675989604241405,-0.7684476888035149,0.009968666203580528,0.39059732822571824,1783858766.9797633,-0.768557608127594,-0.3018459975719452,-0.7795608378549903,1783858766.9953768,-0.8835039697619763,-0.3124641346311187,-0.7361553829191768,1783858766.9956856,-0.07334211367870123,-0.08030549212860601,0.04856157585884824,1783858766.9957693,0.006536643712575282,0.2542988613718597,1783858766.9994588,62.0,-64.0,260.0,1783858766.9998999,28097.423828125,nan,nan,50.95956802368164,nan
60.84009075164795,1783858767.0458906,BSMC,eight,optuna_t003_r01,1783858766.9960372,-0.7733742401965059,-0.30675989604241405,-0.7684476888035149,0.009968666203580528,0.39059732822571824,1783858767.0297062,-0.7663861513137817,-0.3004605770111084,-0.749451033625937,1783858767.0349119,-0.8824044923129087,-0.3134504028979459,-0.7262176597881782,1783858767.035245,-0.07374167112235859,-0.0805886139515514,0.04223002901533668,1783858767.035622,0.006563350942906097,0.2493768711018979,1783858766.9994588,62.0,-64.0,260.0,1783858766.9998999,28097.423828125,nan,nan,50.95956802368164,nan
60.88076186180115,1783858767.0865617,BSMC,eight,optuna_t003_r01,1783858767.0464933,-0.7718839818499666,-0.30578590311384185,-0.7470310398331932,0.008394687740838423,0.39203572023520955,1783858767.0799134,-0.7657848000526428,-0.299755722284317,-0.7349079446915947,1783858767.075185,-0.8812664340405512,-0.3144509469130588,-0.7161800659233092,1783858767.0757184,-0.07436735314834406,-0.08067899737216207,0.030850973909884005,1783858767.0759985,0.00650720495331737,0.24259750379728373,1783858767.0506854,15.0,-51.0,286.0,1783858767.0509825,28097.474609375,nan,nan,51.16432189941406,nan
60.92012596130371,1783858767.1259258,BSMC,eight,optuna_t003_r01,1783858767.0961697,-0.7707113628805051,-0.3047072554855626,-0.7286892980480987,0.005410864510736242,0.38467464425567227,1783858767.0799134,-0.7657848000526428,-0.299755722284317,-0.7349079446915947,1783858767.1148586,-0.8801256326858028,-0.3154339968089972,-0.706362352449733,1783858767.115324,-0.07448542338274404,-0.08086078851915632,0.022326945598365677,1783858767.1161036,0.006657689577280116,0.2368237609126068,1783858767.0992665,39.0,-25.0,301.0,1783858767.0999663,28097.5234375,nan,nan,48.44379806518555,nan
60.96065950393677,1783858767.1664593,BSMC,eight,optuna_t003_r01,1783858767.1462011,-0.769647340963956,-0.30369250450910207,-0.7132745880415408,0.0040003827311932685,0.370036652675537,1783858767.1302388,-0.7653104662895203,-0.29892227053642273,-0.7231378424956214,1783858767.1553905,-0.8789514466116083,-0.31642585163718173,-0.6965024898437797,1783858767.1558342,-0.07432671227678347,-0.08114841639022626,0.016772098197761043,1783858767.1559784,0.00692574597640944,0.2320337025260395,1783858767.149816,124.0,-12.0,207.0,1783858767.1501532,28097.57421875,nan,nan,50.55183029174805,nan
61.00000023841858,1783858767.2058,BSMC,eight,optuna_t003_r01,1783858767.1962483,-0.7684441099890256,-0.30294547475196915,-0.7007297999527444,0.0061333764663964166,0.3516618408804778,1783858767.1806505,-0.7646883726119995,-0.2982844114303589,-0.7143004431540939,1783858767.1952348,-0.8777870275476101,-0.31739025798356385,-0.6869606934068144,1783858767.1958458,-0.07281512723531584,-0.08111582774257325,0.02631389463472633,1783858767.1960678,0.007747434068233636,0.23282387557885784,1783858767.1996193,117.0,-25.0,241.0,1783858767.1998894,28097.623046875,nan,nan,49.98625946044922,nan
61.04052734375,1783858767.2463272,BSMC,eight,optuna_t003_r01,1783858767.1962483,-0.7684441099890256,-0.30294547475196915,-0.7007297999527444,0.0061333764663964166,0.3516618408804778,1783858767.2294989,-0.7625052332878113,-0.29788878560066223,-0.6858419775203313,1783858767.2354608,-0.8765823063788063,-0.31836872105070735,-0.677326442485029,1783858767.2358873,-0.07271325706873064,-0.0815139760487919,0.02340335746771538,1783858767.2360172,0.007995990939960677,0.22895544849271035,1783858767.1996193,117.0,-25.0,241.0,1783858767.1998894,28097.623046875,nan,nan,49.98625946044922,nan
61.08018255233765,1783858767.2859824,BSMC,eight,optuna_t003_r01,1783858767.2459407,-0.7669575828595732,-0.30234174930351065,-0.6825550283803028,0.008513124573064341,0.35135459147644416,1783858767.2802663,-0.761528730392456,-0.29781174659729004,-0.6769361812683765,1783858767.2754917,-0.8753856695463794,-0.3193219217919248,-0.6679870731052638,1783858767.2759924,-0.07342553434031682,-0.08157001377428366,0.014567955275038959,1783858767.2761018,0.007905887961429972,0.22303710445921338,1783858767.250246,78.0,-51.0,330.0,1783858767.2495747,28097.673828125,nan,nan,49.663818359375,nan
61.12009358406067,1783858767.3258934,BSMC,eight,optuna_t003_r01,1783858767.2959743,-0.7656553912472535,-0.30174670727200775,-0.668010547277187,0.008593282594063606,0.34153419918902433,1783858767.2802663,-0.761528730392456,-0.29781174659729004,-0.6769361812683765,1783858767.3147624,-0.8741714542495524,-0.3202708121931167,-0.658736086023049,1783858767.3161123,-0.07371683523834585,-0.081760055009092,0.009274461254138,1783858767.316294,0.00799126997735216,0.21836214916257624,1783858767.2995954,54.0,-51.0,396.0,1783858767.299888,28097.724609375,nan,nan,50.24842834472656,nan
61.1600546836853,1783858767.3658545,BSMC,eight,optuna_t003_r01,1783858767.346065,-0.764542822657856,-0.30111448482851094,-0.6563034484289678,0.007292921212974256,0.3253593403438369,1783858767.3298752,-0.7606874108314514,-0.29747164249420166,-0.6690780299591478,1783858767.3553388,-0.8729221560978343,-0.32122859732498255,-0.6494459629560083,1783858767.355763,-0.07359039979016772,-0.08206771897121301,0.006857485472959501,1783858767.3558996,0.00825599303710602,0.2146648088081101,1783858767.349822,46.0,-25.0,421.0,1783858767.3501668,28097.7734375,nan,nan,50.148311614990234,nan
61.20046901702881,1783858767.4062688,BSMC,eight,optuna_t003_r01,1783858767.396129,-0.7635808169146141,-0.300474706971699,-0.6477874544004136,0.006284860314940197,0.30231791945171016,1783858767.3809202,-0.7602789402008057,-0.29694509506225586,-0.663003514604628,1783858767.3951619,-0.8716797691137644,-0.322163152879306,-0.6404280509898324,1783858767.395261,-0.07203585595024649,-0.08205002851994683,0.015875397439135464,1783858767.3955805,0.009113208442390698,0.21529089778927132,1783858767.3996158,54.0,-6.0,300.0,1783858767.3999054,28097.82421875,nan,nan,49.861820220947266,nan
61.24005699157715,1783858767.4458568,BSMC,eight,optuna_t003_r01,1783858767.396129,-0.7635808169146141,-0.300474706971699,-0.6477874544004136,0.006284860314940197,0.30231791945171016,1783858767.4312463,-0.7593939304351807,-0.29562392830848694,-0.645414266823307,1783858767.435454,-0.8703941726865059,-0.32311208904370003,-0.631319554279659,1783858767.4360483,-0.0715152675556035,-0.08250521525804855,0.01646790012075461,1783858767.4361467,0.009547950530316984,0.21267283452821514,1783858767.3996158,54.0,-6.0,300.0,1783858767.3999054,28097.82421875,nan,nan,49.861820220947266,nan
61.28021860122681,1783858767.4860184,BSMC,eight,optuna_t003_r01,1783858767.4466295,-0.7625914498719595,-0.29974277326668003,-0.636348088413532,0.0062666486492381,0.2892756443376504,1783858767.4797168,-0.7587984204292297,-0.2952999770641327,-0.6389482207289164,1783858767.475062,-0.8691312841349068,-0.3240269729715297,-0.6225845833075278,1783858767.475483,-0.07125574805597372,-0.08284369021877831,0.013763505106004215,1783858767.4757378,0.009871298015729519,0.20894371017875749,1783858767.4510932,31.0,-19.0,207.0,1783858767.4513776,28097.875,nan,nan,51.57334899902344,nan
61.3201048374176,1783858767.5259047,BSMC,eight,optuna_t003_r01,1783858767.4960322,-0.7617366404913879,-0.2990404546504289,-0.6274663261345194,0.005522414371112471,0.27178845778017546,1783858767.4797168,-0.7587984204292297,-0.2952999770641327,-0.6389482207289164,1783858767.5152915,-0.8678276958190357,-0.3249540190207612,-0.6137808984324945,1783858767.5153735,-0.07066883856952813,-0.08326307761633223,0.013685427702024855,1783858767.5154877,0.010336913080865394,0.20612182429214193,1783858767.5000203,78.0,-38.0,123.0,1783858767.5003154,28097.923828125,nan,nan,48.84852981567383,nan
61.36001539230347,1783858767.5658152,BSMC,eight,optuna_t003_r01,1783858767.5460653,-0.7607983423025618,-0.2984765224000946,-0.618251805010241,0.005633588176796749,0.2586901195885677,1783858767.5322082,-0.7577885985374451,-0.2951957881450653,-0.6276124759010512,1783858767.5547636,-0.8665127252279319,-0.32587196765649373,-0.605111249478335,1783858767.5553563,-0.07026719413616989,-0.0835976232097417,0.013140555531906073,1783858767.5551152,0.0107267720862319,0.20315945563237423,1783858767.5519598,171.0,-51.0,98.0,1783858767.5529647,28097.9765625,nan,nan,51.79018783569336,nan
61.40026879310608,1783858767.6060686,BSMC,eight,optuna_t003_r01,1783858767.5959883,-0.7596580620328195,-0.2981005478772132,-0.6061186790551556,0.00827445719238059,0.2581885908026821,1783858767.582042,-0.7568759918212891,-0.2948307693004608,-0.6112254031680894,1783858767.595634,-0.8651810940643899,-0.32678457483744106,-0.5965396259017773,1783858767.595296,-0.06865309967928944,-0.0835694717142123,0.02171217910846368,1783858767.5957146,0.011620862036765918,0.2036885491068731,1783858767.6041594,156.0,-57.0,210.0,1783858767.6046014,28098.02734375,nan,nan,51.857330322265625,nan
61.44050335884094,1783858767.6463032,BSMC,eight,optuna_t003_r01,1783858767.5959883,-0.7596580620328195,-0.2981005478772132,-0.6061186790551556,0.00827445719238059,0.2581885908026821,1783858767.6334224,-0.7557069063186646,-0.2937624156475067,-0.5985398001362917,1783858767.6354442,-0.8638266240803447,-0.32769592897045663,-0.5880276580596158,1783858767.635977,-0.0687525776336167,-0.08366635506484632,0.01809102099553983,1783858767.6356888,0.011809199629678673,0.19963150455866316,1783858767.6041594,156.0,-57.0,210.0,1783858767.6046014,28098.02734375,nan,nan,51.857330322265625,nan
61.48127484321594,1783858767.6870747,BSMC,eight,optuna_t003_r01,1783858767.6466017,-0.7584512006294454,-0.29762190435441976,-0.5937137013669666,0.010467331091769,0.2590501823338815,1783858767.6805584,-0.7558416724205017,-0.2931773364543915,-0.5902565659362514,1783858767.6756387,-0.8624612471826256,-0.3285979662603734,-0.5796503346243884,1783858767.6760461,-0.06888133958349658,-0.08386278824591525,0.01406336674257813,1783858767.6762047,0.011986358334043167,0.19541345194308524,1783858767.6523345,93.0,-38.0,365.0,1783858767.6538813,28098.076171875,nan,nan,48.55036544799805,nan
61.52028679847717,1783858767.7260866,BSMC,eight,optuna_t003_r01,1783858767.6961882,-0.7575925545649727,-0.2970627687512081,-0.582880945375641,0.01064470175475083,0.2548682171496506,1783858767.6805584,-0.7558416724205017,-0.2931773364543915,-0.5902565659362514,1783858767.714792,-0.8611032503192372,-0.3294791085325286,-0.5715132634261468,1783858767.7150683,-0.06857607298373897,-0.08403930886483328,0.011367681949494113,1783858767.7151575,0.01234243324433507,0.19174981420502843,1783858767.7039576,62.0,-12.0,421.0,1783858767.7026813,28098.126953125,nan,nan,50.19418716430664,nan
61.56010675430298,1783858767.7659066,BSMC,eight,optuna_t003_r01,1783858767.7463508,-0.7568494699328829,-0.29647951927303096,-0.5736426616056668,0.010132922128965842,0.24479150655725118,1783858767.7320702,-0.755362868309021,-0.2927197217941284,-0.5822833777744516,1783858767.7551858,-0.8597058947974726,-0.3303696756846399,-0.5633359693974342,1783858767.7554982,-0.06800013980771398,-0.08428503914491381,0.010306692208232549,1783858767.755857,0.012817001813422806,0.18865330841449882,1783858767.754806,31.0,-6.0,389.0,1783858767.7552805,28098.177734375,nan,nan,52.15141296386719,nan
61.60023355484009,1783858767.8060334,BSMC,eight,optuna_t003_r01,1783858767.7965171,-0.7563312506134342,-0.2959536036742706,-0.5684071487645588,0.008761914457231535,0.2242429922070944,1783858767.781165,-0.7553473711013794,-0.2927902936935425,-0.5815958529648207,1783858767.7952404,-0.8583054960689431,-0.3312463328737274,-0.5553327473665682,1783858767.7956684,-0.06634814566003833,-0.08426137985305508,0.018309914239098554,1783858767.795768,0.013737157835941547,0.18909623219909433,1783858767.8025565,15.0,-6.0,325.0,1783858767.8041892,28098.2265625,nan,nan,47.93595504760742,nan
61.64134907722473,1783858767.847149,BSMC,eight,optuna_t003_r01,1783858767.7965171,-0.7563312506134342,-0.2959536036742706,-0.5684071487645588,0.008761914457231535,0.2242429922070944,1783858767.8314097,-0.7534481883049011,-0.2925122380256653,-0.5665507713179607,1783858767.8355174,-0.8568781426378493,-0.3321240783781382,-0.5473660157886203,1783858767.835851,-0.06526662727370859,-0.08460643060895147,0.02104113297593846,1783858767.835942,0.014424512774725267,0.18746615487444457,1783858767.8025565,15.0,-6.0,325.0,1783858767.8041892,28098.2265625,nan,nan,47.93595504760742,nan
61.680073261260986,1783858767.885873,BSMC,eight,optuna_t003_r01,1783858767.8464394,-0.7556052591650899,-0.29544213271199793,-0.560113198147636,0.00725701820582592,0.21373282421832682,1783858767.8806894,-0.7524207830429077,-0.29171520471572876,-0.5515325748381505,1783858767.876269,-0.8554063175664388,-0.33301303508716684,-0.5393452136452936,1783858767.876719,-0.0645902073097791,-0.08485239585888948,0.020767984502342407,1783858767.876813,0.014951164764440144,0.1846784882099404,1783858767.851674,78.0,0.0,218.0,1783858767.852542,28098.275390625,nan,nan,48.92033767700195,nan
61.721518754959106,1783858767.9273186,BSMC,eight,optuna_t003_r01,1783858767.8963346,-0.7546981339885938,-0.29495850525900413,-0.5493270409843045,0.007871585234084837,0.21211789562968103,1783858767.8806894,-0.7524207830429077,-0.29171520471572876,-0.5515325748381505,1783858767.9145896,-0.8540120316569693,-0.3338405365101833,-0.5319223105169768,1783858767.9160347,-0.06440161794140996,-0.08501467068001203,0.017404730467327715,1783858767.9161274,0.015262295456271426,0.18090176559661672,1783858767.9207888,140.0,-6.0,264.0,1783858767.9211235,28098.345703125,nan,nan,69.2977523803711,nan
61.76051378250122,1783858767.9663136,BSMC,eight,optuna_t003_r01,1783858767.9459693,-0.7535698049738095,-0.29462062849585413,-0.5396513529779905,0.010840466757077248,0.21006992611052663,1783858767.929043,-0.7514103055000305,-0.29135504364967346,-0.5442416994631804,1783858767.9549918,-0.852533705699698,-0.33470287408592675,-0.5242317118021087,1783858767.9558449,-0.06430419337606419,-0.08523737896416186,0.015419641175881795,1783858767.955284,0.015546891920428536,0.17753259756158382,1783858767.95398,124.0,-12.0,298.0,1783858767.9559548,28098.376953125,nan,nan,33.102230072021484,nan
61.80020785331726,1783858768.0060077,BSMC,eight,optuna_t003_r01,1783858767.996028,-0.7523512512437291,-0.2941757210540216,-0.5263121588642812,0.012875898061112159,0.21804275145508623,1783858767.9809628,-0.7501122951507568,-0.29034510254859924,-0.5249991971583459,1783858767.9960203,-0.8510378949133892,-0.3355601517700032,-0.516631795839432,1783858767.9961536,-0.06258045450270176,-0.08520422428858712,0.023019557138558522,1783858767.996608,0.016507357040527026,0.17793567785824388,1783858767.95398,124.0,-12.0,298.0,1783858767.9559548,28098.376953125,nan,nan,33.102230072021484,nan
61.840327739715576,1783858768.0461276,BSMC,eight,optuna_t003_r01,1783858767.996028,-0.7523512512437291,-0.2941757210540216,-0.5263121588642812,0.012875898061112159,0.21804275145508623,1783858768.0301578,-0.7487173080444336,-0.28905966877937317,-0.5045240468017927,1783858768.0361547,-0.8495560816394703,-0.3363947511984718,-0.5092767757514876,1783858768.0353985,-0.06284101978009657,-0.08533599352910999,0.017035383112793626,1783858768.0362525,0.01664439166679898,0.17312052723660287,1783858768.0336568,93.0,38.0,394.0,1783858768.0339954,28098.45703125,nan,nan,79.79331970214844,nan
61.8802170753479,1783858768.086017,BSMC,eight,optuna_t003_r01,1783858768.0461266,-0.7510245857063458,-0.2936116926895831,-0.5100733368429693,0.01523351702224013,0.23013574150322205,1783858768.0811114,-0.7482201457023621,-0.28899896144866943,-0.49807578755432774,1783858768.0754719,-0.8480662575492597,-0.3372196135582469,-0.5020502575130715,1783858768.0755572,-0.06339792587000712,-0.08543675925464705,0.008023079329897764,1783858768.0756335,0.016657327372683193,0.16714788351808793,1783858768.0516665,78.0,89.0,503.0,1783858768.0519805,28098.4765625,nan,nan,17.973621368408203,nan
61.92001724243164,1783858768.125817,BSMC,eight,optuna_t003_r01,1783858768.09603,-0.7497261676785961,-0.29319493196209695,-0.4976544209557717,0.017628004393709394,0.22884188890630364,1783858768.0811114,-0.7482201457023621,-0.28899896144866943,-0.49807578755432774,1783858768.1148355,-0.8465354516757475,-0.3380527404162704,-0.49479458511347113,1783858768.1151361,-0.0636531878197078,-0.08563020569718043,0.0028598358423005954,1783858768.1152172,0.016798638471715553,0.1626150441549185,1783858768.1026068,62.0,76.0,439.0,1783858768.1029186,28098.52734375,nan,nan,50.97868728637695,nan
61.960530042648315,1783858768.1663299,BSMC,eight,optuna_t003_r01,1783858768.1461623,-0.748619775855306,-0.2928127390019698,-0.4884551190009944,0.01903091988315324,0.21839845137999844,1783858768.1304944,-0.7479606866836548,-0.28881755471229553,-0.49373008510914346,1783858768.1549764,-0.8449933444185003,-0.33887768517995454,-0.4876531470995612,1783858768.1553235,-0.06348699493783073,-0.0859025346410057,0.0008019719014332183,1783858768.1554835,0.017116246069446155,0.15929777524016742,1783858768.1528463,85.0,57.0,357.0,1783858768.1520727,28098.576171875,nan,nan,49.290218353271484,nan
62.0002179145813,1783858768.2060177,BSMC,eight,optuna_t003_r01,1783858768.1963296,-0.7476157488178247,-0.29248974396546684,-0.48095419830169595,0.01996869025481431,0.20581917319881368,1783858768.179369,-0.74748694896698,-0.28875741362571716,-0.488283477303219,1783858768.1955926,-0.8434244458072888,-0.3397026487018143,-0.4805544457539364,1783858768.195952,-0.06171444088856755,-0.08589480113589798,0.00790067324705801,1783858768.1960552,0.018108659273360445,0.15964068393213188,1783858768.202774,124.0,38.0,252.0,1783858768.2024407,28098.626953125,nan,nan,50.376625061035156,nan
62.040337324142456,1783858768.2461371,BSMC,eight,optuna_t003_r01,1783858768.1963296,-0.7476157488178247,-0.29248974396546684,-0.48095419830169595,0.01996869025481431,0.20581917319881368,1783858768.229496,-0.7461472749710083,-0.2883204519748688,-0.47500003421692094,1783858768.2361903,-0.8418708559989523,-0.3405057637083461,-0.47368507001126187,1783858768.2364209,-0.06134880475456956,-0.08617358955538601,0.007269128290434079,1783858768.2368999,0.01850941885796669,0.1569595794152005,1783858768.202774,124.0,38.0,252.0,1783858768.2024407,28098.626953125,nan,nan,50.376625061035156,nan
62.07995653152466,1783858768.2857563,BSMC,eight,optuna_t003_r01,1783858768.246299,-0.746476260482256,-0.29217223782386625,-0.47141689134744785,0.021265071228833587,0.20199058333794337,1783858768.2845185,-0.7448996305465698,-0.2880103290081024,-0.4621237191815224,1783858768.2762167,-0.840286320673886,-0.3413111521504869,-0.4668372856055394,1783858768.2756689,-0.06126140079022195,-0.08638287485130369,0.004579605741908466,1783858768.2763793,0.018797782716668213,0.1534738092027114,1783858768.253737,148.0,12.0,258.0,1783858768.2530384,28098.67578125,nan,nan,50.205711364746094,nan
62.12022423744202,1783858768.326024,BSMC,eight,optuna_t003_r01,1783858768.2962816,-0.7452940304308181,-0.29184318386313035,-0.46078156588564795,0.022350491911052324,0.20341511662491943,1783858768.2845185,-0.7448996305465698,-0.2880103290081024,-0.4621237191815224,1783858768.31495,-0.8387064136972012,-0.3421007936105373,-0.4601633666676052,1783858768.315305,-0.061323001527751955,-0.08655166184802948,0.0006181992180427365,1783858768.3154008,0.01902147822582255,0.1495351032747806,1783858768.303726,140.0,0.0,292.0,1783858768.3030565,28098.7265625,nan,nan,50.183692932128906,nan
62.16036295890808,1783858768.3661628,BSMC,eight,optuna_t003_r01,1783858768.3467329,-0.7441699410157717,-0.2915057606490498,-0.45038074597622707,0.022590332654010493,0.20461961106956006,1783858768.3306038,-0.7439841628074646,-0.2876518666744232,-0.4534728669783912,1783858768.355577,-0.8370899234774685,-0.3428952795375819,-0.4534885183990024,1783858768.35563,-0.061283847911865,-0.0867138730388179,-0.0031077724227753234,1783858768.3556972,0.019291189438507196,0.14567205197569444,1783858768.3552735,46.0,6.0,358.0,1783858768.353597,28098.77734375,nan,nan,50.80636215209961,nan
62.200114011764526,1783858768.4059138,BSMC,eight,optuna_t003_r01,1783858768.396056,-0.7433523742806892,-0.2909877700250061,-0.4406774446912036,0.01995435162828418,0.20237582109163718,1783858768.38033,-0.7431017160415649,-0.2870899438858032,-0.44387872277952106,1783858768.394906,-0.835475539331563,-0.3436755536671209,-0.4469721916655651,1783858768.3953557,-0.059490788012001625,-0.08671358445517113,0.0034085543106619487,1783858768.3954518,0.020294405401228597,0.145980740270932,1783858768.3552735,46.0,6.0,358.0,1783858768.353597,28098.77734375,nan,nan,50.80636215209961,nan
62.24024796485901,1783858768.4460478,BSMC,eight,optuna_t003_r01,1783858768.396056,-0.7433523742806892,-0.2909877700250061,-0.4406774446912036,0.01995435162828418,0.20237582109163718,1783858768.4299672,-0.7418200373649597,-0.287244975566864,-0.43663567352920496,1783858768.4347365,-0.8338363419307262,-0.34445473316187875,-0.44050373698411716,1783858768.435576,-0.05903293687726404,-0.08695502810313843,0.0001737077070864679,1783858768.4353778,0.02074087114794746,0.14234882483121084,1783858768.4072857,46.0,6.0,284.0,1783858768.406887,28098.830078125,nan,nan,53.14744186401367,nan
62.28037643432617,1783858768.4861763,BSMC,eight,optuna_t003_r01,1783858768.4462876,-0.7425426427520598,-0.29054224760852815,-0.43202328602539575,0.01712838385749271,0.19644203937605514,1783858768.4810178,-0.7403102517127991,-0.28786733746528625,-0.43594155669748924,1783858768.4748535,-0.8321856493218345,-0.34522642798044434,-0.43413559752436337,1783858768.4769068,-0.05850988567402217,-0.08719415971399563,-0.002112311498967623,1783858768.4770188,0.02121465778810062,0.1391190682927676,1783858768.4538636,140.0,0.0,208.0,1783858768.4529321,28098.876953125,nan,nan,46.111656188964844,nan
62.32043957710266,1783858768.5262394,BSMC,eight,optuna_t003_r01,1783858768.4969072,-0.741409887407265,-0.29038562458214884,-0.42631632456605545,0.0175171151920915,0.18579958021232165,1783858768.4810178,-0.7403102517127991,-0.28786733746528625,-0.43594155669748924,1783858768.5149777,-0.8305084600410464,-0.3459975766467203,-0.4278099444391015,1783858768.5152514,-0.05812718756233265,-0.08747842547681581,-0.0014936198730460257,1783858768.51549,0.02163239152512593,0.13705635123446788,1783858768.5081038,171.0,12.0,250.0,1783858768.5103528,28098.931640625,nan,nan,54.972511291503906,nan
62.36058807373047,1783858768.566388,BSMC,eight,optuna_t003_r01,1783858768.546018,-0.7400871854228769,-0.29041893009060604,-0.42216133337707035,0.01999206715869609,0.1748006253953632,1783858768.5321445,-0.7391075491905212,-0.2883276641368866,-0.43286979509830953,1783858768.5552313,-0.828828611645527,-0.34675724594497664,-0.42161559285901423,1783858768.5556505,-0.05786675072406361,-0.08775241148809511,0.0005457405180561148,1783858768.5557296,0.02199778805945459,0.13561412995967942,1783858768.55537,140.0,32.0,408.0,1783858768.5540757,28098.978515625,nan,nan,46.10673141479492,nan
62.40031123161316,1783858768.606111,BSMC,eight,optuna_t003_r01,1783858768.5960524,-0.7387188801818244,-0.29055760921710677,-0.41848694890780336,0.022169475332497288,0.16303876880174842,1783858768.582851,-0.7379964590072632,-0.28875067830085754,-0.4289475313719625,1783858768.5951116,-0.827128382669501,-0.3475135468515983,-0.4154853285804021,1783858768.5955822,-0.05600591106656077,-0.08774567343644234,0.0066760047966682445,1783858768.5956821,0.023034357264751445,0.1359192283359743,1783858768.55537,140.0,32.0,408.0,1783858768.5540757,28098.978515625,nan,nan,46.10673141479492,nan
62.44025230407715,1783858768.6460521,BSMC,eight,optuna_t003_r01,1783858768.5960524,-0.7387188801818244,-0.29055760921710677,-0.41848694890780336,0.022169475332497288,0.16303876880174842,1783858768.6331162,-0.7355290055274963,-0.2885712683200836,-0.40900667766184534,1783858768.6350226,-0.8254334457166167,-0.3482552372288269,-0.40950897957304766,1783858768.6353528,-0.05578444785950118,-0.08795753254313818,0.008977969334755698,1783858768.635119,0.023381738327729433,0.13468003592557862,1783858768.6108923,62.0,44.0,431.0,1783858768.6112003,28099.03515625,nan,nan,57.00221633911133,nan
62.480072021484375,1783858768.6858718,BSMC,eight,optuna_t003_r01,1783858768.6463444,-0.737239613768767,-0.2905777153379296,-0.4092445638015971,0.022183838892862174,0.16468738898413435,1783858768.6806588,-0.7342264652252197,-0.28809863328933716,-0.40347911196915426,1783858768.6758626,-0.8236811678362421,-0.34900950581831,-0.4034673138881253,1783858768.6761832,-0.056052389172685506,-0.08800310265199235,0.005777249913471838,1783858768.676421,0.023532973948000503,0.13119726570127685,1783858768.6536365,70.0,38.0,360.0,1783858768.6543188,28099.078125,nan,nan,42.790618896484375,nan
62.52051377296448,1783858768.7263136,BSMC,eight,optuna_t003_r01,1783858768.6960378,-0.7358536300572082,-0.2904822779161255,-0.4012976184051871,0.02153370313571643,0.16234428434658882,1783858768.6806588,-0.7342264652252197,-0.28809863328933716,-0.40347911196915426,1783858768.7153463,-0.8219567253736273,-0.34973970802279436,-0.3976530257016287,1783858768.7164955,-0.05611589210886315,-0.0881827233574782,0.0036445927035583803,1783858768.715778,0.023763450709011605,0.12819284449242424,1783858768.7120442,124.0,25.0,289.0,1783858768.7130501,28099.13671875,nan,nan,58.39621353149414,nan
62.56018948554993,1783858768.7659893,BSMC,eight,optuna_t003_r01,1783858768.7462828,-0.734506520420101,-0.29040059985596556,-0.39246459101282444,0.02189471229656395,0.16375821303087612,1783858768.7305756,-0.7334328889846802,-0.2879832983016968,-0.39355013588104515,1783858768.755607,-0.8202051581667356,-0.35046945383739947,-0.39187636951092025,1783858768.7556756,-0.056208564226017776,-0.08827865561913231,0.0005882215019041848,1783858768.7557657,0.023983908220185115,0.12482736553156629,1783858768.7547767,148.0,19.0,276.0,1783858768.7549148,28099.177734375,nan,nan,42.32143020629883,nan
62.600300550460815,1783858768.8061004,BSMC,eight,optuna_t003_r01,1783858768.796042,-0.733171430664704,-0.2903239481902381,-0.3843542283738626,0.022937748424890575,0.16461492778389908,1783858768.7814674,-0.7325090765953064,-0.2878227233886719,-0.38697359620814414,1783858768.7952533,-0.8184537819997538,-0.3511874052196404,-0.3862262264015621,1783858768.796038,-0.054315753961269406,-0.08827217740977501,0.006238364611262315,1783858768.7962232,0.0250334805905281,0.12512229125010532,1783858768.7547767,148.0,19.0,276.0,1783858768.7549148,28099.177734375,nan,nan,42.32143020629883,nan
62.6408588886261,1783858768.8466587,BSMC,eight,optuna_t003_r01,1783858768.796042,-0.733171430664704,-0.2903239481902381,-0.3843542283738626,0.022937748424890575,0.16461492778389908,1783858768.829775,-0.7304773330688477,-0.28712013363838196,-0.3709846831196115,1783858768.8354752,-0.8166746297767221,-0.3519050645503128,-0.3806112174244896,1783858768.8351524,-0.054320379797494406,-0.08839861137342803,0.0037430109493730157,1783858768.8355594,0.025291760728226576,0.12202760950595871,1783858768.816685,140.0,12.0,363.0,1783858768.816026,28099.240234375,nan,nan,61.404781341552734,nan
62.68011736869812,1783858768.8859172,BSMC,eight,optuna_t003_r01,1783858768.8467567,-0.7316623314801057,-0.2901350336236767,-0.3729243985787245,0.02372517132463623,0.1739536586362162,1783858768.8850057,-0.7293376922607422,-0.28671130537986755,-0.36011385417303543,1783858768.8750713,-0.8148817118695597,-0.35261668055797524,-0.37507588190625096,1783858768.8762324,-0.054734780349221995,-0.0885072047697214,-0.00215148332752646,1783858768.8764915,0.02537818981068905,0.11753667850738753,1783858768.853949,62.0,32.0,545.0,1783858768.8543324,28099.27734375,nan,nan,38.15824890136719,nan
62.72003507614136,1783858768.925835,BSMC,eight,optuna_t003_r01,1783858768.8962796,-0.7304148030101375,-0.2898037363681137,-0.36218620472724244,0.022485661433467308,0.17848270145342618,1783858768.8850057,-0.7293376922607422,-0.28671130537986755,-0.36011385417303543,1783858768.9148333,-0.8130787264388684,-0.35332085869619156,-0.36963012401742795,1783858768.9151254,-0.054795703479964125,-0.08868584974846289,-0.007443919290185507,1783858768.9154446,0.0256109595276446,0.1132945096114247,1783858768.917634,0.0,64.0,527.0,1783858768.9179492,28099.341796875,nan,nan,63.7404899597168,nan
62.75990438461304,1783858768.9657042,BSMC,eight,optuna_t003_r01,1783858768.9460275,-0.7292077494206551,-0.28945987226580944,-0.3527608251700165,0.02002647694776258,0.175440640515584,1783858768.9319694,-0.7276642322540283,-0.28653666377067566,-0.3525458328311633,1783858768.9550686,-0.8112591016135005,-0.3540202106573743,-0.3642528918859626,1783858768.955413,-0.054693883694090645,-0.08893278797139441,-0.011492066715946103,1783858768.9560196,0.02591185692921339,0.10956609602121503,1783858768.9545724,62.0,70.0,325.0,1783858768.9555542,28099.37890625,nan,nan,36.62997817993164,nan
62.800642013549805,1783858769.0064418,BSMC,eight,optuna_t003_r01,1783858768.9962702,-0.727865504258255,-0.28922154831429797,-0.34312292883255496,0.019835915705776076,0.17345301847906716,1783858768.980527,-0.7263386845588684,-0.28653743863105774,-0.34298366687187565,1783858768.9956195,-0.8094204629954926,-0.35471561087325537,-0.3589368462601531,1783858768.996106,-0.05272821015207406,-0.08895013599990134,-0.006176021090136597,1783858768.9962425,0.026998863046975123,0.10983792481978352,1783858768.9545724,62.0,70.0,325.0,1783858768.9555542,28099.37890625,nan,nan,36.62997817993164,nan
62.840075969696045,1783858769.0458758,BSMC,eight,optuna_t003_r01,1783858768.9962702,-0.727865504258255,-0.28922154831429797,-0.34312292883255496,0.019835915705776076,0.17345301847906716,1783858769.0310462,-0.7244364619255066,-0.28680694103240967,-0.33699110915068253,1783858769.03523,-0.807580327324125,-0.355400533885434,-0.3537308881862798,1783858769.0356505,-0.0528035647491248,-0.08913974813422221,-0.010607959353724827,1783858769.0353606,0.027224745902484783,0.10600474443498148,1783858769.0182068,156.0,64.0,267.0,1783858769.0183768,28099.44140625,nan,nan,63.48381423950195,nan
62.87997221946716,1783858769.085772,BSMC,eight,optuna_t003_r01,1783858769.0466847,-0.7261181185171939,-0.2891773074094595,-0.3346213955773701,0.023032572391204827,0.17120708329511125,1783858769.0824358,-0.723289430141449,-0.28682994842529297,-0.3341588634890252,1783858769.075255,-0.8057059184220238,-0.3560871431869418,-0.3485419580773563,1783858769.0762537,-0.05319947448558901,-0.08933621847782708,-0.013920562499986189,1783858769.0756254,0.027319007127255726,0.10263453808913572,1783858769.0546021,187.0,57.0,342.0,1783858769.0551312,28099.478515625,nan,nan,36.811336517333984,nan
62.920130491256714,1783858769.1259303,BSMC,eight,optuna_t003_r01,1783858769.0963678,-0.7242991750485822,-0.28919870870093534,-0.328338969280276,0.026844148704892,0.1659698590654027,1783858769.0824358,-0.723289430141449,-0.28682994842529297,-0.3341588634890252,1783858769.115351,-0.8038328184673875,-0.35676239249315256,-0.34346799313674753,1783858769.1156952,-0.05349755859704165,-0.08960169098404608,-0.015129023856471524,1783858769.1157837,0.02745327011200188,0.10017407706340972,1783858769.1215656,124.0,51.0,433.0,1783858769.1219015,28099.544921875,nan,nan,66.95622253417969,nan
62.96021509170532,1783858769.166015,BSMC,eight,optuna_t003_r01,1783858769.1469128,-0.7226260090768573,-0.28917697103759643,-0.3213414693194109,0.02840530409997602,0.1622971107779541,1783858769.1318653,-0.7219924330711365,-0.2867817282676697,-0.32570048283507674,1783858769.1557267,-0.8019697034551299,-0.35742352099669406,-0.3385280779331239,1783858769.1551223,-0.053727329311584075,-0.08981306978361742,-0.017186608613713017,1783858769.1558135,0.02761205671804634,0.09740559467124563,1783858769.1558921,46.0,51.0,471.0,1783858769.1553824,28099.578125,nan,nan,33.20755386352539,nan
63.00041079521179,1783858769.2062106,BSMC,eight,optuna_t003_r01,1783858769.1961584,-0.7212969360853789,-0.289019828922618,-0.31468907119362344,0.026673103270329363,0.15671026908585187,1783858769.1825604,-0.7207235097885132,-0.2865857481956482,-0.31791897487859033,1783858769.1953197,-0.8000662475348883,-0.35808839564739325,-0.33358802702266843,1783858769.1958563,-0.051711312608561946,-0.08984272437147042,-0.012246557703257555,1783858769.1969965,0.0287208885068808,0.09766304045672422,1783858769.1558921,46.0,51.0,471.0,1783858769.1553824,28099.578125,nan,nan,33.20755386352539,nan
63.04123497009277,1783858769.2470348,BSMC,eight,optuna_t003_r01,1783858769.1961584,-0.7212969360853789,-0.289019828922618,-0.31468907119362344,0.026673103270329363,0.15671026908585187,1783858769.2317812,-0.7190820574760437,-0.2863374352455139,-0.3079499811364576,1783858769.2347035,-0.7981643012718512,-0.3587423348358667,-0.32875644951237337,1783858769.2349877,-0.05151204600274489,-0.0900906697618826,-0.014067378318749935,1783858769.2350607,0.029061317756006882,0.0950197377664069,1783858769.237926,70.0,64.0,459.0,1783858769.2388763,28099.662109375,nan,nan,83.01527404785156,nan
63.08020043373108,1783858769.2860003,BSMC,eight,optuna_t003_r01,1783858769.2462025,-0.7198970269266692,-0.28884524654552585,-0.3068397269887901,0.02524100288533517,0.15367955959724208,1783858769.2819142,-0.7181785702705383,-0.28657740354537964,-0.3060493619248146,1783858769.2747276,-0.7962408119000052,-0.3593933580468533,-0.3239732083384115,1783858769.2750852,-0.05146910716002248,-0.09031246064972877,-0.017133481349621393,1783858769.2753308,0.029335908626197678,0.09185478956833776,1783858769.256831,124.0,70.0,382.0,1783858769.2585645,28099.681640625,nan,nan,19.02724266052246,nan
63.12020301818848,1783858769.3260028,BSMC,eight,optuna_t003_r01,1783858769.2970896,-0.7184494142749424,-0.2887874605145265,-0.30112940639941593,0.025997196750638146,0.14668294637864238,1783858769.2819142,-0.7181785702705383,-0.28657740354537964,-0.3060493619248146,1783858769.3149207,-0.794299785689146,-0.3600400484555857,-0.31924824477492886,1783858769.315238,-0.051303820328942776,-0.09054351523784894,-0.018118838375512925,1783858769.3153236,0.0296636108020202,0.08959726514603282,1783858769.3059647,148.0,64.0,392.0,1783858769.3063962,28099.73046875,nan,nan,48.96708679199219,nan
63.16030287742615,1783858769.3661027,BSMC,eight,optuna_t003_r01,1783858769.3461578,-0.7170522876700829,-0.28882836408247975,-0.2983713853182455,0.02764536505361114,0.13498616811237865,1783858769.3311312,-0.7173815369606018,-0.2869407832622528,-0.30731761070980385,1783858769.3550856,-0.7923376436993615,-0.3606835438373056,-0.314572765332729,1783858769.3557787,-0.05083615451275973,-0.09081154708740734,-0.016201380014483513,1783858769.3558793,0.030121333771681715,0.0886032221949564,1783858769.357038,140.0,70.0,428.0,1783858769.3573039,28099.78125,nan,nan,51.500999450683594,nan
63.200254917144775,1783858769.4060547,BSMC,eight,optuna_t003_r01,1783858769.3965921,-0.7156017412970607,-0.288943784160108,-0.29602376054504437,0.029246197499097806,0.12356619107009802,1783858769.3826225,-0.7161546349525452,-0.28727373480796814,-0.3047409952984546,1783858769.395112,-0.7903735551713557,-0.36131762460792527,-0.30999117898600953,1783858769.3958097,-0.04877244938774471,-0.09084024075396868,-0.011619793667764056,1783858769.3955078,0.031247673737652682,0.08885780532232435,1783858769.4057362,62.0,70.0,423.0,1783858769.3573039,28099.78125,nan,nan,51.500999450683594,nan
63.24007606506348,1783858769.445876,BSMC,eight,optuna_t003_r01,1783858769.3965921,-0.7156017412970607,-0.288943784160108,-0.29602376054504437,0.029246197499097806,0.12356619107009802,1783858769.4315941,-0.7124377489089966,-0.28709229826927185,-0.29104318741203783,1783858769.435233,-0.7883867315443452,-0.3619490568556061,-0.30545385845830064,1783858769.4355078,-0.04832209158098528,-0.09106261643440856,-0.009430097913256275,1783858769.435732,0.03169668209450345,0.08805223630231901,1783858769.4057362,62.0,70.0,423.0,1783858769.4062064,28099.830078125,nan,nan,48.29863739013672,nan
63.28026032447815,1783858769.4860601,BSMC,eight,optuna_t003_r01,1783858769.4467027,-0.7138303051130797,-0.2889626797070494,-0.2898458457169128,0.028747208263493376,0.12184126852472094,1783858769.4818437,-0.7108727097511292,-0.28710949420928955,-0.28413589772168435,1783858769.4752443,-0.7864098977703585,-0.3625675805380171,-0.3010335979290272,1783858769.4756064,-0.048515536491497556,-0.09127826365337632,-0.011187752212114379,1783858769.4758353,0.03187032780014329,0.08556615230142929,1783858769.4567144,78.0,64.0,330.0,1783858769.457214,28099.880859375,nan,nan,51.15913009643555,nan
63.320061683654785,1783858769.5258615,BSMC,eight,optuna_t003_r01,1783858769.4964025,-0.7121746774378057,-0.28894715868996657,-0.28357333206686447,0.027802923140540246,0.12054196309757999,1783858769.4818437,-0.7108727097511292,-0.28710949420928955,-0.28413589772168435,1783858769.5146914,-0.7844267964157982,-0.36317853916095844,-0.2966910059825216,1783858769.514985,-0.04859744600381127,-0.09148199159039869,-0.013117673915657158,1783858769.5150652,0.032089113915641364,0.08302825511750286,1783858769.5068614,171.0,76.0,367.0,1783858769.507224,28099.931640625,nan,nan,50.155303955078125,nan
63.360475301742554,1783858769.5662751,BSMC,eight,optuna_t003_r01,1783858769.5460217,-0.7103512280052882,-0.2890188359752004,-0.27785600579448877,0.029896214173124904,0.11994323705451748,1783858769.5300443,-0.7096526622772217,-0.2871786653995514,-0.28011513385821823,1783858769.5555973,-0.7823827443764795,-0.3637985241827598,-0.29230823532608685,1783858769.5560555,-0.04875714191633871,-0.09166941819005406,-0.014452229531598082,1783858769.5562038,0.03228115691827324,0.08073233201419296,1783858769.55637,187.0,96.0,412.0,1783858769.5564802,28099.98046875,nan,nan,49.178714752197266,nan
63.40010190010071,1783858769.6059017,BSMC,eight,optuna_t003_r01,1783858769.5962622,-0.7085036616320092,-0.28918476260316633,-0.27344887637290616,0.033319321994198264,0.11656753779675273,1783858769.5806081,-0.7088716626167297,-0.287464439868927,-0.27799835859771704,1783858769.5949156,-0.7803857078985045,-0.3643949110352429,-0.2881150786607216,1783858769.5953693,-0.04667311466275434,-0.09169515490497777,-0.010259072866232843,1783858769.5954654,0.03340904182081904,0.08098082290342251,1783858769.55637,187.0,96.0,412.0,1783858769.5564802,28099.98046875,nan,nan,49.178714752197266,nan
63.44036531448364,1783858769.6461651,BSMC,eight,optuna_t003_r01,1783858769.5962622,-0.7085036616320092,-0.28918476260316633,-0.27344887637290616,0.033319321994198264,0.11656753779675273,1783858769.6308253,-0.7064772248268127,-0.28795450925827026,-0.2753214277088439,1783858769.634952,-0.7783431301255184,-0.3649955725340184,-0.28391446627380335,1783858769.6353333,-0.04677160491983098,-0.09185448946595307,-0.01046558990089719,1783858769.6354253,0.03362299099150529,0.07925435095532851,1783858769.6069798,109.0,96.0,430.0,1783858769.6074367,28100.03125,nan,nan,50.807151794433594,nan
63.48086881637573,1783858769.6866686,BSMC,eight,optuna_t003_r01,1783858769.6464527,-0.7066216988160251,-0.28938495466095937,-0.27007059348342705,0.03447678569980392,0.10946463574128461,1783858769.6805665,-0.7049111723899841,-0.28806430101394653,-0.26933211573010235,1783858769.676007,-0.7763046290765381,-0.36558584828198637,-0.27980858947094045,1783858769.67613,-0.04682670971476233,-0.09203013753996009,-0.009737995987513405,1783858769.6762505,0.0338529034279963,0.07797215446465788,1783858769.6569753,78.0,83.0,430.0,1783858769.65735,28100.080078125,nan,nan,49.98048782348633,nan
63.52044415473938,1783858769.726244,BSMC,eight,optuna_t003_r01,1783858769.6962194,-0.7049656684931036,-0.2895132469238011,-0.2660626480256871,0.03338969857964115,0.10397581740644057,1783858769.6805665,-0.7049111723899841,-0.28806430101394653,-0.26933211573010235,1783858769.7156384,-0.774206160908317,-0.3661841226724474,-0.27566944977583147,1783858769.7162628,-0.04664473973129746,-0.09217883289218351,-0.00960680175014439,1783858769.7163966,0.03418697290562486,0.07641569889851421,1783858769.7072935,140.0,76.0,384.0,1783858769.7077367,28100.130859375,nan,nan,50.39542007446289,nan
63.56026077270508,1783858769.7660606,BSMC,eight,optuna_t003_r01,1783858769.7468061,-0.7032601752236115,-0.2896639777691846,-0.2624094816770101,0.033457966226063056,0.09948659536980718,1783858769.728978,-0.7034910321235657,-0.28819429874420166,-0.26654291996258234,1783858769.7553575,-0.7721420530979022,-0.3667635437124535,-0.2716822375405312,1783858769.7556703,-0.046523628190157394,-0.092328804758608,-0.009272755863521111,1783858769.755891,0.03448915174685242,0.07500493627277208,1783858769.7568219,156.0,76.0,378.0,1783858769.7571416,28100.181640625,nan,nan,49.62433624267578,nan
63.600013732910156,1783858769.8058136,BSMC,eight,optuna_t003_r01,1783858769.7959964,-0.7016241592657341,-0.2898050282023678,-0.25924795057612876,0.0342131179935685,0.09565459373840274,1783858769.7801945,-0.7022473812103271,-0.2883029282093048,-0.2636469292630404,1783858769.7964041,-0.7700259111754566,-0.36734846018138023,-0.26767868354811775,1783858769.7972233,-0.04432819439444778,-0.0923447534328306,-0.005269201871107632,1783858769.797292,0.0356660340941022,0.07526256822586058,1783858769.7568219,156.0,76.0,378.0,1783858769.7571416,28100.181640625,nan,nan,49.62433624267578,nan
63.640257358551025,1783858769.8460572,BSMC,eight,optuna_t003_r01,1783858769.7959964,-0.7016241592657341,-0.2898050282023678,-0.25924795057612876,0.0342131179935685,0.09565459373840274,1783858769.8287408,-0.6998750567436218,-0.28865769505500793,-0.25845900289438944,1783858769.8358555,-0.7679709238888036,-0.3679078433771077,-0.2638701086468668,1783858769.8360264,-0.04410771144628211,-0.09250109569697046,-0.004622158070738014,1783858769.8361058,0.036004256168591216,0.0740600749381276,1783858769.8066776,156.0,76.0,394.0,1783858769.8069181,28100.23046875,nan,nan,49.78960037231445,nan
63.67991328239441,1783858769.885713,BSMC,eight,optuna_t003_r01,1783858769.8462465,-0.6997461045294885,-0.29000756025712915,-0.2552437361705862,0.03522871593697323,0.09463558048651263,1783858769.8812554,-0.6980238556861877,-0.2886808216571808,-0.2508891736497678,1783858769.8758357,-0.765818430211225,-0.3684848567521243,-0.25996223987782086,1783858769.8762307,-0.04411765394759362,-0.09261679597306963,-0.004718503707234645,1783858769.8764837,0.03625501150610009,0.0724911479855825,1783858769.856771,78.0,76.0,481.0,1783858769.857226,28100.28125,nan,nan,50.07079315185547,nan
63.72004222869873,1783858769.925842,BSMC,eight,optuna_t003_r01,1783858769.8961549,-0.6981029770594143,-0.29010160413900776,-0.2503197173226504,0.033772089293828876,0.09442868505602049,1783858769.8812554,-0.6980238556861877,-0.2886808216571808,-0.2508891736497678,1783858769.9157014,-0.7637183757738767,-0.3690392212454864,-0.25622764231900563,1783858769.916006,-0.044016450334944696,-0.09273122474559609,-0.005907924996355229,1783858769.916092,0.03654349429349263,0.07049029717925423,1783858769.907287,62.0,76.0,438.0,1783858769.907808,28100.330078125,nan,nan,50.21675109863281,nan
63.76032638549805,1783858769.9661262,BSMC,eight,optuna_t003_r01,1783858769.946513,-0.6965223312542906,-0.2901936541965174,-0.24492162724522695,0.03149991803554398,0.0942233706000281,1783858769.9302814,-0.6961840391159058,-0.2889276444911957,-0.24470374778277734,1783858769.954734,-0.761610160493618,-0.36958739507549265,-0.2525539515419004,1783858769.955088,-0.04389395221147879,-0.09280685623973112,-0.0076323242966734595,1783858769.955171,0.03683926914148063,0.06827200603309865,1783858769.9569187,156.0,89.0,364.0,1783858769.957183,28100.380859375,nan,nan,50.13853073120117,nan
63.800068616867065,1783858770.0058684,BSMC,eight,optuna_t003_r01,1783858769.9966025,-0.6946102913477007,-0.2903818615226269,-0.2397525951319923,0.03260627729745657,0.09508632278098401,1783858769.9810774,-0.694021463394165,-0.2892661392688751,-0.2403276317452205,1783858769.9953763,-0.7594588650601909,-0.37013834162650583,-0.24888096986835917,1783858769.9959025,-0.04167326564476014,-0.09281971378043047,-0.003959342623132217,1783858769.9960039,0.03801880794297747,0.0685194747741353,1783858769.9569187,156.0,89.0,364.0,1783858769.957183,28100.380859375,nan,nan,50.13853073120117,nan
63.84030771255493,1783858770.0461075,BSMC,eight,optuna_t003_r01,1783858769.9966025,-0.6946102913477007,-0.2903818615226269,-0.2397525951319923,0.03260627729745657,0.09508632278098401,1783858770.0301187,-0.692131757736206,-0.28952962160110474,-0.2397792813558026,1783858770.0351164,-0.7572947865847781,-0.370684161433459,-0.24526129537453112,1783858770.035488,-0.0418227459271847,-0.09289059821750834,-0.005508700242538828,1783858770.03564,0.038202580708248245,0.0663943806058207,1783858770.0179496,187.0,102.0,406.0,1783858770.0183308,28100.44140625,nan,nan,60.84076690673828,nan
63.88001823425293,1783858770.085818,BSMC,eight,optuna_t003_r01,1783858770.0462465,-0.6924780014203187,-0.29063725206826124,-0.2362042989883335,0.03582672327415485,0.09290610483533263,1783858770.0802171,-0.6894932389259338,-0.2898639738559723,-0.23232655758087664,1783858770.0750065,-0.755139886777461,-0.37121947887619544,-0.24172982562488488,1783858770.0754554,-0.042064596411204754,-0.09300847747705292,-0.00552552663655137,1783858770.0755847,0.038344630360024466,0.06498796604833432,1783858770.0668156,109.0,102.0,430.0,1783858770.0671422,28100.490234375,nan,nan,48.91841506958008,nan
63.92005896568298,1783858770.1258588,BSMC,eight,optuna_t003_r01,1783858770.0958679,-0.6903213032872634,-0.29087893029456113,-0.23143789211545412,0.03671512245478343,0.09259317254082969,1783858770.0802171,-0.6894932389259338,-0.2898639738559723,-0.23232655758087664,1783858770.1149209,-0.752953622560401,-0.37175442195992675,-0.2382192531996935,1783858770.1152782,-0.04241138706854253,-0.09308558866209707,-0.006781361084239379,1783858770.115353,0.03844341291245995,0.06302564795480381,1783858770.110185,78.0,76.0,408.0,1783858770.1098795,28100.533203125,nan,nan,42.22524642944336,nan
63.96008229255676,1783858770.165882,BSMC,eight,optuna_t003_r01,1783858770.1465402,-0.6884717108948835,-0.2910579047520629,-0.22715700834700708,0.03504972724566464,0.09015730865983011,1783858770.131049,-0.6880146265029907,-0.2900450527667999,-0.228659345551446,1783858770.1553476,-0.7507459886709061,-0.372286430816199,-0.23474628417987975,1783858770.1556952,-0.04238113585730696,-0.09316650923224376,-0.007589275832872666,1783858770.155778,0.03870025333317174,0.0612767089198238,1783858770.157834,156.0,64.0,420.0,1783858770.1581042,28100.58203125,nan,nan,48.830745697021484,nan
64.00027108192444,1783858770.206071,BSMC,eight,optuna_t003_r01,1783858770.1959872,-0.6865761570229976,-0.29121488335633267,-0.2231134871146812,0.034890492442632766,0.08968563057735193,1783858770.1802495,-0.6861327290534973,-0.2900785505771637,-0.22528796420506442,1783858770.1951,-0.7485763942524368,-0.3728014546937011,-0.23140170487366174,1783858770.1956203,-0.04015128927834205,-0.09317969139173912,-0.004244696526654656,1783858770.195754,0.03987373254724843,0.06150698803946145,1783858770.157834,156.0,64.0,420.0,1783858770.1581042,28100.58203125,nan,nan,48.830745697021484,nan
64.04016017913818,1783858770.24596,BSMC,eight,optuna_t003_r01,1783858770.1959872,-0.6865761570229976,-0.29121488335633267,-0.2231134871146812,0.034890492442632766,0.08968563057735193,1783858770.229551,-0.6833302974700928,-0.290168434381485,-0.21995066247131875,1783858770.2357724,-0.7463336301592673,-0.37332587855502036,-0.2280138741097586,1783858770.235396,-0.04010782654957587,-0.09329808882083306,-0.004900386995077388,1783858770.2358525,0.04013523111012066,0.05984746787389576,1783858770.2076821,171.0,96.0,434.0,1783858770.207978,28100.630859375,nan,nan,49.82143020629883,nan
64.08020782470703,1783858770.2860076,BSMC,eight,optuna_t003_r01,1783858770.24623,-0.6842935645330582,-0.29140304183736826,-0.2184604180524438,0.03671109847550231,0.09101859844333081,1783858770.283738,-0.6821233034133911,-0.29035717248916626,-0.21843794918856535,1783858770.2761261,-0.7440651958174265,-0.3738482433560342,-0.22465729267036794,1783858770.2764575,-0.040482903390637016,-0.09343978645583614,-0.006196874617924147,1783858770.2765384,0.04022133809221771,0.05789149946831758,1783858770.2589922,124.0,108.0,442.0,1783858770.2592866,28100.68359375,nan,nan,51.297176361083984,nan
64.1199963092804,1783858770.3257961,BSMC,eight,optuna_t003_r01,1783858770.2959344,-0.6822938538979513,-0.2915634557122742,-0.21539219435627135,0.03745712927101796,0.08686081403199962,1783858770.283738,-0.6821233034133911,-0.29035717248916626,-0.21843794918856535,1783858770.3157096,-0.7418541559768469,-0.3743497589315769,-0.22145163977005441,1783858770.3160033,-0.04049005674526103,-0.09360318845644719,-0.00605944541378306,1783858770.3160818,0.040453477665365556,0.05665144224005869,1783858770.3079154,93.0,96.0,428.0,1783858770.30834,28100.732421875,nan,nan,48.88734436035156,nan
64.16016387939453,1783858770.3659637,BSMC,eight,optuna_t003_r01,1783858770.345979,-0.6804944866383522,-0.2916947185377574,-0.21303972642879623,0.0365345423268739,0.08048636187316524,1783858770.3328168,-0.6805952191352844,-0.29050180315971375,-0.21678885471064324,1783858770.3553116,-0.7396258094753125,-0.3748477405611493,-0.21828511945151793,1783858770.355615,-0.04021332576214266,-0.09377540638791873,-0.0052453930227217005,1783858770.3557575,0.04080421226676531,0.055737640652957485,1783858770.3591068,140.0,96.0,424.0,1783858770.3592656,28100.783203125,nan,nan,50.83573532104492,nan
64.20015501976013,1783858770.4059548,BSMC,eight,optuna_t003_r01,1783858770.3968172,-0.6785841122427086,-0.29184927493638574,-0.20888477948268017,0.0367143269987872,0.08023442482918094,1783858770.383447,-0.6786845922470093,-0.29070621728897095,-0.20957818943288933,1783858770.395048,-0.7373883974320272,-0.3753403739624906,-0.21516894090145922,1783858770.39585,-0.03792233707771663,-0.09378384246444524,-0.0021292144726629825,1783858770.3954349,0.041997974963036686,0.0559576096735851,1783858770.3591068,140.0,96.0,424.0,1783858770.3592656,28100.783203125,nan,nan,50.83573532104492,nan
64.24095463752747,1783858770.4467545,BSMC,eight,optuna_t003_r01,1783858770.3968172,-0.6785841122427086,-0.29184927493638574,-0.20888477948268017,0.0367143269987872,0.08023442482918094,1783858770.428983,-0.6747050285339355,-0.2912926971912384,-0.20377025501567897,1783858770.4349895,-0.7351173708403351,-0.375833013025335,-0.21206909482607028,1783858770.4353304,-0.03788875500631998,-0.09388141368306294,-0.003184315343390115,1783858770.436514,0.042245913232078575,0.0542076627213785,1783858770.4083269,171.0,108.0,419.0,1783858770.4086514,28100.83203125,nan,nan,49.71523666381836,nan
64.28013896942139,1783858770.4859388,BSMC,eight,optuna_t003_r01,1783858770.446958,-0.6760597838845361,-0.2921286501593187,-0.20388282281673753,0.03887034545486218,0.08310387956891366,1783858770.4821637,-0.6730642318725586,-0.29142287373542786,-0.19946870517099757,1783858770.4749398,-0.7328511057651711,-0.376317349775857,-0.2090375752115542,1783858770.4754536,-0.03856908882878435,-0.09394368936225012,-0.005154752394816664,1783858770.4756057,0.042191376463201084,0.05205483022461752,1783858770.4589274,140.0,115.0,434.0,1783858770.4592671,28100.8828125,nan,nan,50.42947769165039,nan
64.32035160064697,1783858770.5261514,BSMC,eight,optuna_t003_r01,1783858770.4963257,-0.6737438839495784,-0.2923591190985247,-0.1992768031339732,0.040127277266608904,0.08406089778707325,1783858770.4821637,-0.6730642318725586,-0.29142287373542786,-0.19946870517099757,1783858770.5146766,-0.7305657978474958,-0.3767985590230036,-0.2060415620740744,1783858770.5149877,-0.03898173457714944,-0.0940168776504447,-0.006764758940101201,1783858770.5150754,0.04224837418807638,0.05007497673121866,1783858770.5089774,117.0,115.0,440.0,1783858770.5093431,28100.93359375,nan,nan,50.0416145324707,nan
64.35991883277893,1783858770.5657187,BSMC,eight,optuna_t003_r01,1783858770.546024,-0.6716868453629748,-0.29253399431225113,-0.19606900035959823,0.04010203637699599,0.08042542713057954,1783858770.530927,-0.6717991232872009,-0.29144227504730225,-0.19839606201008272,1783858770.5552611,-0.7282375186996506,-0.37728154230363264,-0.20305061852962228,1783858770.5556712,-0.03895705339173171,-0.09414071136557597,-0.006981618170024045,1783858770.5558062,0.042490877959605176,0.04873730151098514,1783858770.5587676,140.0,115.0,408.0,1783858770.5590816,28100.982421875,nan,nan,49.95381546020508,nan
64.40078330039978,1783858770.606583,BSMC,eight,optuna_t003_r01,1783858770.5960965,-0.6696756584166369,-0.2926943343949771,-0.19248837849415124,0.04038152580122805,0.07845087433994494,1783858770.5795002,-0.670225203037262,-0.2915278375148773,-0.19413059150808426,1783858770.5950778,-0.725939399373288,-0.3777512221714989,-0.20015769361834568,1783858770.5955126,-0.03661146533410997,-0.09415368365999371,-0.0040886932587474445,1783858770.5955987,0.04370149695567997,0.048936163895868884,1783858770.5587676,140.0,115.0,408.0,1783858770.5590816,28100.982421875,nan,nan,49.95381546020508,nan
64.44021415710449,1783858770.646014,BSMC,eight,optuna_t003_r01,1783858770.5960965,-0.6696756584166369,-0.2926943343949771,-0.19248837849415124,0.04038152580122805,0.07845087433994494,1783858770.6301527,-0.666366457939148,-0.29182469844818115,-0.18694042264618815,1783858770.635436,-0.7236365565206349,-0.37821499341137355,-0.1973164462935595,1783858770.6355193,-0.03660404231438612,-0.09426402139223337,-0.004828067799408253,1783858770.6356058,0.04392908122501149,0.04740718796875693,1783858770.6089995,195.0,121.0,421.0,1783858770.609308,28101.033203125,nan,nan,50.19081115722656,nan
64.48013305664062,1783858770.6859329,BSMC,eight,optuna_t003_r01,1783858770.6461647,-0.6670823586649561,-0.2929154866219874,-0.18741539979271454,0.04286421743822994,0.08188060767332142,1783858770.6801717,-0.6645141243934631,-0.2920897305011749,-0.18321664821292016,1783858770.6762893,-0.7212684147944899,-0.3786848905671032,-0.19445332914306024,1783858770.6758196,-0.03725663773422497,-0.0943634583761858,-0.007037929350345695,1783858770.67638,0.04388325098083131,0.04516341084554042,1783858770.6598861,140.0,128.0,440.0,1783858770.660297,28101.083984375,nan,nan,50.82177734375,nan
64.52087140083313,1783858770.7266712,BSMC,eight,optuna_t003_r01,1783858770.6960244,-0.664675029677937,-0.2931264633203517,-0.18288876827283193,0.04384853014406893,0.08243497856695806,1783858770.6801717,-0.6645141243934631,-0.2920897305011749,-0.18321664821292016,1783858770.7149606,-0.7189678480999837,-0.3791347018101861,-0.19172753392466224,1783858770.7150297,-0.03774494787660038,-0.09444811342809493,-0.008838765651830312,1783858770.715105,0.04389715570617137,0.04316489222656327,1783858770.7122102,124.0,128.0,480.0,1783858770.712314,28101.13671875,nan,nan,52.15047073364258,nan
64.56063079833984,1783858770.7664306,BSMC,eight,optuna_t003_r01,1783858770.7460861,-0.6624622192100648,-0.2933064283097877,-0.17943758774307142,0.04368133427042918,0.07932338911011258,1783858770.7292557,-0.6628264784812927,-0.29222458600997925,-0.18132155460002589,1783858770.755083,-0.7166074676068578,-0.37958951264342294,-0.18898647862178142,1783858770.7555652,-0.03787642581518479,-0.09456138182970061,-0.00954889087871,1783858770.7556713,0.04406419646607862,0.04166784975585104,1783858770.7601626,187.0,128.0,414.0,1783858770.763151,28101.18359375,nan,nan,48.143123626708984,nan
64.59997606277466,1783858770.805776,BSMC,eight,optuna_t003_r01,1783858770.795878,-0.6601821939229698,-0.29350531405717917,-0.176343619878995,0.045042822916511585,0.07706106231103371,1783858770.7797747,-0.66090989112854,-0.29241853952407837,-0.1788644380611683,1783858770.7950776,-0.7142422663862608,-0.3800385929750645,-0.18629498481424578,1783858770.7953827,-0.03546904957197767,-0.09458111965690806,-0.006857397071174358,1783858770.7954626,0.04529477462699574,0.04184184210850327,1783858770.7601626,187.0,128.0,414.0,1783858770.763151,28101.18359375,nan,nan,48.143123626708984,nan
64.6406466960907,1783858770.8464465,BSMC,eight,optuna_t003_r01,1783858770.795878,-0.6601821939229698,-0.29350531405717917,-0.176343619878995,0.045042822916511585,0.07706106231103371,1783858770.836267,-0.6567563414573669,-0.29284700751304626,-0.17457878977565197,1783858770.8351426,-0.7118886925432332,-0.3804789876075036,-0.18367024175399294,1783858770.835608,-0.03564673417577619,-0.09469578783138798,-0.007326621874997941,1783858770.8358352,0.045436861570103085,0.040499590561035526,1783858770.8099153,171.0,128.0,475.0,1783858770.810254,28101.234375,nan,nan,49.84977722167969,nan
64.68001103401184,1783858770.8858109,BSMC,eight,optuna_t003_r01,1783858770.8463297,-0.6574960132303445,-0.29374567029820536,-0.1730168414774903,0.04647748065840897,0.07569467821874644,1783858770.8820534,-0.654836893081665,-0.2931802570819855,-0.17130716999242987,1783858770.8752718,-0.7094851434177191,-0.38092220449505576,-0.18104357653967484,1783858770.8758423,-0.03620505662297148,-0.09482516357561342,-0.008026735062184544,1783858770.8759463,0.04542128701204774,0.0390354117817282,1783858770.8633432,109.0,121.0,456.0,1783858770.8637958,28101.287109375,nan,nan,53.05889129638672,nan
64.7203209400177,1783858770.9261208,BSMC,eight,optuna_t003_r01,1783858770.8966677,-0.655100364262004,-0.2939731397995529,-0.1697891074457352,0.04541391774744707,0.07297340116403939,1783858770.8820534,-0.654836893081665,-0.2931802570819855,-0.17130716999242987,1783858770.9145741,-0.7071226949567324,-0.3813515476688507,-0.17851359298791558,1783858770.9148543,-0.03650954949897811,-0.09491239038221885,-0.008724485542180388,1783858770.914938,0.0455057423691893,0.0376156365804223,1783858770.9099052,109.0,108.0,447.0,1783858770.9103565,28101.333984375,nan,nan,46.760921478271484,nan
64.7601089477539,1783858770.9659088,BSMC,eight,optuna_t003_r01,1783858770.946004,-0.6529174120088195,-0.29417201164739704,-0.16744403637891186,0.043507339590741774,0.06840458754824853,1783858770.93018,-0.6527535915374756,-0.2934125065803528,-0.1700521577293216,1783858770.9553702,-0.7046860941305921,-0.38178796755584943,-0.175956718798584,1783858770.9557104,-0.03644233377646462,-0.0950184639283427,-0.008512682419672124,1783858770.955809,0.045750445619104574,0.03661499554295079,1783858770.9099052,109.0,108.0,447.0,1783858770.9103565,28101.333984375,nan,nan,46.760921478271484,nan
64.79998779296875,1783858771.0057876,BSMC,eight,optuna_t003_r01,1783858770.995926,-0.6506339436583175,-0.29437496119876044,-0.16407498661577163,0.04365394365459497,0.0682949710809771,1783858770.9795625,-0.650775134563446,-0.2935459315776825,-0.16520950348432417,1783858770.9950013,-0.702310062923626,-0.3822074116460486,-0.17351359768458485,1783858770.995337,-0.034029628134568564,-0.0950360459317279,-0.006069561305672988,1783858770.995418,0.04697108783699644,0.03676378277583328,1783858770.9661934,171.0,115.0,435.0,1783858770.9667299,28101.390625,nan,nan,56.223541259765625,nan
64.8399920463562,1783858771.0457919,BSMC,eight,optuna_t003_r01,1783858770.995926,-0.6506339436583175,-0.29437496119876044,-0.16407498661577163,0.04365394365459497,0.0682949710809771,1783858771.029453,-0.6460536122322083,-0.2939775884151459,-0.15872407655632426,1783858771.0348253,-0.6999029947298355,-0.38262629495629186,-0.17108796036075202,1783858771.0351553,-0.034192405110017574,-0.09511370425056265,-0.007012973744980389,1783858771.0352497,0.04711109060506844,0.035254295651578074,1783858771.0124645,171.0,121.0,503.0,1783858771.0129697,28101.435546875,nan,nan,45.81863784790039,nan
64.88030767440796,1783858771.0861075,BSMC,eight,optuna_t003_r01,1783858771.0460682,-0.6477639354206224,-0.2946301654720564,-0.15952121057452578,0.04499204203470924,0.0715513399576473,1783858771.0801957,-0.6437609195709229,-0.2941427528858185,-0.15727761778963806,1783858771.0755727,-0.697444866890142,-0.3830479214279364,-0.1686610339283583,1783858771.075968,-0.03500539111772626,-0.09518674861895257,-0.00913982335383251,1783858771.0756912,0.04697967793764734,0.03315886305140674,1783858771.0677779,93.0,121.0,487.0,1783858771.0679622,28101.490234375,nan,nan,55.2524299621582,nan
64.92032313346863,1783858771.126123,BSMC,eight,optuna_t003_r01,1783858771.0959294,-0.6451805855442219,-0.29483552268180674,-0.15629425957925458,0.04385876381046353,0.06915328780210955,1783858771.0801957,-0.6437609195709229,-0.2941427528858185,-0.15727761778963806,1783858771.114892,-0.695018570247794,-0.3834581292753123,-0.16631414090879537,1783858771.1151633,-0.03543562340783278,-0.09530009292985502,-0.010019881329540792,1783858771.1152384,0.04700383729621702,0.03168914507747555,1783858771.1103122,93.0,115.0,446.0,1783858771.1106489,28101.53515625,nan,nan,43.130859375,nan
64.9600625038147,1783858771.1658623,BSMC,eight,optuna_t003_r01,1783858771.1463735,-0.6427716217441309,-0.2950321992956025,-0.1535490503896503,0.042103973392924834,0.06526443895347483,1783858771.1293259,-0.6416453123092651,-0.2944013476371765,-0.1550445717834976,1783858771.1554356,-0.6925547367152289,-0.38386875322432973,-0.1639792631650273,1783858771.1557643,-0.035610161612758054,-0.09540549376252123,-0.010430212775377007,1783858771.1558452,0.047135911741873746,0.030449346215987737,1783858771.1103122,93.0,115.0,446.0,1783858771.1106489,28101.53515625,nan,nan,43.130859375,nan
65.0000057220459,1783858771.2058055,BSMC,eight,optuna_t003_r01,1783858771.1962068,-0.6403091032301516,-0.29525950433815124,-0.15154480054279018,0.042652674744915894,0.06188901307910982,1783858771.1798744,-0.6395996809005737,-0.2946704626083374,-0.1544426828300507,1783858771.1953087,-0.690104005477582,-0.3842713901227467,-0.16170405590981984,1783858771.195911,-0.03312668262482486,-0.0954285629549573,-0.00815500552016954,1783858771.196015,0.04837970912209751,0.030569566194828583,1783858771.1723526,171.0,115.0,416.0,1783858771.1727862,28101.595703125,nan,nan,62.09109878540039,nan
65.04099750518799,1783858771.2467973,BSMC,eight,optuna_t003_r01,1783858771.1962068,-0.6403091032301516,-0.29525950433815124,-0.15154480054279018,0.042652674744915894,0.06188901307910982,1783858771.236037,-0.6373887062072754,-0.29497256875038147,-0.1511619073311891,1783858771.2350993,-0.6876652000675328,-0.38466644268288763,-0.15948569640377985,1783858771.2358203,-0.03331599590101711,-0.09553138201122362,-0.007940895860989672,1783858771.2359357,0.048498618037945,0.029678427781193454,1783858771.2106931,187.0,140.0,496.0,1783858771.211014,28101.634765625,nan,nan,38.358795166015625,nan
65.07996392250061,1783858771.2857637,BSMC,eight,optuna_t003_r01,1783858771.2469072,-0.6377285056489941,-0.2955176680017147,-0.1492174693991076,0.04481858725336328,0.06011615535698015,1783858771.2812634,-0.6333643794059753,-0.29546448588371277,-0.1483049736740349,1783858771.2762213,-0.685118099474864,-0.3850731739737445,-0.15721653289952786,1783858771.2765472,-0.03354927668503205,-0.09560548251433264,-0.007999063500420261,1783858771.2767231,0.04860499129757341,0.028631043970701493,1783858771.2729688,124.0,153.0,506.0,1783858771.2733467,28101.697265625,nan,nan,62.2017936706543,nan
65.12030458450317,1783858771.3261044,BSMC,eight,optuna_t003_r01,1783858771.296081,-0.6348862212179627,-0.29581549461077034,-0.1469039795470737,0.046065142786027725,0.05705329793504408,1783858771.2812634,-0.6333643794059753,-0.29546448588371277,-0.1483049736740349,1783858771.3149948,-0.6827129614737882,-0.38545185237080465,-0.1551176363064446,1783858771.3154838,-0.03419097217140887,-0.0956715795728126,-0.008213656759370885,1783858771.3155756,0.04852616344514577,0.027576963042336526,1783858771.3114736,140.0,160.0,433.0,1783858771.3117805,28101.734375,nan,nan,38.12520980834961,nan
65.16032195091248,1783858771.3661218,BSMC,eight,optuna_t003_r01,1783858771.346327,-0.6321494264472135,-0.2961287503742454,-0.14560295503902299,0.04709344620828559,0.051356745084010176,1783858771.3288438,-0.6315639019012451,-0.29578450322151184,-0.14845910925590583,1783858771.3551295,-0.6802067993737003,-0.3858409909255432,-0.15297488500592551,1783858771.3554523,-0.03453259676341,-0.09573555743873366,-0.0073719299669025296,1783858771.355528,0.04857893675219024,0.02702159286753361,1783858771.3114736,140.0,160.0,433.0,1783858771.3117805,28101.734375,nan,nan,38.12520980834961,nan
65.20029330253601,1783858771.4060931,BSMC,eight,optuna_t003_r01,1783858771.3960962,-0.6293970280762695,-0.29643601536037834,-0.14429855492243943,0.050236043155567144,0.04833754861767345,1783858771.3812487,-0.6296352744102478,-0.29595518112182617,-0.14701566716017897,1783858771.395165,-0.677721020734668,-0.38622158962196856,-0.15089331000150052,1783858771.395792,-0.0320179004375393,-0.09575146965550065,-0.005290354962477539,1783858771.3959649,0.04982486867805061,0.027116849392628522,1783858771.3760233,218.0,160.0,447.0,1783858771.3763962,28101.80078125,nan,nan,64.97588348388672,nan
65.24058079719543,1783858771.4463806,BSMC,eight,optuna_t003_r01,1783858771.3960962,-0.6293970280762695,-0.29643601536037834,-0.14429855492243943,0.050236043155567144,0.04833754861767345,1783858771.4311614,-0.6255477666854858,-0.2964606285095215,-0.14147346296132415,1783858771.4348307,-0.6752201650113802,-0.38659920971162776,-0.1488421727291476,1783858771.4351814,-0.032381582815652225,-0.09581541936738645,-0.004543617806708172,1783858771.4352672,0.049862450337569725,0.026546858948232124,1783858771.4278407,156.0,160.0,466.0,1783858771.428197,28101.8515625,nan,nan,51.75531768798828,nan
65.2801444530487,1783858771.4859443,BSMC,eight,optuna_t003_r01,1783858771.4464104,-0.6263739126151043,-0.2967735804373099,-0.14156641610748694,0.05172883221019855,0.048406074115518505,1783858771.482928,-0.6237767934799194,-0.296629935503006,-0.14248955640967548,1783858771.4752715,-0.6726974826085753,-0.38697486705478246,-0.14681600474811385,1783858771.4756014,-0.033133294892978796,-0.0958349102045927,-0.005249588640626912,1783858771.4756894,0.049735923086907816,0.025267360242488702,1783858771.478089,140.0,153.0,464.0,1783858771.4783874,28101.90234375,nan,nan,50.27143478393555,nan
65.32061886787415,1783858771.5264187,BSMC,eight,optuna_t003_r01,1783858771.4963617,-0.6237091760523402,-0.2970611604877017,-0.14038474408799803,0.051493625521014566,0.043985498107642934,1783858771.482928,-0.6237767934799194,-0.296629935503006,-0.14248955640967548,1783858771.5150466,-0.6701770889430666,-0.3873450219626954,-0.14483380753799546,1783858771.515277,-0.03337788584006881,-0.09589765016987287,-0.004449063449997431,1783858771.5153856,0.04981951385085391,0.024743790365336794,1783858771.5146437,203.0,140.0,440.0,1783858771.5121388,28101.935546875,nan,nan,33.87115478515625,nan
65.36012101173401,1783858771.5659208,BSMC,eight,optuna_t003_r01,1783858771.5466754,-0.6211340725392551,-0.297348270074509,-0.13824435743395594,0.05217007556445316,0.04435879021145428,1783858771.5337071,-0.6220133304595947,-0.2968926727771759,-0.13907242948753118,1783858771.5550768,-0.6676439189836857,-0.38771196605622044,-0.14288314971251204,1783858771.5553532,-0.0336135992134145,-0.09591084044924028,-0.0046387922785560975,1783858771.5556667,0.04990476110460202,0.023743982338392873,1783858771.5146437,203.0,140.0,440.0,1783858771.5121388,28101.935546875,nan,nan,33.87115478515625,nan
65.40007185935974,1783858771.6058717,BSMC,eight,optuna_t003_r01,1783858771.5959735,-0.6186678811480968,-0.29757285423810353,-0.13576394997538443,0.05308577726992629,0.04643838290843219,1783858771.5830586,-0.6199396848678589,-0.29688310623168945,-0.13621906700141592,1783858771.5955024,-0.665101893197193,-0.3880751762692099,-0.14096675723358498,1783858771.596026,-0.031045773752831872,-0.09592028301229427,-0.002722399799629044,1783858771.5977364,0.05116332550390588,0.023811892009656034,1783858771.5793505,203.0,140.0,472.0,1783858771.580067,28102.00390625,nan,nan,67.24227905273438,nan
65.44011187553406,1783858771.6459117,BSMC,eight,optuna_t003_r01,1783858771.5959735,-0.6186678811480968,-0.29757285423810353,-0.13576394997538443,0.05308577726992629,0.04643838290843219,1783858771.6369243,-0.6146344542503357,-0.2975791096687317,-0.1365584288051393,1783858771.635253,-0.6625548594730152,-0.3884341704127331,-0.13908706179558106,1783858771.6355877,-0.031185308927249203,-0.09596521323161787,-0.0033231118201966225,1783858771.6356769,0.05128439421222711,0.022617542927952084,1783858771.614278,109.0,140.0,511.0,1783858771.6146543,28102.037109375,nan,nan,34.83777618408203,nan
65.47992134094238,1783858771.6857212,BSMC,eight,optuna_t003_r01,1783858771.6462328,-0.6157865948494302,-0.2978674579914509,-0.1346142799188981,0.05169582891407375,0.04249438480925494,1783858771.68266,-0.6122350692749023,-0.2980353832244873,-0.13527660272538544,1783858771.6757252,-0.6600251830352108,-0.388785937404429,-0.1372595037052584,1783858771.6759872,-0.031636373763360016,-0.096033131983416,-0.0026452237863603123,1783858771.676106,0.05127125689585202,0.022078916197010013,1783858771.661842,93.0,128.0,443.0,1783858771.66228,28102.0859375,nan,nan,47.763309478759766,nan
65.52058291435242,1783858771.7263827,BSMC,eight,optuna_t003_r01,1783858771.6963902,-0.6131556791406492,-0.2981682676120158,-0.13357090580474307,0.048856284518997546,0.03797065211562397,1783858771.68266,-0.6122350692749023,-0.2980353832244873,-0.13527660272538544,1783858771.7147524,-0.6574667833214396,-0.38913695760246847,-0.1354503004585771,1783858771.7149963,-0.031801738331947466,-0.09605949172968951,-0.0018793946538340212,1783858771.7150724,0.051377124841453375,0.021596799079636794,1783858771.712274,171.0,121.0,417.0,1783858771.712833,28102.13671875,nan,nan,50.275482177734375,nan
65.56044149398804,1783858771.7662413,BSMC,eight,optuna_t003_r01,1783858771.7459555,-0.6104848412988737,-0.2984905235935481,-0.13222509139472124,0.04811313725478974,0.036700518020228376,1783858771.7320313,-0.6096348762512207,-0.2984374761581421,-0.13359763288095647,1783858771.7551024,-0.6548918552839694,-0.3894855362500246,-0.13366837123904693,1783858771.7560022,-0.032022589964148584,-0.09605534316951249,-0.0014432798443256845,1783858771.755675,0.05145807552662661,0.020961481290349315,1783858771.712274,171.0,121.0,417.0,1783858771.712833,28102.13671875,nan,nan,50.275482177734375,nan
65.60015439987183,1783858771.8059542,BSMC,eight,optuna_t003_r01,1783858771.7960596,-0.6077029116913332,-0.2988231137398493,-0.13162103129578373,0.0486593168490377,0.03390379318134567,1783858771.7812548,-0.6069924235343933,-0.29873040318489075,-0.13421363497661737,1783858771.7954578,-0.6522858040845048,-0.3898336235862878,-0.1319039586451186,1783858771.796237,-0.029393395126068648,-0.09605680990461926,0.0003211327496026317,1783858771.796356,0.05273273155129487,0.020999961464992233,1783858771.7681727,171.0,140.0,454.0,1783858771.767362,28102.19140625,nan,nan,55.144569396972656,nan
65.64025592803955,1783858771.8460557,BSMC,eight,optuna_t003_r01,1783858771.7960596,-0.6077029116913332,-0.2988231137398493,-0.13162103129578373,0.0486593168490377,0.03390379318134567,1783858771.830036,-0.6041551232337952,-0.2991331219673157,-0.13197860414621052,1783858771.8359315,-0.6497205356928009,-0.39017174333224375,-0.13020482203545136,1783858771.8356004,-0.02966547532781645,-0.0960729536795445,0.0014162092603323684,1783858771.8360248,0.05278600382439752,0.020721693000608676,1783858771.8129783,156.0,166.0,452.0,1783858771.8133276,28102.236328125,nan,nan,45.747249603271484,nan
65.68011379241943,1783858771.8859136,BSMC,eight,optuna_t003_r01,1783858771.8461897,-0.6048393433087491,-0.2991742761570837,-0.13062678758940258,0.04978894184635007,0.03157283484070687,1783858771.882006,-0.5993901491165161,-0.2996812164783478,-0.12818200590771212,1783858771.874825,-0.6471451539225792,-0.3905067847675634,-0.12853589217913342,1783858771.8755572,-0.03004881181851062,-0.09606496577354486,0.0020908954102691613,1783858771.8756528,0.05279059608687247,0.020243621434290537,1783858771.8625772,195.0,172.0,448.0,1783858771.8629308,28102.287109375,nan,nan,49.56309509277344,nan
65.72012114524841,1783858771.925921,BSMC,eight,optuna_t003_r01,1783858771.8964496,-0.6013933923602586,-0.29958565388694014,-0.12855760117198078,0.052557717173737105,0.03279325390086783,1783858771.882006,-0.5993901491165161,-0.2996812164783478,-0.12818200590771212,1783858771.9145672,-0.644561070877223,-0.3908386141109196,-0.1268978261231143,1783858771.9148433,-0.03111247771219644,-0.09603418635460628,0.0016597750488664964,1783858771.9149206,0.05250806348989732,0.01921501408509335,1783858771.9127512,203.0,166.0,432.0,1783858771.9128475,28102.3359375,nan,nan,50.057373046875,nan
65.76039600372314,1783858771.9661958,BSMC,eight,optuna_t003_r01,1783858771.9465826,-0.5980463088147947,-0.29995614486452415,-0.12620236177679367,0.05500826716232001,0.0350816969128749,1783858771.9308264,-0.5969738364219666,-0.2998390793800354,-0.12570510386921652,1783858771.9554372,-0.6419155604364315,-0.39117392489026725,-0.12525802667286934,1783858771.9558735,-0.03203899628322468,-0.09601404765882363,0.000944335103924332,1783858771.9560182,0.05228409355206972,0.01802831331158894,1783858771.9640775,156.0,160.0,442.0,1783858771.9643996,28102.388671875,nan,nan,51.49781799316406,nan
65.7999267578125,1783858772.0057266,BSMC,eight,optuna_t003_r01,1783858771.9964097,-0.5950038501025092,-0.30029879027718837,-0.12419586951613448,0.05529149314984954,0.03536212696633719,1783858771.9804194,-0.5946168899536133,-0.30016905069351196,-0.12416843399712564,1783858771.9951606,-0.6393190563441847,-0.39149878690969164,-0.1236845654053026,1783858771.9957416,-0.029422252458394922,-0.09600951026595704,0.0025177963714910767,1783858771.9955382,0.05353897255900062,0.01803279424078261,1783858771.9640775,156.0,160.0,442.0,1783858771.9643996,28102.388671875,nan,nan,51.49781799316406,nan
65.84011054039001,1783858772.0459104,BSMC,eight,optuna_t003_r01,1783858771.9964097,-0.5950038501025092,-0.30029879027718837,-0.12419586951613448,0.05529149314984954,0.03536212696633719,1783858772.0327065,-0.5907014608383179,-0.30067208409309387,-0.1242036228000769,1783858772.0347106,-0.6367258704941611,-0.3918191392228741,-0.12214805854297794,1783858772.0350425,-0.030063409423435106,-0.0959838146279903,0.0020478109731565386,1783858772.0354822,0.05342591042858069,0.017007449489357382,1783858772.013111,171.0,147.0,438.0,1783858772.0134463,28102.4375,nan,nan,49.02815246582031,nan
65.87989974021912,1783858772.0856996,BSMC,eight,optuna_t003_r01,1783858772.0462422,-0.5918406559445569,-0.30066431917292347,-0.12296785303698114,0.05519659642032877,0.03398061423005951,1783858772.0822985,-0.5886152982711792,-0.30093687772750854,-0.12350502429106178,1783858772.0754113,-0.6340775700288188,-0.3921421732649032,-0.1206143252677705,1783858772.076315,-0.0306974744912376,-0.09596780585433154,0.0023535277692106477,1783858772.0765095,0.05331623650110537,0.016369562729616025,1783858772.0632572,195.0,134.0,476.0,1783858772.0636322,28102.486328125,nan,nan,50.07178497314453,nan
65.91995573043823,1783858772.1257555,BSMC,eight,optuna_t003_r01,1783858772.096301,-0.5888755708302166,-0.3010089574145313,-0.12181790606185025,0.055062621653637414,0.03366996421255043,1783858772.0822985,-0.5886152982711792,-0.30093687772750854,-0.12350502429106178,1783858772.1151857,-0.6314349029280927,-0.3924604590471182,-0.11911894273013657,1783858772.1156926,-0.031131043018746533,-0.09594546398885827,0.002698963331713683,1783858772.1158133,0.05328745490811285,0.01576464255751041,1783858772.0632572,195.0,134.0,476.0,1783858772.0636322,28102.486328125,nan,nan,50.07178497314453,nan
65.96084117889404,1783858772.166641,BSMC,eight,optuna_t003_r01,1783858772.1461575,-0.5860363735092495,-0.30134828185424783,-0.12110101671116254,0.055200366511426485,0.031193820596355157,1783858772.1294966,-0.5864889621734619,-0.3012377917766571,-0.12315748428858209,1783858772.1558294,-0.6287605579806254,-0.39277852690663395,-0.11764072248268909,1783858772.156635,-0.031366030233238605,-0.09592193595049617,0.003460294228473451,1783858772.1563554,0.053340807660529614,0.015374093881135505,1783858772.0632572,195.0,134.0,476.0,1783858772.0636322,28102.486328125,nan,nan,50.07178497314453,nan
66.0000479221344,1783858772.2058477,BSMC,eight,optuna_t003_r01,1783858772.195914,-0.5832730278408723,-0.30162780389235844,-0.11865852805728146,0.055245102685644185,0.03352231546814557,1783858772.1795604,-0.5839941501617432,-0.3013134300708771,-0.11775825314756586,1783858772.1976683,-0.6261510334769598,-0.3930850662909268,-0.1162317987577618,1783858772.1977246,-0.028738585727641628,-0.09591098609378236,0.004869217953400742,1783858772.1977744,0.05458707493708608,0.015343210575834232,1783858772.1994023,109.0,140.0,495.0,1783858772.1994994,28102.623046875,nan,nan,3.4482359886169434,nan
66.0401360988617,1783858772.245936,BSMC,eight,optuna_t003_r01,1783858772.195914,-0.5832730278408723,-0.30162780389235844,-0.11865852805728146,0.055245102685644185,0.03352231546814557,1783858772.2295341,-0.5785151124000549,-0.302089661359787,-0.1168022965539902,1783858772.2361834,-0.6235018609319533,-0.39339249556548256,-0.11483473900216833,1783858772.2363317,-0.029082827896124597,-0.09588173325142793,0.00382378905511313,1783858772.23648,0.054588160492966914,0.014047304909154857,1783858772.2312474,187.0,140.0,414.0,1783858772.2315283,28102.654296875,nan,nan,32.32795715332031,nan
66.08049201965332,1783858772.2862918,BSMC,eight,optuna_t003_r01,1783858772.2462275,-0.5805554417379242,-0.3019296928364807,-0.11696410154139561,0.049816354353586,0.03180076527271021,1783858772.283562,-0.5755132436752319,-0.30240797996520996,-0.11488319251374082,1783858772.276075,-0.6208668591429422,-0.39369460398829326,-0.11347788246835744,1783858772.276208,-0.029327245063521582,-0.09584217228801625,0.0034862190730381715,1783858772.276462,0.054627351910468636,0.013130389838941011,1783858772.2639225,203.0,140.0,411.0,1783858772.264377,28102.6875,nan,nan,32.52376937866211,nan
66.1199402809143,1783858772.32574,BSMC,eight,optuna_t003_r01,1783858772.2960107,-0.577314075538167,-0.3022869743482836,-0.11488077153380445,0.0513605896354905,0.034303315891315245,1783858772.283562,-0.5755132436752319,-0.30240797996520996,-0.11488319251374082,1783858772.3151684,-0.6182104790993753,-0.3939955412735861,-0.11214254493013631,1783858772.314974,-0.03011444098409153,-0.09579194911864755,0.0027382266036681396,1783858772.3152423,0.05443755530435506,0.012004401901604378,1783858772.3143573,156.0,153.0,439.0,1783858772.3144748,28102.73828125,nan,nan,50.11676025390625,nan
66.1598117351532,1783858772.3656116,BSMC,eight,optuna_t003_r01,1783858772.346075,-0.574170945712488,-0.30260773227977167,-0.11342343507732479,0.05202200844161846,0.03375568219644611,1783858772.3307025,-0.5728277564048767,-0.3025762438774109,-0.11436922218300487,1783858772.355092,-0.6155368179104288,-0.3942948530090792,-0.11083099388712038,1783858772.3554819,-0.03072288938934553,-0.09577978679187497,0.0025924411902044087,1783858772.355574,0.054320670810019504,0.011183558903772674,1783858772.3650777,156.0,153.0,406.0,1783858772.3654156,28102.7890625,nan,nan,51.20696258544922,nan
66.20083093643188,1783858772.4066308,BSMC,eight,optuna_t003_r01,1783858772.3961024,-0.571160597931878,-0.3029482151007703,-0.11197099291968354,0.05223012023336087,0.032843234705932096,1783858772.3833566,-0.5701489448547363,-0.3030540347099304,-0.11262869263639075,1783858772.3952565,-0.6128740107841877,-0.3945894643133683,-0.10955665983665197,1783858772.3953917,-0.028043848025580874,-0.09577112749551778,0.0038667752406728174,1783858772.3957603,0.05557785140826199,0.011110029035473024,1783858772.3650777,156.0,153.0,406.0,1783858772.3654156,28102.7890625,nan,nan,51.20696258544922,nan
66.24003148078918,1783858772.4458313,BSMC,eight,optuna_t003_r01,1783858772.3961024,-0.571160597931878,-0.3029482151007703,-0.11197099291968354,0.05223012023336087,0.032843234705932096,1783858772.430346,-0.5655998587608337,-0.3035980463027954,-0.11053903274721778,1783858772.4362168,-0.610121676875677,-0.39489041681219406,-0.10827243130126896,1783858772.4362988,-0.02844373556183756,-0.09571984138775683,0.003698561618414586,1783858772.4363766,0.05554671213077412,0.010280420018074053,1783858772.415445,234.0,147.0,454.0,1783858772.4158108,28102.83984375,nan,nan,49.815696716308594,nan
66.28013730049133,1783858772.485937,BSMC,eight,optuna_t003_r01,1783858772.4461064,-0.5676069910401409,-0.3033506921236146,-0.1100064231968126,0.05467727045970471,0.035308244362245736,1783858772.481456,-0.563277006149292,-0.303849458694458,-0.10457278122169786,1783858772.474603,-0.6075138011139004,-0.39517231486029386,-0.1070860603218613,1783858772.4748926,-0.029584981134932013,-0.09564775367726042,0.0029203628749513016,1783858772.4749718,0.05519516855524911,0.009184036971165994,1783858772.4658897,156.0,160.0,517.0,1783858772.4666362,28102.888671875,nan,nan,50.34196853637695,nan
66.32003879547119,1783858772.5258386,BSMC,eight,optuna_t003_r01,1783858772.4959667,-0.564390159489075,-0.30370156151454003,-0.10662780517083612,0.05510068612354295,0.0395024766360911,1783858772.481456,-0.563277006149292,-0.303849458694458,-0.10457278122169786,1783858772.5150847,-0.6048164650365453,-0.39546063212850435,-0.10588972048523071,1783858772.5151653,-0.030431171123566345,-0.09554034249574439,0.0007380846856054057,1783858772.5154543,0.05496896067345607,0.0073448123748792084,1783858772.4658897,156.0,160.0,517.0,1783858772.4666362,28102.888671875,nan,nan,50.34196853637695,nan
66.36055016517639,1783858772.56635,BSMC,eight,optuna_t003_r01,1783858772.5463772,-0.5613480525788692,-0.3040153083261448,-0.10491878237560912,0.055435767250128436,0.0387810128647677,1783858772.5295725,-0.5612106919288635,-0.3039758801460266,-0.10597667472022358,1783858772.5553637,-0.6021136189810777,-0.3957463072664253,-0.10472184121840145,1783858772.555694,-0.03093474235510907,-0.09549580768859767,0.00019694115720766958,1783858772.5557888,0.05488354620290116,0.0063504396394588256,1783858772.4658897,156.0,160.0,517.0,1783858772.4666362,28102.888671875,nan,nan,50.34196853637695,nan
66.4003632068634,1783858772.606163,BSMC,eight,optuna_t003_r01,1783858772.5962813,-0.5585732003829597,-0.30430108180919113,-0.10368621375736871,0.055089243442687126,0.035436214128110786,1783858772.5822608,-0.5590378642082214,-0.30421823263168335,-0.10477863999832783,1783858772.5957599,-0.5993868701900401,-0.3960313174344644,-0.1035745458363365,1783858772.5962598,-0.028193139671942938,-0.09549368802657375,0.0013442365392726115,1783858772.5963583,0.056156291527127394,0.006228822718822304,1783858772.5715992,218.0,172.0,458.0,1783858772.572199,28102.994140625,nan,nan,0.7094209790229797,nan
66.44056487083435,1783858772.6463647,BSMC,eight,optuna_t003_r01,1783858772.5962813,-0.5585732003829597,-0.30430108180919113,-0.10368621375736871,0.055089243442687126,0.035436214128110786,1783858772.6296754,-0.5548242926597595,-0.3047415614128113,-0.10284263316042058,1783858772.6363695,-0.5966690890072999,-0.3963122856610981,-0.10246149753066736,1783858772.6360705,-0.02836808260346353,-0.0954599929486609,0.0012247162267013528,1783858772.636452,0.05620364590226981,0.005461469234852811,1783858772.6149259,171.0,192.0,493.0,1783858772.6152558,28103.0390625,nan,nan,44.150062561035156,nan
66.48021197319031,1783858772.6860118,BSMC,eight,optuna_t003_r01,1783858772.6459944,-0.5553703440880371,-0.3046436652613383,-0.1022326550427327,0.05656526289026387,0.0337073378712296,1783858772.6801717,-0.5520949363708496,-0.3051176071166992,-0.10158403824310777,1783858772.6749315,-0.5940030513408658,-0.3965849739365565,-0.10139880804214418,1783858772.6754034,-0.029047958206481907,-0.09540391205096886,0.000833847000588514,1783858772.675512,0.05603439288905966,0.004576587296738066,1783858772.66734,171.0,198.0,449.0,1783858772.66776,28103.091796875,nan,nan,52.450233459472656,nan
66.52018761634827,1783858772.7259874,BSMC,eight,optuna_t003_r01,1783858772.6960511,-0.5521829148869075,-0.3049961821882136,-0.10095103213170965,0.0578575710671908,0.031187872954560103,1783858772.6801717,-0.5520949363708496,-0.3051176071166992,-0.10158403824310777,1783858772.7153645,-0.5912652039418197,-0.3968620686506293,-0.10033716860861586,1783858772.7156873,-0.029625100058376312,-0.09533687565589899,0.0006138635230937967,1783858772.7157714,0.05590848978222116,0.0037709095438333354,1783858772.7181873,249.0,185.0,477.0,1783858772.7184684,28103.142578125,nan,nan,50.85935974121094,nan
66.56017875671387,1783858772.7659786,BSMC,eight,optuna_t003_r01,1783858772.7463324,-0.5489185894820069,-0.30531798318675274,-0.09742259584631228,0.06064132142096951,0.03677259841035259,1783858772.7287047,-0.5496482253074646,-0.30526015162467957,-0.09502603613322624,1783858772.7549117,-0.5885514511355374,-0.397133867704179,-0.09931416693807615,1783858772.7552507,-0.03051413053252508,-0.09523554068943627,-0.001891571091763869,1783858772.7553284,0.05564795006876785,0.0017839141520778964,1783858772.7181873,249.0,185.0,477.0,1783858772.7184684,28103.142578125,nan,nan,50.85935974121094,nan
66.60002541542053,1783858772.8058252,BSMC,eight,optuna_t003_r01,1783858772.7960165,-0.5459496468017679,-0.3055656324547499,-0.09464311843321627,0.06043379845073844,0.03832631073824082,1783858772.7800257,-0.5468851923942566,-0.3053220212459564,-0.09340547887786343,1783858772.79542,-0.5857891788837666,-0.39740768799711834,-0.09830245033499739,1783858772.7957475,-0.027738322397423562,-0.09523938032909506,-0.0008798544886851056,1783858772.7963274,0.05692259649623531,0.0016132130364928336,1783858772.7664242,156.0,179.0,490.0,1783858772.7665005,28103.189453125,nan,nan,47.948272705078125,nan
66.64013600349426,1783858772.8459358,BSMC,eight,optuna_t003_r01,1783858772.7960165,-0.5459496468017679,-0.3055656324547499,-0.09464311843321627,0.06043379845073844,0.03832631073824082,1783858772.8319821,-0.5445041060447693,-0.3052372336387634,-0.09235686527173902,1783858772.835381,-0.5830543912297994,-0.39767604423363095,-0.09732983306735998,1783858772.8357043,-0.028234080877413446,-0.09520465689320161,-0.0026867146341437165,1783858772.8362799,0.05682198162659286,-1.9365793855899774e-05,1783858772.8161547,140.0,160.0,494.0,1783858772.816501,28103.240234375,nan,nan,50.0411262512207,nan
66.6804530620575,1783858772.8862529,BSMC,eight,optuna_t003_r01,1783858772.8464355,-0.5432696753231167,-0.30573012812931627,-0.09255189915274298,0.058303023372071834,0.0373712963183109,1783858772.882145,-0.5395928621292114,-0.30576103925704956,-0.08730609539050925,1783858772.874866,-0.5803601220135544,-0.3979378368620757,-0.09639953710374871,1783858772.8753548,-0.028409884097245233,-0.09524096424870283,-0.0038476379510057335,1783858772.8757663,0.05685108120219871,-0.0013146379606894312,1783858772.866114,218.0,153.0,463.0,1783858772.866473,28103.2890625,nan,nan,49.85369110107422,nan
66.72010564804077,1783858772.9259055,BSMC,eight,optuna_t003_r01,1783858772.896245,-0.5400470751590546,-0.3059630189889452,-0.08910163482549503,0.05856224302642933,0.04203322643413911,1783858772.882145,-0.5395928621292114,-0.30576103925704956,-0.08730609539050925,1783858772.9148507,-0.57762637263743,-0.3982009183506623,-0.09548359478598645,1783858772.9156873,-0.029222545923707613,-0.095215946602275,-0.006381959960491415,1783858772.9152305,0.056611399268380026,-0.003326313381884747,1783858772.9187405,140.0,179.0,512.0,1783858772.9190302,28103.34375,nan,nan,52.883705139160156,nan
66.75991797447205,1783858772.9657178,BSMC,eight,optuna_t003_r01,1783858772.9461772,-0.5370324004097897,-0.3062182166223667,-0.08776372603938928,0.05763452157321142,0.038762937284305944,1783858772.9297118,-0.5370803475379944,-0.3061443269252777,-0.0891583722317719,1783858772.9548225,-0.5748803916930115,-0.39846267191807194,-0.09459161105225111,1783858772.9551945,-0.02961699501390579,-0.09520684630488753,-0.0068278850128618285,1783858772.9558563,0.056545318460776456,-0.004238795260279324,1783858772.9187405,140.0,179.0,512.0,1783858772.9190302,28103.34375,nan,nan,52.883705139160156,nan
66.80081248283386,1783858773.0066123,BSMC,eight,optuna_t003_r01,1783858772.9964132,-0.5341428033061486,-0.30648053637385403,-0.08719636519425612,0.05653613479309207,0.033263218061770586,1783858772.9819145,-0.5343769192695618,-0.3064742386341095,-0.08919843692175948,1783858772.9955294,-0.572133485138641,-0.3987220796671363,-0.09372714743125443,1783858772.9951594,-0.02685792328041832,-0.09522448626488174,-0.005963421391865148,1783858772.9956331,0.05779859761208159,-0.004460148553606765,1783858772.966073,140.0,179.0,465.0,1783858772.9664125,28103.390625,nan,nan,46.973541259765625,nan
66.8404061794281,1783858773.046206,BSMC,eight,optuna_t003_r01,1783858772.9964132,-0.5341428033061486,-0.30648053637385403,-0.08719636519425612,0.05653613479309207,0.033263218061770586,1783858773.0297735,-0.5279552936553955,-0.3071775436401367,-0.09021482803205225,1783858773.0351608,-0.5693746024164325,-0.3989802456918427,-0.09288661854438551,1783858773.0356884,-0.02704252510286143,-0.09521647824048582,-0.00569025335012939,1783858773.0358424,0.057815606827399814,-0.004985629605984613,1783858773.0160623,218.0,166.0,479.0,1783858773.0164213,28103.439453125,nan,nan,50.19011688232422,nan
66.88012361526489,1783858773.0859234,BSMC,eight,optuna_t003_r01,1783858773.0463831,-0.5303355710051473,-0.30684869591660735,-0.0871231012779559,0.05818452649085344,0.029376996044775717,1783858773.080801,-0.5250321626663208,-0.30760690569877625,-0.08910762475705701,1783858773.0759382,-0.5666238134548247,-0.39923536361514467,-0.09207590546919085,1783858773.0752733,-0.028111773487177947,-0.09519380809659905,-0.0049528041912349505,1783858773.0760524,0.057458970011041006,-0.005254611331029219,1783858773.0663278,156.0,172.0,527.0,1783858773.0666485,28103.490234375,nan,nan,50.16975021362305,nan
66.92099142074585,1783858773.1267912,BSMC,eight,optuna_t003_r01,1783858773.0962853,-0.5267926561649932,-0.3072172625384345,-0.08692889276978688,0.058237888390356395,0.0254450141353387,1783858773.080801,-0.5250321626663208,-0.30760690569877625,-0.08910762475705701,1783858773.1152213,-0.5638395219006025,-0.3994913368702272,-0.091282842567603,1783858773.115657,-0.02889579447063484,-0.09514204179295448,-0.004353949797816115,1783858773.1157384,0.05722005233548554,-0.005592937210878671,1783858773.1175356,140.0,179.0,493.0,1783858773.117961,28103.541015625,nan,nan,51.53364944458008,nan
66.96035552024841,1783858773.1661553,BSMC,eight,optuna_t003_r01,1783858773.1462913,-0.5234894360090947,-0.3075400950179083,-0.0851692851628811,0.05747132686089348,0.025118278413723355,1783858773.1327345,-0.5222375988960266,-0.3078230023384094,-0.08419548656402946,1783858773.1552114,-0.5610760175495504,-0.3997432352344964,-0.09052280783432454,1783858773.1556277,-0.02960695590820194,-0.09506628392625283,-0.005353522671443442,1783858773.1557117,0.057007647924078676,-0.0067641613982688965,1783858773.1175356,140.0,179.0,493.0,1783858773.117961,28103.541015625,nan,nan,51.53364944458008,nan
67.00017499923706,1783858773.2059748,BSMC,eight,optuna_t003_r01,1783858773.195996,-0.5200058501021827,-0.307878188472722,-0.08574432691510375,0.05896054746908743,0.020542260696069965,1783858773.1794772,-0.5189986824989319,-0.308102548122406,-0.08906649942731065,1783858773.1954129,-0.5583022382811222,-0.39999397830092975,-0.08978683941363863,1783858773.1958525,-0.026821900991074246,-0.09508016282783097,-0.004617554250757536,1783858773.1961281,0.058258491640621995,-0.007033566614669539,1783858773.1666493,218.0,179.0,482.0,1783858773.1667309,28103.58984375,nan,nan,48.699764251708984,nan
67.04038262367249,1783858773.2461824,BSMC,eight,optuna_t003_r01,1783858773.195996,-0.5200058501021827,-0.307878188472722,-0.08574432691510375,0.05896054746908743,0.020542260696069965,1783858773.2322323,-0.5164490342140198,-0.30828702449798584,-0.08785026593869978,1783858773.2354193,-0.5555292296985282,-0.4002426319435341,-0.08907775280248442,1783858773.2359462,-0.027482847869045816,-0.09506731293470844,-0.00333342588738067,1783858773.236084,0.05806247775715135,-0.007000128001563756,1783858773.220625,203.0,192.0,492.0,1783858773.2211208,28103.64453125,nan,nan,54.09321975708008,nan
67.08039712905884,1783858773.286197,BSMC,eight,optuna_t003_r01,1783858773.2460444,-0.5166489316086841,-0.308190308157884,-0.08582796108803559,0.0605690227486458,0.017780082884132846,1783858773.279516,-0.5113770961761475,-0.3090782165527344,-0.08537039638010718,1783858773.2755048,-0.5527898281292963,-0.4004863619945438,-0.08840321262412132,1783858773.275864,-0.028096003305636795,-0.09505440838479218,-0.002575251536085732,1783858773.2759504,0.05788255330983921,-0.007233688459377864,1783858773.267315,140.0,179.0,493.0,1783858773.2677965,28103.69140625,nan,nan,46.601531982421875,nan
67.12000513076782,1783858773.325805,BSMC,eight,optuna_t003_r01,1783858773.2961714,-0.5130319490822126,-0.30858102924042985,-0.0851517272624613,0.0601204762223649,0.016061583889955336,1783858773.279516,-0.5113770961761475,-0.3090782165527344,-0.08537039638010718,1783858773.3154545,-0.5499695864013473,-0.40073537660644354,-0.08773547639413193,1783858773.3157718,-0.028966181889596945,-0.09496195604511647,-0.002583749131670629,1783858773.315852,0.05759416632076175,-0.007871009575772523,1783858773.3198595,171.0,153.0,489.0,1783858773.3201966,28103.744140625,nan,nan,52.794822692871094,nan
67.16007900238037,1783858773.3658788,BSMC,eight,optuna_t003_r01,1783858773.3465486,-0.5096993895450836,-0.3089296872347027,-0.0836338379191516,0.05896165692203484,0.01765088560593857,1783858773.3311095,-0.5087503790855408,-0.309315949678421,-0.08267763019053176,1783858773.3553731,-0.5472053593522274,-0.4009776403984178,-0.0871070748605216,1783858773.3557107,-0.029685524004117832,-0.09485933331731153,-0.0034732369413700004,1783858773.3557975,0.05736447525236003,-0.008958778355546865,1783858773.3198595,171.0,153.0,489.0,1783858773.3201966,28103.744140625,nan,nan,52.794822692871094,nan
67.20058274269104,1783858773.4063826,BSMC,eight,optuna_t003_r01,1783858773.3964117,-0.5064984150649249,-0.3092560114046501,-0.0834497902620489,0.05891257755256829,0.01664493175384591,1783858773.382358,-0.5061554312705994,-0.3095245361328125,-0.08502852135317729,1783858773.395185,-0.5444302363858851,-0.40121913448315527,-0.08650194608171746,1783858773.395764,-0.026899927305393263,-0.0948681596040983,-0.0028681081625658578,1783858773.395867,0.05860140692233243,-0.009275544397442947,1783858773.3668225,203.0,160.0,492.0,1783858773.367067,28103.791015625,nan,nan,47.054561614990234,nan
67.24045991897583,1783858773.4462597,BSMC,eight,optuna_t003_r01,1783858773.3964117,-0.5064984150649249,-0.3092560114046501,-0.0834497902620489,0.05891257755256829,0.01664493175384591,1783858773.433804,-0.5033754706382751,-0.31001099944114685,-0.09032769376359509,1783858773.435108,-0.5416491423146352,-0.4014594867758984,-0.08592119479819882,1783858773.4353833,-0.02734297238474751,-0.09481253270473716,-0.0024714045361499126,1783858773.43567,0.05848259547378915,-0.009685713156896154,1783858773.4241178,140.0,172.0,498.0,1783858773.4244502,28103.84765625,nan,nan,57.04818344116211,nan
67.27999210357666,1783858773.485792,BSMC,eight,optuna_t003_r01,1783858773.446057,-0.5035255506098646,-0.3096095234647988,-0.0856438582524141,0.05760787512877839,0.008215957343924251,1783858773.4822571,-0.49808913469314575,-0.31072524189949036,-0.08539091330586311,1783858773.4751143,-0.5388739406846262,-0.40169774350072834,-0.08536710492483002,1783858773.4758675,-0.02734167879642843,-0.09477437180407063,0.00027675332758408944,1783858773.4760168,0.05854719262650388,-0.008839282295183418,1783858773.4688141,156.0,172.0,455.0,1783858773.4692307,28103.892578125,nan,nan,44.67234802246094,nan
67.32103872299194,1783858773.5268385,BSMC,eight,optuna_t003_r01,1783858773.496278,-0.500021115201716,-0.31003006055055543,-0.08534670708147508,0.05721102999681863,0.007192043649067361,1783858773.4822571,-0.49808913469314575,-0.31072524189949036,-0.08539091330586311,1783858773.5154424,-0.5360597793476227,-0.40193779962744314,-0.08483098812918699,1783858773.5159118,-0.028072986264623963,-0.09464526009173924,0.000515718952288094,1783858773.5160348,0.0583026100259838,-0.009315948854790907,1783858773.4688141,156.0,172.0,455.0,1783858773.4692307,28103.892578125,nan,nan,44.67234802246094,nan
67.36023426055908,1783858773.566034,BSMC,eight,optuna_t003_r01,1783858773.5463567,-0.49657141304209307,-0.3104126748908584,-0.0859872957019977,0.05858036224816828,0.005475178648515198,1783858773.5345569,-0.4954022169113159,-0.310871958732605,-0.08789848972034003,1783858773.555392,-0.5332927085459693,-0.4021723923207296,-0.08432894957796766,1783858773.555885,-0.02870517342197475,-0.09457437446320842,0.001658346124030041,1783858773.555983,0.0580956580581842,-0.009309549231596244,1783858773.5285838,218.0,172.0,495.0,1783858773.5287704,28103.951171875,nan,nan,58.26772689819336,nan
67.40022993087769,1783858773.6060297,BSMC,eight,optuna_t003_r01,1783858773.5966454,-0.49329237249197466,-0.310758894642591,-0.08591681754695764,0.05852841787657787,0.004630567753177732,1783858773.5825522,-0.49263349175453186,-0.3110940158367157,-0.08620530226113027,1783858773.5950167,-0.5304983407967857,-0.40240791461630515,-0.08384705429107074,1783858773.5956507,-0.025900902850317632,-0.09456904245339993,0.00214024141092696,1783858773.5959027,0.05932661229562769,-0.00967491632047865,1783858773.5682065,156.0,179.0,499.0,1783858773.568695,28103.9921875,nan,nan,41.176116943359375,nan
67.44024968147278,1783858773.6460495,BSMC,eight,optuna_t003_r01,1783858773.5966454,-0.49329237249197466,-0.310758894642591,-0.08591681754695764,0.05852841787657787,0.004630567753177732,1783858773.633126,-0.4897778630256653,-0.31161510944366455,-0.08877399628298262,1783858773.6349823,-0.5276761961915067,-0.4026444377420957,-0.0833858017043051,1783858773.635262,-0.02637219167936762,-0.09449713153804264,0.002531015842652543,1783858773.635339,0.05918257667052247,-0.010076374706398054,1783858773.6289644,156.0,179.0,484.0,1783858773.6293557,28104.052734375,nan,nan,60.294490814208984,nan
67.48002481460571,1783858773.6858246,BSMC,eight,optuna_t003_r01,1783858773.6461098,-0.490186043809974,-0.31113397553029387,-0.0869557294269932,0.05802113274631934,0.000604381900329284,1783858773.68278,-0.4843685030937195,-0.31229403614997864,-0.08662679545135812,1783858773.6749835,-0.5248788039241407,-0.40287762820935724,-0.08295366442946661,1783858773.6752737,-0.02659409508441394,-0.0944099545486432,0.004002064997526589,1783858773.6753573,0.05913947804910653,-0.009887314981658844,1783858773.6687179,234.0,179.0,456.0,1783858773.6694875,28104.091796875,nan,nan,39.733402252197266,nan
67.52033567428589,1783858773.7261355,BSMC,eight,optuna_t003_r01,1783858773.6964424,-0.4863564850235962,-0.3115871344552415,-0.08666411409188778,0.06020794212377114,0.0023977281561521546,1783858773.68278,-0.4843685030937195,-0.31229403614997864,-0.08662679545135812,1783858773.7153976,-0.5220671197681177,-0.40311081885816163,-0.0825443248562866,1783858773.7157383,-0.02765471940807375,-0.09427115537110312,0.004119789235601176,1783858773.71582,0.058742622039056225,-0.010411075275728274,1783858773.6687179,234.0,179.0,456.0,1783858773.6694875,28104.091796875,nan,nan,39.733402252197266,nan
67.56016802787781,1783858773.7659678,BSMC,eight,optuna_t003_r01,1783858773.7460816,-0.48288810832041473,-0.31200601539631884,-0.08560897421491423,0.0609137864573628,0.004614771884591146,1783858773.731611,-0.4820389747619629,-0.3126267194747925,-0.08409237147700342,1783858773.7552028,-0.5192831093934693,-0.40334060716027215,-0.0821635801229289,1783858773.7552853,-0.028452201546131164,-0.0941120395219123,0.0034453940919853265,1783858773.7554064,0.0584529876711021,-0.011346207375863032,1783858773.7331634,171.0,192.0,513.0,1783858773.7339406,28104.15625,nan,nan,64.01364135742188,nan
67.60025787353516,1783858773.8060577,BSMC,eight,optuna_t003_r01,1783858773.796056,-0.47961283223772383,-0.3124304930895784,-0.08434234186646535,0.06076835183609785,0.00603474948127664,1783858773.7823584,-0.4793308973312378,-0.31311914324760437,-0.08234833287476229,1783858773.7958245,-0.5164738361223569,-0.4035714336550055,-0.08180403150417281,1783858773.7959337,-0.025633479735011407,-0.09410181533609824,0.0038049427107414158,1783858773.796084,0.059676108232917406,-0.011766094661498371,1783858773.7685292,156.0,198.0,499.0,1783858773.7689288,28104.193359375,nan,nan,36.3664665222168,nan
67.64011406898499,1783858773.845914,BSMC,eight,optuna_t003_r01,1783858773.796056,-0.47961283223772383,-0.3124304930895784,-0.08434234186646535,0.06076835183609785,0.00603474948127664,1783858773.8338335,-0.473852276802063,-0.3137000799179077,-0.08201081493535145,1783858773.835292,-0.5136482808896926,-0.4038026075680306,-0.08146725682621558,1783858773.8354037,-0.02621705813853721,-0.09391454057687097,0.0028750850402497613,1783858773.8358386,0.05947112851397845,-0.012836845839465623,1783858773.8323317,218.0,179.0,479.0,1783858773.8328044,28104.255859375,nan,nan,63.42522430419922,nan
67.68040180206299,1783858773.8862016,BSMC,eight,optuna_t003_r01,1783858773.8460512,-0.4757830575307387,-0.31289515336144696,-0.08317467877396015,0.06210485019263393,0.008678331667575548,1783858773.8819227,-0.47118207812309265,-0.31404930353164673,-0.08313817297674345,1783858773.8765543,-0.5108685029950961,-0.4040291355183992,-0.08116015601484583,1783858773.8759642,-0.02739285148650204,-0.09373378726294233,0.0020145227591143178,1783858773.876666,0.059014472040651,-0.013860450502638339,1783858773.8688793,140.0,179.0,520.0,1783858773.8695776,28104.29296875,nan,nan,36.6289176940918,nan
67.7210533618927,1783858773.9268532,BSMC,eight,optuna_t003_r01,1783858773.8960383,-0.4723261020474065,-0.3133255541559322,-0.0829755439169498,0.06103379566321591,0.007112853621054642,1783858773.8819227,-0.47118207812309265,-0.31404930353164673,-0.08313817297674345,1783858773.9149842,-0.5080446741417406,-0.40425840803775737,-0.08087267968037082,1783858773.9152887,-0.02805913455250815,-0.09358036800374184,0.0021028642365789885,1783858773.9153624,0.0587689142651928,-0.014389218699839624,1783858773.8688793,140.0,179.0,520.0,1783858773.8695776,28104.29296875,nan,nan,36.6289176940918,nan
67.76005506515503,1783858773.965855,BSMC,eight,optuna_t003_r01,1783858773.9461606,-0.4690279312679256,-0.31373227963767586,-0.0833598870354506,0.05990774630886242,0.003928103508891308,1783858773.9330623,-0.4683458209037781,-0.31435826420783997,-0.08421972748887187,1783858773.955049,-0.5052402322680755,-0.4044853322152124,-0.08061151296098423,1783858773.955531,-0.02853015084416035,-0.09345307800536064,0.002748374074466362,1783858773.9556775,0.05860203738649828,-0.014619080547557629,1783858773.9363608,156.0,185.0,490.0,1783858773.9366894,28104.361328125,nan,nan,67.8257827758789,nan
67.8000237941742,1783858774.0058236,BSMC,eight,optuna_t003_r01,1783858773.9961493,-0.4656718910845833,-0.3141402026486865,-0.08344262607379198,0.06096456510378349,0.004312331574332187,1783858773.980627,-0.4654861390590668,-0.3147142231464386,-0.08430648848146721,1783858773.9951398,-0.502434119211958,-0.40471168792210205,-0.08037437849058382,1783858773.9954984,-0.025714934661359184,-0.09344500125795047,0.002985508544866775,1783858773.9955916,0.05980959061439488,-0.015095456552463856,1783858773.9690635,234.0,172.0,491.0,1783858773.9704227,28104.392578125,nan,nan,32.69685363769531,nan
67.84013319015503,1783858774.045933,BSMC,eight,optuna_t003_r01,1783858773.9961493,-0.4656718910845833,-0.3141402026486865,-0.08344262607379198,0.06096456510378349,0.004312331574332187,1783858774.030049,-0.46254590153694153,-0.3151322305202484,-0.08428520736540511,1783858774.0348117,-0.4996231454375968,-0.40493779843763816,-0.08016101333732017,1783858774.035353,-0.02626552628745909,-0.09331137766660436,0.003281612736471804,1783858774.0354521,0.059603848631538316,-0.015509701465060742,1783858774.0355613,156.0,179.0,512.0,1783858774.0358248,28104.458984375,nan,nan,66.23420715332031,nan
67.87998747825623,1783858774.0857873,BSMC,eight,optuna_t003_r01,1783858774.0460892,-0.46249940501417947,-0.3145415541411003,-0.08364079184504097,0.060298905879944124,0.0030373002346013077,1783858774.0816548,-0.4572148323059082,-0.31579411029815674,-0.08244047581168062,1783858774.0767095,-0.4968004073850845,-0.40516428228518336,-0.07997103786766413,1783858774.0767963,-0.026610169022003083,-0.0931715435342017,0.0036697539773768444,1783858774.0769944,0.05948165277153623,-0.01587415990956379,1783858774.069297,156.0,185.0,505.0,1783858774.069696,28104.494140625,nan,nan,33.838706970214844,nan
67.92019009590149,1783858774.12599,BSMC,eight,optuna_t003_r01,1783858774.0971754,-0.4588736502855933,-0.3149939953865278,-0.08317463444057137,0.059936207321297785,0.002971681483246162,1783858774.0816548,-0.4572148323059082,-0.31579411029815674,-0.08244047581168062,1783858774.1149065,-0.493986599432668,-0.40538954673722,-0.0798058191023524,1783858774.1153424,-0.02748161216496125,-0.09300019298160268,0.003368815338218964,1783858774.115467,0.05913596341933631,-0.01659835187324441,1783858774.1198204,218.0,179.0,500.0,1783858774.1210241,28104.544921875,nan,nan,50.7307014465332,nan
67.96055769920349,1783858774.1663575,BSMC,eight,optuna_t003_r01,1783858774.1462197,-0.4553193183641207,-0.31542652439832103,-0.08267531337105036,0.061062667633365236,0.004496705752042162,1783858774.1333253,-0.4539262056350708,-0.3161480128765106,-0.08234645503159171,1783858774.1548064,-0.4911661102893503,-0.4056149107870761,-0.07966435696884311,1783858774.15522,-0.028276489838775322,-0.09284060347248786,0.0030109564022072484,1783858774.1553164,0.05881958131986064,-0.017356411812154252,1783858774.1198204,218.0,179.0,500.0,1783858774.1210241,28104.544921875,nan,nan,50.7307014465332,nan
68.00039958953857,1783858774.2061994,BSMC,eight,optuna_t003_r01,1783858774.1959853,-0.451832803008785,-0.3158521277307873,-0.0824585109855753,0.061807354821864606,0.004527293460120013,1783858774.1796901,-0.45121294260025024,-0.3165165185928345,-0.08255047072372253,1783858774.194935,-0.4883491669747419,-0.4058396249021044,-0.07954715828118808,1783858774.1961534,-0.025450611085034627,-0.09283192358960413,0.003128155089862278,1783858774.196273,0.06001759394753304,-0.01789349000759755,1783858774.1700902,187.0,192.0,507.0,1783858774.1710012,28104.59375,nan,nan,50.123233795166016,nan
68.04005980491638,1783858774.2458596,BSMC,eight,optuna_t003_r01,1783858774.1959853,-0.451832803008785,-0.3158521277307873,-0.0824585109855753,0.061807354821864606,0.004527293460120013,1783858774.2312548,-0.4482654333114624,-0.3168010413646698,-0.08118622654332827,1783858774.2353117,-0.48551307326189463,-0.40606556562877816,-0.07945344040683566,1783858774.2356248,-0.02613539355401904,-0.0926809915002731,0.0030050705787396377,1783858774.235709,0.05974168643928664,-0.01852904191380038,1783858774.2421029,140.0,198.0,515.0,1783858774.2424414,28104.666015625,nan,nan,71.99169921875,nan
68.08022427558899,1783858774.286024,BSMC,eight,optuna_t003_r01,1783858774.2461586,-0.44857055750275415,-0.31624130069318407,-0.08200052516309679,0.06091865895485551,0.0034164847966080933,1783858774.282928,-0.44283193349838257,-0.3175501823425293,-0.08453914773143684,1783858774.2750585,-0.4827123676902562,-0.4062884584192335,-0.0793847673427176,1783858774.2757335,-0.026651446264250915,-0.09254109481437525,0.002615757820379192,1783858774.2758117,0.05953359189485504,-0.019302211227505785,1783858774.2697954,187.0,192.0,508.0,1783858774.2702785,28104.693359375,nan,nan,27.52735137939453,nan
68.11995816230774,1783858774.325758,BSMC,eight,optuna_t003_r01,1783858774.296087,-0.44479852666367886,-0.3167107935707548,-0.08295746091040701,0.06153124943712307,-0.00022077518806374805,1783858774.282928,-0.44283193349838257,-0.3175501823425293,-0.08453914773143684,1783858774.3151464,-0.4798692875575109,-0.40651456011714004,-0.07933929901950154,1783858774.3155668,-0.02750880220398676,-0.09240097703429292,0.003618161890905469,1783858774.3158047,0.05917943660789905,-0.01933525796444249,1783858774.321321,218.0,185.0,525.0,1783858774.321563,28104.74609375,nan,nan,51.62337112426758,nan
68.15997171401978,1783858774.3657715,BSMC,eight,optuna_t003_r01,1783858774.3468535,-0.441034034563218,-0.31716171845606855,-0.08285634883774833,0.06280468200234918,0.0006423394576840623,1783858774.3315055,-0.43985581398010254,-0.3178747296333313,-0.082863396186345,1783858774.3557096,-0.4770630148092014,-0.40673764101340204,-0.07931835812417896,1783858774.355858,-0.028491933707507716,-0.09225043649311289,0.003537990713569361,1783858774.3560016,0.05876992396966876,-0.019939814120581253,1783858774.321321,218.0,185.0,525.0,1783858774.321563,28104.74609375,nan,nan,51.62337112426758,nan
68.20046901702881,1783858774.4062688,BSMC,eight,optuna_t003_r01,1783858774.3962615,-0.4377156501962032,-0.3176126250133058,-0.0849133772511099,0.062108013592379864,-0.0052305560996567385,1783858774.3841949,-0.43717530369758606,-0.31837373971939087,-0.08802728614358492,1783858774.3557096,-0.4770630148092014,-0.40673764101340204,-0.07931835812417896,1783858774.355858,-0.028491933707507716,-0.09225043649311289,0.003537990713569361,1783858774.3968687,0.0,0.0,1783858774.37014,156.0,185.0,494.0,1783858774.3704865,28104.794921875,nan,nan,48.91257858276367,nan
68.24104881286621,1783858774.4468486,BSMC,eight,optuna_t003_r01,1783858774.3962615,-0.4377156501962032,-0.3176126250133058,-0.0849133772511099,0.062108013592379864,-0.0052305560996567385,1783858774.430743,-0.43452394008636475,-0.3185747563838959,-0.08806298042851997,1783858774.3557096,-0.4770630148092014,-0.40673764101340204,-0.07931835812417896,1783858774.355858,-0.028491933707507716,-0.09225043649311289,0.003537990713569361,1783858774.4346824,0.0,0.0,1783858774.4204206,171.0,192.0,499.0,1783858774.4205556,28104.84375,nan,nan,49.89382553100586,nan
68.28040742874146,1783858774.4862072,BSMC,eight,optuna_t003_r01,1783858774.4469182,-0.4344379240316886,-0.3180243829665927,-0.08639783913548849,0.061589063003078245,-0.008951490262584608,1783858774.4802938,-0.4287263751029968,-0.31948021054267883,-0.08405866520405807,1783858774.3557096,-0.4770630148092014,-0.40673764101340204,-0.07931835812417896,1783858774.355858,-0.028491933707507716,-0.09225043649311289,0.003537990713569361,1783858774.4751837,0.0,0.0,1783858774.4702477,203.0,166.0,471.0,1783858774.4719822,28104.89453125,nan,nan,50.158294677734375,nan
68.32042407989502,1783858774.526224,BSMC,eight,optuna_t003_r01,1783858774.4959242,-0.4306833319485628,-0.31852053032793815,-0.08571121666158564,0.06191088165409236,-0.0052391226924642376,1783858774.4802938,-0.4287263751029968,-0.31948021054267883,-0.08405866520405807,1783858774.3557096,-0.4770630148092014,-0.40673764101340204,-0.07931835812417896,1783858774.355858,-0.028491933707507716,-0.09225043649311289,0.003537990713569361,1783858774.5152519,0.0,0.0,1783858774.5227304,109.0,115.0,466.0,1783858774.5228474,28104.9453125,nan,nan,50.391258239746094,nan
68.36007952690125,1783858774.5658793,BSMC,eight,optuna_t003_r01,1783858774.546712,-0.4274015993598701,-0.31893222687282885,-0.08493668702178012,0.05781106803137791,-0.0023733989951094953,1783858774.5315335,-0.4258272349834442,-0.31966662406921387,-0.08329915023988273,1783858774.3557096,-0.4770630148092014,-0.40673764101340204,-0.07931835812417896,1783858774.355858,-0.028491933707507716,-0.09225043649311289,0.003537990713569361,1783858774.5554895,0.0,0.0,1783858774.5227304,109.0,115.0,466.0,1783858774.5228474,28104.9453125,nan,nan,50.391258239746094,nan
68.40026330947876,1783858774.6060631,BSMC,eight,optuna_t003_r01,1783858774.5960004,-0.4249239884195887,-0.3193102399312175,-0.08689329395919487,0.048594295240608494,-0.007884106123168052,1783858774.5816576,-0.42304399609565735,-0.32016435265541077,-0.08948871987471502,1783858774.3557096,-0.4770630148092014,-0.40673764101340204,-0.07931835812417896,1783858774.355858,-0.028491933707507716,-0.09225043649311289,0.003537990713569361,1783858774.5955377,0.0,0.0,1783858774.570077,15.0,51.0,482.0,1783858774.5705888,28104.994140625,nan,nan,49.40877914428711,nan
68.44043636322021,1783858774.6462362,BSMC,eight,optuna_t003_r01,1783858774.5960004,-0.4249239884195887,-0.3193102399312175,-0.08689329395919487,0.048594295240608494,-0.007884106123168052,1783858774.6326683,-0.4199274182319641,-0.3207467794418335,-0.08873704850990136,1783858774.3557096,-0.4770630148092014,-0.40673764101340204,-0.07931835812417896,1783858774.355858,-0.028491933707507716,-0.09225043649311289,0.003537990713569361,1783858774.6353319,0.0,0.0,1783858774.6209998,0.0,6.0,496.0,1783858774.6214585,28105.044921875,nan,nan,50.9605827331543,nan
68.4800283908844,1783858774.6858282,BSMC,eight,optuna_t003_r01,1783858774.646558,-0.4227737138490553,-0.31968639314985337,-0.08793786321131958,0.03799614593860151,-0.009857035852817116,1783858774.6832685,-0.4139178991317749,-0.3211692273616791,-0.0868751645715329,1783858774.3557096,-0.4770630148092014,-0.40673764101340204,-0.07931835812417896,1783858774.355858,-0.028491933707507716,-0.09225043649311289,0.003537990713569361,1783858774.6753228,0.0,0.0,1783858774.6698897,0.0,0.0,494.0,1783858774.6702335,28105.09375,nan,nan,48.909507751464844,nan
68.51992321014404,1783858774.725723,BSMC,eight,optuna_t003_r01,1783858774.6964474,-0.4201493358497196,-0.3200468539287196,-0.0878711940552089,0.02956396328820369,-0.008419333486610704,1783858774.6832685,-0.4139178991317749,-0.3211692273616791,-0.0868751645715329,1783858774.3557096,-0.4770630148092014,-0.40673764101340204,-0.07931835812417896,1783858774.355858,-0.028491933707507716,-0.09225043649311289,0.003537990713569361,1783858774.7153392,0.0,0.0,1783858774.7198496,0.0,0.0,500.0,1783858774.720127,28105.14453125,nan,nan,50.098472595214844,nan
68.56041121482849,1783858774.766211,BSMC,eight,optuna_t003_r01,1783858774.74599,-0.41773652785069837,-0.32043973055983166,-0.08642252145975654,0.022844107815096923,-0.003587461075428065,1783858774.7305007,-0.41129961609840393,-0.3218337893486023,-0.08333535285595169,1783858774.3557096,-0.4770630148092014,-0.40673764101340204,-0.07931835812417896,1783858774.355858,-0.028491933707507716,-0.09225043649311289,0.003537990713569361,1783858774.7550175,0.0,0.0,1783858774.7198496,0.0,0.0,500.0,1783858774.720127,28105.14453125,nan,nan,50.098472595214844,nan
68.59999513626099,1783858774.805795,BSMC,eight,optuna_t003_r01,1783858774.7959347,-0.41536563441579605,-0.32079476202109125,-0.0872859445909096,0.017872042699204418,-0.0052834708943677935,1783858774.7818842,-0.40854158997535706,-0.3220351040363312,-0.08833378437652144,1783858774.3557096,-0.4770630148092014,-0.40673764101340204,-0.07931835812417896,1783858774.355858,-0.028491933707507716,-0.09225043649311289,0.003537990713569361,1783858774.795081,0.0,0.0,1783858774.7712743,0.0,0.0,497.0,1783858774.771626,28105.1953125,nan,nan,50.93758010864258,nan
68.64067077636719,1783858774.8464706,BSMC,eight,optuna_t003_r01,1783858774.7959347,-0.41536563441579605,-0.32079476202109125,-0.0872859445909096,0.017872042699204418,-0.0052834708943677935,1783858774.830305,-0.40553170442581177,-0.3225148320198059,-0.08949392408454629,1783858774.3557096,-0.4770630148092014,-0.40673764101340204,-0.07931835812417896,1783858774.355858,-0.028491933707507716,-0.09225043649311289,0.003537990713569361,1783858774.8347197,0.0,0.0,1783858774.8201578,0.0,0.0,493.0,1783858774.821722,28105.244140625,nan,nan,49.33629608154297,nan
68.68033218383789,1783858774.886132,BSMC,eight,optuna_t003_r01,1783858774.8461907,-0.4129528158294686,-0.3211651561565379,-0.08831467033945303,0.014418778312213568,-0.007108330236833127,1783858774.8821669,-0.400248259305954,-0.3232439160346985,-0.08761562529030735,1783858774.3557096,-0.4770630148092014,-0.40673764101340204,-0.07931835812417896,1783858774.355858,-0.028491933707507716,-0.09225043649311289,0.003537990713569361,1783858774.8749766,0.0,0.0,1783858774.8751345,0.0,0.0,494.0,1783858774.8767478,28105.298828125,nan,nan,54.664222717285156,nan
68.72087860107422,1783858774.9266784,BSMC,eight,optuna_t003_r01,1783858774.8961656,-0.409962687378731,-0.3216061549765608,-0.08827506507685354,0.012398912610698096,-0.005948781065982169,1783858774.8821669,-0.400248259305954,-0.3232439160346985,-0.08761562529030735,1783858774.3557096,-0.4770630148092014,-0.40673764101340204,-0.07931835812417896,1783858774.355858,-0.028491933707507716,-0.09225043649311289,0.003537990713569361,1783858774.91497,0.0,0.0,1783858774.9229987,0.0,0.0,495.0,1783858774.9238293,28105.34765625,nan,nan,47.98002243041992,nan
68.76048254966736,1783858774.9662824,BSMC,eight,optuna_t003_r01,1783858774.946019,-0.4073211176118287,-0.32199141509837786,-0.08833991915373769,0.010743047516847098,-0.005231279787011761,1783858774.9305246,-0.39863473176956177,-0.32343432307243347,-0.08792509621188294,1783858774.3557096,-0.4770630148092014,-0.40673764101340204,-0.07931835812417896,1783858774.355858,-0.028491933707507716,-0.09225043649311289,0.003537990713569361,1783858774.9551427,0.0,0.0,1783858774.9229987,0.0,0.0,495.0,1783858774.9238293,28105.34765625,nan,nan,47.98002243041992,nan
68.80050086975098,1783858775.0063007,BSMC,eight,optuna_t003_r01,1783858774.9960124,-0.40521444914740146,-0.32229636903160286,-0.08943568347538977,0.009031665848070657,-0.007205838011031775,1783858774.9794774,-0.39835694432258606,-0.3234266936779022,-0.0907252993788371,1783858774.3557096,-0.4770630148092014,-0.40673764101340204,-0.07931835812417896,1783858774.355858,-0.028491933707507716,-0.09225043649311289,0.003537990713569361,1783858774.995593,0.0,0.0,1783858774.97694,0.0,0.0,500.0,1783858774.9772594,28105.400390625,nan,nan,53.8699951171875,nan
68.84051942825317,1783858775.0463192,BSMC,eight,optuna_t003_r01,1783858774.9960124,-0.40521444914740146,-0.32229636903160286,-0.08943568347538977,0.009031665848070657,-0.007205838011031775,1783858775.0315933,-0.39836111664772034,-0.323416531085968,-0.09037735836649757,1783858774.3557096,-0.4770630148092014,-0.40673764101340204,-0.07931835812417896,1783858774.355858,-0.028491933707507716,-0.09225043649311289,0.003537990713569361,1783858775.0348637,0.0,0.0,1783858775.0251389,0.0,0.0,497.0,1783858775.0278463,28105.44921875,nan,nan,48.232181549072266,nan
68.8800597190857,1783858775.0858595,BSMC,eight,optuna_t003_r01,1783858775.046651,-0.403573266294385,-0.3225373396933351,-0.09004421641496708,0.007552158297527876,-0.007657144371227843,1783858775.0819724,-0.3983190059661865,-0.32342529296875,-0.0906398306602472,1783858774.3557096,-0.4770630148092014,-0.40673764101340204,-0.07931835812417896,1783858774.355858,-0.028491933707507716,-0.09225043649311289,0.003537990713569361,1783858775.0750456,0.0,0.0,1783858775.072246,0.0,0.0,492.0,1783858775.0724063,28105.49609375,nan,nan,47.132484436035156,nan
68.92005515098572,1783858775.125855,BSMC,eight,optuna_t003_r01,1783858775.0960891,-0.40231385779956125,-0.3227276339567783,-0.09052486564107017,0.0062618479334937355,-0.007742742689208744,1783858775.0819724,-0.3983190059661865,-0.32342529296875,-0.0906398306602472,1783858774.3557096,-0.4770630148092014,-0.40673764101340204,-0.07931835812417896,1783858774.355858,-0.028491933707507716,-0.09225043649311289,0.003537990713569361,1783858775.1161761,0.0,0.0,1783858775.1222434,0.0,0.0,492.0,1783858775.122355,28105.546875,nan,nan,49.87786865234375,nan
68.96002459526062,1783858775.1658244,BSMC,eight,optuna_t003_r01,1783858775.14617,-0.40134889630016624,-0.32288008955391173,-0.09090194623990229,0.005112386431003738,-0.007542057719446229,1783858775.132037,-0.39832890033721924,-0.32344019412994385,-0.09083976288860954,1783858774.3557096,-0.4770630148092014,-0.40673764101340204,-0.07931835812417896,1783858774.355858,-0.028491933707507716,-0.09225043649311289,0.003537990713569361,1783858775.1553524,0.0,0.0,1783858775.1222434,0.0,0.0,492.0,1783858775.122355,28105.546875,nan,nan,49.87786865234375,nan
69.00031018257141,1783858775.20611,BSMC,eight,optuna_t003_r01,1783858775.1959493,-0.40061541477865226,-0.32299969197579437,-0.091133394146817,0.004123547442046642,-0.007007980117838164,1783858775.1803122,-0.39832884073257446,-0.32344263792037964,-0.09084809499644476,1783858774.3557096,-0.4770630148092014,-0.40673764101340204,-0.07931835812417896,1783858774.355858,-0.028491933707507716,-0.09225043649311289,0.003537990713569361,1783858775.1950114,0.0,0.0,1783858775.172643,0.0,0.0,496.0,1783858775.1728332,28105.595703125,nan,nan,50.02961349487305,nan
69.04041266441345,1783858775.2462125,BSMC,eight,optuna_t003_r01,1783858775.1959493,-0.40061541477865226,-0.32299969197579437,-0.091133394146817,0.004123547442046642,-0.007007980117838164,1783858775.23171,-0.39832359552383423,-0.32344964146614075,-0.0910563987417362,1783858774.3557096,-0.4770630148092014,-0.40673764101340204,-0.07931835812417896,1783858774.355858,-0.028491933707507716,-0.09225043649311289,0.003537990713569361,1783858775.235629,0.0,0.0,1783858775.2222476,0.0,0.0,491.0,1783858775.2229035,28105.646484375,nan,nan,49.833106994628906,nan
69.07992672920227,1783858775.2857265,BSMC,eight,optuna_t003_r01,1783858775.246574,-0.40005088891759044,-0.32309570434018414,-0.09133717937895358,0.0033111410638366843,-0.006469979943270408,1783858775.2805028,-0.39831066131591797,-0.3234487473964691,-0.0912047290433946,1783858774.3557096,-0.4770630148092014,-0.40673764101340204,-0.07931835812417896,1783858774.355858,-0.028491933707507716,-0.09225043649311289,0.003537990713569361,1783858775.275718,0.0,0.0,1783858775.2720168,0.0,0.0,495.0,1783858775.2723613,28105.6953125,nan,nan,50.036285400390625,nan
69.12069153785706,1783858775.3264914,BSMC,eight,optuna_t003_r01,1783858775.2963998,-0.39962214446132316,-0.3231705694897872,-0.09150264850955475,0.0026331536590511835,-0.005927304881094265,1783858775.2805028,-0.39831066131591797,-0.3234487473964691,-0.0912047290433946,1783858774.3557096,-0.4770630148092014,-0.40673764101340204,-0.07931835812417896,1783858774.355858,-0.028491933707507716,-0.09225043649311289,0.003537990713569361,1783858775.3151584,0.0,0.0,1783858775.2720168,0.0,0.0,495.0,1783858775.2723613,28105.6953125,nan,nan,50.036285400390625,nan
69.16065168380737,1783858775.3664515,BSMC,eight,optuna_t003_r01,1783858775.346164,-0.3992947667108295,-0.3232299738957915,-0.09156938745102694,0.002032166179892109,-0.005215269151783399,1783858775.329822,-0.3983069658279419,-0.3234511911869049,-0.09116354279877419,1783858774.3557096,-0.4770630148092014,-0.40673764101340204,-0.07931835812417896,1783858774.355858,-0.028491933707507716,-0.09225043649311289,0.003537990713569361,1783858775.3556268,0.0,0.0,1783858775.334135,0.0,0.0,494.0,1783858775.3347197,28105.7578125,nan,nan,62.12551498413086,nan
69.20050382614136,1783858775.4063036,BSMC,eight,optuna_t003_r01,1783858775.396691,-0.3990427595326534,-0.32327591712626635,-0.0916255582164479,0.0016202404662619349,-0.004572827341287664,1783858775.3813133,-0.3982936143875122,-0.3234451115131378,-0.09127012516892383,1783858774.3557096,-0.4770630148092014,-0.40673764101340204,-0.07931835812417896,1783858774.355858,-0.028491933707507716,-0.09225043649311289,0.003537990713569361,1783858775.3948717,0.0,0.0,1783858775.374282,0.0,0.0,492.0,1783858775.3744142,28105.796875,nan,nan,37.94371032714844,nan
69.24004435539246,1783858775.4458442,BSMC,eight,optuna_t003_r01,1783858775.396691,-0.3990427595326534,-0.32327591712626635,-0.0916255582164479,0.0016202404662619349,-0.004572827341287664,1783858775.430613,-0.398282915353775,-0.3234464228153229,-0.09126552490871515,1783858774.3557096,-0.4770630148092014,-0.40673764101340204,-0.07931835812417896,1783858774.355858,-0.028491933707507716,-0.09225043649311289,0.003537990713569361,1783858775.4359536,0.0,0.0,1783858775.4246507,0.0,0.0,494.0,1783858775.424746,28105.84765625,nan,nan,51.92702102661133,nan
69.28012371063232,1783858775.4859235,BSMC,eight,optuna_t003_r01,1783858775.4470558,-0.39885166766363156,-0.3233119681001051,-0.09164128638452639,0.001271698468617269,-0.0039315252747030216,1783858775.4807472,-0.39830633997917175,-0.3234483003616333,-0.0905364134659069,1783858774.3557096,-0.4770630148092014,-0.40673764101340204,-0.07931835812417896,1783858774.355858,-0.028491933707507716,-0.09225043649311289,0.003537990713569361,1783858775.4765592,0.0,0.0,1783858775.4729688,0.0,0.0,493.0,1783858775.4733875,28105.896484375,nan,nan,49.00143051147461,nan
69.32023477554321,1783858775.5260346,BSMC,eight,optuna_t003_r01,1783858775.4963775,-0.3987131483379685,-0.3233405628655496,-0.09134136393380186,0.0009870390124262205,-0.002592997584827693,1783858775.4807472,-0.39830633997917175,-0.3234483003616333,-0.0905364134659069,1783858774.3557096,-0.4770630148092014,-0.40673764101340204,-0.07931835812417896,1783858774.355858,-0.028491933707507716,-0.09225043649311289,0.003537990713569361,1783858775.5148337,0.0,0.0,1783858775.5228121,0.0,0.0,495.0,1783858775.523908,28105.947265625,nan,nan,49.85507583618164,nan
69.36071491241455,1783858775.5665147,BSMC,eight,optuna_t003_r01,1783858775.5460904,-0.3986055986145912,-0.3233650534512692,-0.09126060401356646,0.0007694183541765544,-0.0020038082211882823,1783858775.531641,-0.3982903063297272,-0.32345861196517944,-0.09091476752209285,1783858774.3557096,-0.4770630148092014,-0.40673764101340204,-0.07931835812417896,1783858774.355858,-0.028491933707507716,-0.09225043649311289,0.003537990713569361,1783858775.5556936,0.0,0.0,1783858775.5228121,0.0,0.0,495.0,1783858775.523908,28105.947265625,nan,nan,49.85507583618164,nan
69.40027832984924,1783858775.6060781,BSMC,eight,optuna_t003_r01,1783858775.5960295,-0.3985270094345802,-0.3233846359675887,-0.09118275853870117,0.0005914169515754627,-0.0015086616346281112,1783858775.580234,-0.39830097556114197,-0.3234602212905884,-0.0908874578868152,1783858774.3557096,-0.4770630148092014,-0.40673764101340204,-0.07931835812417896,1783858774.355858,-0.028491933707507716,-0.09225043649311289,0.003537990713569361,1783858775.595459,0.0,0.0,1783858775.57389,0.0,0.0,496.0,1783858775.5741985,28105.998046875,nan,nan,51.24160385131836,nan
69.44075107574463,1783858775.646551,BSMC,eight,optuna_t003_r01,1783858775.5960295,-0.3985270094345802,-0.3233846359675887,-0.09118275853870117,0.0005914169515754627,-0.0015086616346281112,1783858775.6314857,-0.3983018100261688,-0.32347193360328674,-0.09077912320964364,1783858774.3557096,-0.4770630148092014,-0.40673764101340204,-0.07931835812417896,1783858774.355858,-0.028491933707507716,-0.09225043649311289,0.003537990713569361,1783858775.6350486,0.0,0.0,1783858775.6227674,0.0,0.0,492.0,1783858775.6231089,28106.046875,nan,nan,48.57440948486328,nan
69.4801607131958,1783858775.6859605,BSMC,eight,optuna_t003_r01,1783858775.6467507,-0.3984680058853018,-0.3234023306020132,-0.09107698314544942,0.00045215996164319627,-0.0010148500187208485,1783858775.6818445,-0.3982895016670227,-0.3234744071960449,-0.09078549148826245,1783858774.3557096,-0.4770630148092014,-0.40673764101340204,-0.07931835812417896,1783858774.355858,-0.028491933707507716,-0.09225043649311289,0.003537990713569361,1783858775.6749537,0.0,0.0,1783858775.673281,0.0,0.0,496.0,1783858775.6738605,28106.09765625,nan,nan,50.27151107788086,nan
69.52025771141052,1783858775.7260575,BSMC,eight,optuna_t003_r01,1783858775.6964498,-0.3984219338988878,-0.3234168323779016,-0.09099726113474667,0.00035083614841725894,-0.0006628332351814429,1783858775.6818445,-0.3982895016670227,-0.3234744071960449,-0.09078549148826245,1783858774.3557096,-0.4770630148092014,-0.40673764101340204,-0.07931835812417896,1783858774.355858,-0.028491933707507716,-0.09225043649311289,0.003537990713569361,1783858775.7153013,0.0,0.0,1783858775.7242723,0.0,0.0,492.0,1783858775.7246077,28106.1484375,nan,nan,51.498573303222656,nan
69.56044459342957,1783858775.7662444,BSMC,eight,optuna_t003_r01,1783858775.746006,-0.3983869838652963,-0.32342813957877137,-0.09094765882165502,0.00026961496162832287,-0.0004393771981816407,1783858775.7312243,-0.39828675985336304,-0.3234732747077942,-0.09081214530604322,1783858774.3557096,-0.4770630148092014,-0.40673764101340204,-0.07931835812417896,1783858774.355858,-0.028491933707507716,-0.09225043649311289,0.003537990713569361,1783858775.7551963,0.0,0.0,1783858775.7242723,0.0,0.0,492.0,1783858775.7246077,28106.1484375,nan,nan,51.498573303222656,nan
69.60001397132874,1783858775.8058138,BSMC,eight,optuna_t003_r01,1783858775.796043,-0.39835810368547314,-0.32343901041989676,-0.0909716943644354,0.00020728881857898105,-0.0004343882853415105,1783858775.78189,-0.39827486872673035,-0.3234829604625702,-0.0909724480859649,1783858774.3557096,-0.4770630148092014,-0.40673764101340204,-0.07931835812417896,1783858774.355858,-0.028491933707507716,-0.09225043649311289,0.003537990713569361,1783858775.7958121,0.0,0.0,1783858775.7780218,0.0,0.0,494.0,1783858775.7785864,28106.201171875,nan,nan,53.614349365234375,nan
69.64009666442871,1783858775.8458965,BSMC,eight,optuna_t003_r01,1783858775.796043,-0.39835810368547314,-0.32343901041989676,-0.0909716943644354,0.00020728881857898105,-0.0004343882853415105,1783858775.8302228,-0.39827466011047363,-0.3234827220439911,-0.09097083589705832,1783858774.3557096,-0.4770630148092014,-0.40673764101340204,-0.07931835812417896,1783858774.355858,-0.028491933707507716,-0.09225043649311289,0.003537990713569361,1783858775.8346846,0.0,0.0,1783858775.8298614,0.0,0.0,494.0,1783858775.8302133,28106.25390625,nan,nan,51.735538482666016,nan
69.68049168586731,1783858775.8862915,BSMC,eight,optuna_t003_r01,1783858775.8461561,-0.39833644378210886,-0.32344761459624755,-0.090985998568221,0.00015848466786136427,-0.0004055008411330669,1783858775.8811216,-0.3982713222503662,-0.32347461581230164,-0.09079258586718511,1783858774.3557096,-0.4770630148092014,-0.40673764101340204,-0.07931835812417896,1783858774.355858,-0.028491933707507716,-0.09225043649311289,0.003537990713569361,1783858775.8759778,0.0,0.0,1783858775.8751795,0.0,0.0,492.0,1783858775.8756368,28106.298828125,nan,nan,45.163543701171875,nan
69.7201611995697,1783858775.925961,BSMC,eight,optuna_t003_r01,1783858775.8965313,-0.3983195827769595,-0.3234530363747477,-0.0909245197510363,0.00012298209987689446,-0.00019000407465852984,1783858775.8811216,-0.3982713222503662,-0.32347461581230164,-0.09079258586718511,1783858774.3557096,-0.4770630148092014,-0.40673764101340204,-0.07931835812417896,1783858774.355858,-0.028491933707507716,-0.09225043649311289,0.003537990713569361,1783858775.9152353,0.0,0.0,1783858775.9234376,0.0,0.0,494.0,1783858775.9240482,28106.34765625,nan,nan,48.48109817504883,nan
69.76014852523804,1783858775.9659483,BSMC,eight,optuna_t003_r01,1783858775.9464269,-0.3983060176669599,-0.32346048829242346,-0.0909568644557275,9.670880137982446e-05,-0.00024413558669303907,1783858775.936218,-0.39826706051826477,-0.32349103689193726,-0.09099177600316909,1783858774.3557096,-0.4770630148092014,-0.40673764101340204,-0.07931835812417896,1783858774.355858,-0.028491933707507716,-0.09225043649311289,0.003537990713569361,1783858775.9554136,0.0,0.0,1783858775.9234376,0.0,0.0,494.0,1783858775.9240482,28106.34765625,nan,nan,48.48109817504883,nan
69.8004937171936,1783858776.0062935,BSMC,eight,optuna_t003_r01,1783858775.995913,-0.398296611593657,-0.32347347880229926,-0.09084726668802633,7.378286484769318e-05,6.978699639488764e-05,1783858775.9847965,-0.398270845413208,-0.3235291540622711,-0.09065248051643432,1783858774.3557096,-0.4770630148092014,-0.40673764101340204,-0.07931835812417896,1783858774.355858,-0.028491933707507716,-0.09225043649311289,0.003537990713569361,1783858775.9954095,0.0,0.0,1783858775.9826748,0.0,0.0,498.0,1783858775.9830716,28106.40625,nan,nan,58.88736343383789,nan
69.84005403518677,1783858776.0458539,BSMC,eight,optuna_t003_r01,1783858775.995913,-0.398296611593657,-0.32347347880229926,-0.09084726668802633,7.378286484769318e-05,6.978699639488764e-05,1783858776.033865,-0.39826858043670654,-0.32350072264671326,-0.09081170872493108,1783858774.3557096,-0.4770630148092014,-0.40673764101340204,-0.07931835812417896,1783858774.355858,-0.028491933707507716,-0.09225043649311289,0.003537990713569361,1783858776.0350938,0.0,0.0,1783858776.0238502,0.0,0.0,494.0,1783858776.024575,28106.447265625,nan,nan,41.69245147705078,nan
69.88004946708679,1783858776.0858493,BSMC,eight,optuna_t003_r01,1783858776.046311,-0.398289224544358,-0.3234787178559449,-0.09083134251423013,5.7401536483470564e-05,9.976130291755853e-05,1783858776.0808983,-0.3982624411582947,-0.3235016465187073,-0.09085517114890344,1783858774.3557096,-0.4770630148092014,-0.40673764101340204,-0.07931835812417896,1783858774.355858,-0.028491933707507716,-0.09225043649311289,0.003537990713569361,1783858776.0754092,0.0,0.0,1783858776.0238502,0.0,0.0,494.0,1783858776.024575,28106.447265625,nan,nan,41.69245147705078,nan
69.91994619369507,1783858776.125746,BSMC,eight,optuna_t003_r01,1783858776.0960836,-0.3982824341451622,-0.3234830813823766,-0.09083706510518502,4.3999567259447114e-05,7.048213644834299e-05,1783858776.0808983,-0.3982624411582947,-0.3235016465187073,-0.09085517114890344,1783858774.3557096,-0.4770630148092014,-0.40673764101340204,-0.07931835812417896,1783858774.355858,-0.028491933707507716,-0.09225043649311289,0.003537990713569361,1783858776.115336,0.0,0.0,1783858776.1246212,0.0,0.0,492.0,1783858776.088794,28106.51171875,nan,nan,64.68435668945312,nan
69.96003222465515,1783858776.165832,BSMC,eight,optuna_t003_r01,1783858776.1462102,-0.3982774282442397,-0.32348661408900076,-0.09084034357141108,3.481439480655355e-05,5.167361429264361e-05,1783858776.1308277,-0.3982628881931305,-0.3235016465187073,-0.09085174836180374,1783858774.3557096,-0.4770630148092014,-0.40673764101340204,-0.07931835812417896,1783858774.355858,-0.028491933707507716,-0.09225043649311289,0.003537990713569361,1783858776.1547253,0.0,0.0,1783858776.1246212,0.0,0.0,492.0,1783858776.1261103,28106.548828125,nan,nan,36.14078140258789,nan
69.99996447563171,1783858776.2057643,BSMC,eight,optuna_t003_r01,1783858776.196212,-0.39827424293892494,-0.3234936785368834,-0.09070300248145985,2.650686512955364e-05,0.0003878013860977972,1783858776.1783838,-0.39826589822769165,-0.3235248625278473,-0.09048599046945437,1783858774.3557096,-0.4770630148092014,-0.40673764101340204,-0.07931835812417896,1783858774.355858,-0.028491933707507716,-0.09225043649311289,0.003537990713569361,1783858776.1947563,0.0,0.0,1783858776.1845555,0.0,0.0,489.0,1783858776.184114,28106.607421875,nan,nan,59.11300277709961,nan
70.04008269309998,1783858776.2458825,BSMC,eight,optuna_t003_r01,1783858776.196212,-0.39827424293892494,-0.3234936785368834,-0.09070300248145985,2.650686512955364e-05,0.0003878013860977972,1783858776.2305436,-0.398262083530426,-0.3234937787055969,-0.09065758817011944,1783858774.3557096,-0.4770630148092014,-0.40673764101340204,-0.07931835812417896,1783858774.355858,-0.028491933707507716,-0.09225043649311289,0.003537990713569361,1783858776.2352917,0.0,0.0,1783858776.2299654,0.0,0.0,494.0,1783858776.2304196,28106.654296875,nan,nan,45.95918655395508,nan
70.0798716545105,1783858776.2856715,BSMC,eight,optuna_t003_r01,1783858776.2468162,-0.39827114713190864,-0.3234937747206674,-0.09067220369757556,2.0606573458139413e-05,0.00040694008653922696,1783858776.2823849,-0.3982626795768738,-0.3235034644603729,-0.09045592182427888,1783858774.3557096,-0.4770630148092014,-0.40673764101340204,-0.07931835812417896,1783858774.355858,-0.028491933707507716,-0.09225043649311289,0.003537990713569361,1783858776.275684,0.0,0.0,1783858776.2840757,0.0,0.0,494.0,1783858776.2846515,28106.708984375,nan,nan,54.46351623535156,nan
70.12028694152832,1783858776.3260868,BSMC,eight,optuna_t003_r01,1783858776.2962415,-0.3982689320464164,-0.32349562992761993,-0.09057467653851517,1.5843656856776637e-05,0.0005922174249303825,1783858776.2823849,-0.3982626795768738,-0.3235034644603729,-0.09045592182427888,1783858774.3557096,-0.4770630148092014,-0.40673764101340204,-0.07931835812417896,1783858774.355858,-0.028491933707507716,-0.09225043649311289,0.003537990713569361,1783858776.3149407,0.0,0.0,1783858776.324455,0.0,0.0,495.0,1783858776.3249369,28106.748046875,nan,nan,40.190696716308594,nan
70.16037631034851,1783858776.3661761,BSMC,eight,optuna_t003_r01,1783858776.346197,-0.3982674134522675,-0.32349953954807964,-0.09045278796491865,1.2458931219527453e-05,0.0008099730410300069,1783858776.3295708,-0.39826342463493347,-0.32351672649383545,-0.09030955623797872,1783858774.3557096,-0.4770630148092014,-0.40673764101340204,-0.07931835812417896,1783858774.355858,-0.028491933707507716,-0.09225043649311289,0.003537990713569361,1783858776.3549924,0.0,0.0,1783858776.324455,0.0,0.0,495.0,1783858776.3249369,28106.748046875,nan,nan,40.190696716308594,nan
70.20006346702576,1783858776.4058633,BSMC,eight,optuna_t003_r01,1783858776.395909,-0.398266586051752,-0.32350614335243544,-0.09039856388192605,9.41810808720015e-06,0.0008253857557220687,1783858776.3824193,-0.3982650637626648,-0.3235349655151367,-0.09038065929254031,1783858774.3557096,-0.4770630148092014,-0.40673764101340204,-0.07931835812417896,1783858774.355858,-0.028491933707507716,-0.09225043649311289,0.003537990713569361,1783858776.3953161,0.0,0.0,1783858776.3915355,0.0,0.0,496.0,1783858776.391912,28106.81640625,nan,nan,67.100341796875,nan
70.24035859107971,1783858776.4461584,BSMC,eight,optuna_t003_r01,1783858776.395909,-0.398266586051752,-0.32350614335243544,-0.09039856388192605,9.41810808720015e-06,0.0008253857557220687,1783858776.4314902,-0.39825811982154846,-0.32355278730392456,-0.09038579939474327,1783858774.3557096,-0.4770630148092014,-0.40673764101340204,-0.07931835812417896,1783858774.355858,-0.028491933707507716,-0.09225043649311289,0.003537990713569361,1783858776.4349053,0.0,0.0,1783858776.4249105,0.0,0.0,491.0,1783858776.4254453,28106.849609375,nan,nan,33.399967193603516,nan
70.28053760528564,1783858776.4863374,BSMC,eight,optuna_t003_r01,1783858776.4462614,-0.3982644714958248,-0.3235147864507112,-0.09036600982641366,8.826020384620373e-06,0.0007839190143012191,1783858776.4803672,-0.39825981855392456,-0.3235663175582886,-0.09037690140416138,1783858774.3557096,-0.4770630148092014,-0.40673764101340204,-0.07931835812417896,1783858774.355858,-0.028491933707507716,-0.09225043649311289,0.003537990713569361,1783858776.47666,0.0,0.0,1783858776.4249105,0.0,0.0,491.0,1783858776.4254453,28106.849609375,nan,nan,33.399967193603516,nan
70.32025337219238,1783858776.5260532,BSMC,eight,optuna_t003_r01,1783858776.4961135,-0.39826317296499525,-0.3235242902610668,-0.09034389260774575,7.532070878945963e-06,0.000722227748129561,1783858776.4803672,-0.39825981855392456,-0.3235663175582886,-0.09037690140416138,1783858774.3557096,-0.4770630148092014,-0.40673764101340204,-0.07931835812417896,1783858774.355858,-0.028491933707507716,-0.09225043649311289,0.003537990713569361,1783858776.5151443,0.0,0.0,1783858776.5256186,0.0,0.0,492.0,1783858776.5257347,28106.94921875,nan,nan,33.09367752075195,nan
70.3605706691742,1783858776.5663705,BSMC,eight,optuna_t003_r01,1783858776.546415,-0.39826224102073465,-0.3235323972244992,-0.09032951853582347,6.559037896213763e-06,0.0006506066134140788,1783858776.529874,-0.3982600271701813,-0.3235681354999542,-0.09036950146522772,1783858774.3557096,-0.4770630148092014,-0.40673764101340204,-0.07931835812417896,1783858774.355858,-0.028491933707507716,-0.09225043649311289,0.003537990713569361,1783858776.5552914,0.0,0.0,1783858776.5256186,0.0,0.0,492.0,1783858776.5257347,28106.94921875,nan,nan,33.09367752075195,nan
70.4000015258789,1783858776.6058013,BSMC,eight,optuna_t003_r01,1783858776.5963485,-0.39826163378886864,-0.3235392418395051,-0.09032098539469506,5.320504175168342e-06,0.0005747753078650811,1783858776.5800025,-0.3982604444026947,-0.3235694468021393,-0.09036377848368864,1783858774.3557096,-0.4770630148092014,-0.40673764101340204,-0.07931835812417896,1783858774.355858,-0.028491933707507716,-0.09225043649311289,0.003537990713569361,1783858776.594842,0.0,0.0,1783858776.5913975,0.0,0.0,490.0,1783858776.594313,28107.015625,nan,nan,66.35612487792969,nan
70.44052839279175,1783858776.6463282,BSMC,eight,optuna_t003_r01,1783858776.5963485,-0.39826163378886864,-0.3235392418395051,-0.09032098539469506,5.320504175168342e-06,0.0005747753078650811,1783858776.6344528,-0.3982604444026947,-0.3235694468021393,-0.09036377848368864,1783858774.3557096,-0.4770630148092014,-0.40673764101340204,-0.07931835812417896,1783858774.355858,-0.028491933707507716,-0.09225043649311289,0.003537990713569361,1783858776.634963,0.0,0.0,1783858776.6253312,0.0,0.0,493.0,1783858776.6263123,28107.048828125,nan,nan,33.85979080200195,nan
70.47996401786804,1783858776.6857638,BSMC,eight,optuna_t003_r01,1783858776.6464832,-0.3982611986384348,-0.32354488899233524,-0.0903193295246269,4.460898946244809e-06,0.0004928337810553094,1783858776.6820936,-0.39825713634490967,-0.32353702187538147,-0.08935832247490601,1783858774.3557096,-0.4770630148092014,-0.40673764101340204,-0.07931835812417896,1783858774.355858,-0.028491933707507716,-0.09225043649311289,0.003537990713569361,1783858776.6753953,0.0,0.0,1783858776.6253312,0.0,0.0,493.0,1783858776.6263123,28107.048828125,nan,nan,33.85979080200195,nan
70.52008748054504,1783858776.7258873,BSMC,eight,optuna_t003_r01,1783858776.695901,-0.3982602669204066,-0.32354345325209255,-0.08993298236327547,3.5855724140236357e-06,0.0013895959094253753,1783858776.6820936,-0.39825713634490967,-0.32353702187538147,-0.08935832247490601,1783858774.3557096,-0.4770630148092014,-0.40673764101340204,-0.07931835812417896,1783858774.355858,-0.028491933707507716,-0.09225043649311289,0.003537990713569361,1783858776.7150164,0.0,0.0,1783858776.7254186,0.0,0.0,492.0,1783858776.6938026,28107.1171875,nan,nan,67.797119140625,nan
70.5602400302887,1783858776.7660398,BSMC,eight,optuna_t003_r01,1783858776.7464674,-0.39826212802759686,-0.32354620017366126,-0.08956387207452002,1.2524799983383028e-06,0.0021111459951195567,1783858776.731849,-0.3982694447040558,-0.32355841994285583,-0.08909615225494301,1783858774.3557096,-0.4770630148092014,-0.40673764101340204,-0.07931835812417896,1783858774.355858,-0.028491933707507716,-0.09225043649311289,0.003537990713569361,1783858776.7552319,0.0,0.0,1783858776.7254186,0.0,0.0,492.0,1783858776.726171,28107.1484375,nan,nan,32.393592834472656,nan
70.60024213790894,1783858776.806042,BSMC,eight,optuna_t003_r01,1783858776.7971501,-0.3982630329385091,-0.3235491872235145,-0.08933627582568923,3.655751374712751e-07,0.0023664684147780553,1783858776.7802532,-0.39826667308807373,-0.32356247305870056,-0.08915933530689431,1783858774.3557096,-0.4770630148092014,-0.40673764101340204,-0.07931835812417896,1783858774.355858,-0.028491933707507716,-0.09225043649311289,0.003537990713569361,1783858776.7953053,0.0,0.0,1783858776.775833,0.0,0.0,495.0,1783858776.7762809,28107.19921875,nan,nan,50.22520446777344,nan
70.64025473594666,1783858776.8460546,BSMC,eight,optuna_t003_r01,1783858776.7971501,-0.3982630329385091,-0.3235491872235145,-0.08933627582568923,3.655751374712751e-07,0.0023664684147780553,1783858776.8318746,-0.39826658368110657,-0.32357215881347656,-0.08928983539228363,1783858774.3557096,-0.4770630148092014,-0.40673764101340204,-0.07931835812417896,1783858774.355858,-0.028491933707507716,-0.09225043649311289,0.003537990713569361,1783858776.8357868,0.0,0.0,1783858776.8271031,0.0,0.0,495.0,1783858776.827465,28107.251953125,nan,nan,51.51036834716797,nan
70.68060159683228,1783858776.8864014,BSMC,eight,optuna_t003_r01,1783858776.8462036,-0.3982637250342627,-0.32355341451874425,-0.08924135806759095,2.2001393415275302e-09,0.0022586581889590383,1783858776.8814013,-0.3982636332511902,-0.32357263565063477,-0.08928259980110392,1783858774.3557096,-0.4770630148092014,-0.40673764101340204,-0.07931835812417896,1783858774.355858,-0.028491933707507716,-0.09225043649311289,0.003537990713569361,1783858776.876426,0.0,0.0,1783858776.8767276,0.0,0.0,491.0,1783858776.877108,28107.30078125,nan,nan,48.91541290283203,nan
70.720223903656,1783858776.9260237,BSMC,eight,optuna_t003_r01,1783858776.896526,-0.39826365310362916,-0.32355697010767914,-0.08918276070637154,3.1682743604618773e-07,0.0020677672044588547,1783858776.8814013,-0.3982636332511902,-0.32357263565063477,-0.08928259980110392,1783858774.3557096,-0.4770630148092014,-0.40673764101340204,-0.07931835812417896,1783858774.355858,-0.028491933707507716,-0.09225043649311289,0.003537990713569361,1783858776.9152803,0.0,0.0,1783858776.8767276,0.0,0.0,491.0,1783858776.877108,28107.30078125,nan,nan,48.91541290283203,nan
70.76022434234619,1783858776.9660242,BSMC,eight,optuna_t003_r01,1783858776.946449,-0.398264407923247,-0.3235607273419485,-0.08924877925424839,-1.21596095096406e-07,0.0015924621724988954,1783858776.9325516,-0.3982674479484558,-0.323577344417572,-0.08952829845191064,1783858774.3557096,-0.4770630148092014,-0.40673764101340204,-0.07931835812417896,1783858774.355858,-0.028491933707507716,-0.09225043649311289,0.003537990713569361,1783858776.9552596,0.0,0.0,1783858776.9265342,0.0,0.0,489.0,1783858776.9266417,28107.349609375,nan,nan,50.08926010131836,nan
70.80060410499573,1783858777.006404,BSMC,eight,optuna_t003_r01,1783858776.9981165,-0.3982661296801082,-0.323562709624762,-0.08924357611196784,-1.3524042332879592e-06,0.0013610307026261244,1783858776.984449,-0.39827248454093933,-0.32357150316238403,-0.08937176428907477,1783858774.3557096,-0.4770630148092014,-0.40673764101340204,-0.07931835812417896,1783858774.355858,-0.028491933707507716,-0.09225043649311289,0.003537990713569361,1783858776.9957228,0.0,0.0,1783858776.9767363,0.0,0.0,496.0,1783858776.9768643,28107.400390625,nan,nan,50.24851989746094,nan
70.84043645858765,1783858777.0462363,BSMC,eight,optuna_t003_r01,1783858776.9981165,-0.3982661296801082,-0.323562709624762,-0.08924357611196784,-1.3524042332879592e-06,0.0013610307026261244,1783858777.0333405,-0.3982681632041931,-0.32357195019721985,-0.08937324012418439,1783858774.3557096,-0.4770630148092014,-0.40673764101340204,-0.07931835812417896,1783858774.355858,-0.028491933707507716,-0.09225043649311289,0.003537990713569361,1783858777.035969,0.0,0.0,1783858777.0275223,0.0,0.0,499.0,1783858777.02765,28107.451171875,nan,nan,50.516563415527344,nan
70.88025426864624,1783858777.086054,BSMC,eight,optuna_t003_r01,1783858777.0464284,-0.39826656335105864,-0.32356441306196865,-0.0892510162063927,-1.1577048232899285e-06,0.0011439790930441206,1783858777.0823314,-0.3982572555541992,-0.3235742151737213,-0.08940919065991466,1783858774.3557096,-0.4770630148092014,-0.40673764101340204,-0.07931835812417896,1783858774.355858,-0.028491933707507716,-0.09225043649311289,0.003537990713569361,1783858777.0752664,0.0,0.0,1783858777.0766335,0.0,0.0,490.0,1783858777.0769196,28107.5,nan,nan,49.9229736328125,nan
70.92010498046875,1783858777.1259048,BSMC,eight,optuna_t003_r01,1783858777.095932,-0.3982645655726866,-0.32356624063222844,-0.08927437303144761,9.658539280060526e-07,0.0009151027583137461,1783858777.0823314,-0.3982572555541992,-0.3235742151737213,-0.08940919065991466,1783858774.3557096,-0.4770630148092014,-0.40673764101340204,-0.07931835812417896,1783858774.355858,-0.028491933707507716,-0.09225043649311289,0.003537990713569361,1783858777.1168752,0.0,0.0,1783858777.0766335,0.0,0.0,490.0,1783858777.0769196,28107.5,nan,nan,49.9229736328125,nan
70.96009755134583,1783858777.1658974,BSMC,eight,optuna_t003_r01,1783858777.1464753,-0.39826302154159665,-0.3235677205844711,-0.08929432573211839,2.0070394981169748e-06,0.0007274399606398565,1783858777.13048,-0.3982574939727783,-0.3235742151737213,-0.08940837589379688,1783858774.3557096,-0.4770630148092014,-0.40673764101340204,-0.07931835812417896,1783858774.355858,-0.028491933707507716,-0.09225043649311289,0.003537990713569361,1783858777.1550872,0.0,0.0,1783858777.126359,0.0,0.0,495.0,1783858777.1267197,28107.55078125,nan,nan,49.71260070800781,nan
71.0005431175232,1783858777.206343,BSMC,eight,optuna_t003_r01,1783858777.1959977,-0.39826001623321416,-0.3235690364122369,-0.0893327181024126,3.917013585308638e-06,0.0005222031240441002,1783858777.1819432,-0.3982492685317993,-0.32357463240623474,-0.0894547173870965,1783858774.3557096,-0.4770630148092014,-0.40673764101340204,-0.07931835812417896,1783858774.355858,-0.028491933707507716,-0.09225043649311289,0.003537990713569361,1783858777.195284,0.0,0.0,1783858777.1767645,0.0,0.0,496.0,1783858777.177196,28107.6015625,nan,nan,50.371646881103516,nan
71.0404794216156,1783858777.2462792,BSMC,eight,optuna_t003_r01,1783858777.1959977,-0.39826001623321416,-0.3235690364122369,-0.0893327181024126,3.917013585308638e-06,0.0005222031240441002,1783858777.2304265,-0.3982485830783844,-0.3235737085342407,-0.08941499759205003,1783858774.3557096,-0.4770630148092014,-0.40673764101340204,-0.07931835812417896,1783858774.355858,-0.028491933707507716,-0.09225043649311289,0.003537990713569361,1783858777.2348044,0.0,0.0,1783858777.2281117,0.0,0.0,490.0,1783858777.2285852,28107.65234375,nan,nan,51.025779724121094,nan
71.07994961738586,1783858777.2857494,BSMC,eight,optuna_t003_r01,1783858777.246448,-0.3982574901078457,-0.32356993151043034,-0.08934667257580194,4.756486062581018e-06,0.0004088387417348325,1783858777.2798638,-0.3982485830783844,-0.3235737085342407,-0.08941499759205003,1783858774.3557096,-0.4770630148092014,-0.40673764101340204,-0.07931835812417896,1783858774.355858,-0.028491933707507716,-0.09225043649311289,0.003537990713569361,1783858777.2750883,0.0,0.0,1783858777.2775612,0.0,0.0,494.0,1783858777.277916,28107.701171875,nan,nan,49.920814514160156,nan
71.12030220031738,1783858777.326102,BSMC,eight,optuna_t003_r01,1783858777.2963498,-0.39825549323697923,-0.3235706563275747,-0.0893591856351688,4.888457922280138e-06,0.0003167839278249368,1783858777.2798638,-0.3982485830783844,-0.3235737085342407,-0.08941499759205003,1783858774.3557096,-0.4770630148092014,-0.40673764101340204,-0.07931835812417896,1783858774.355858,-0.028491933707507716,-0.09225043649311289,0.003537990713569361,1783858777.3147104,0.0,0.0,1783858777.2775612,0.0,0.0,494.0,1783858777.277916,28107.701171875,nan,nan,49.920814514160156,nan
71.15996265411377,1783858777.3657625,BSMC,eight,optuna_t003_r01,1783858777.3461845,-0.39825388564882586,-0.3235722125959652,-0.08938997732775213,4.7200548175931634e-06,0.00019177741282271922,1783858777.3318107,-0.398248553276062,-0.3235788941383362,-0.0894642142620969,1783858774.3557096,-0.4770630148092014,-0.40673764101340204,-0.07931835812417896,1783858774.355858,-0.028491933707507716,-0.09225043649311289,0.003537990713569361,1783858777.355043,0.0,0.0,1783858777.330786,0.0,0.0,494.0,1783858777.3316917,28107.75390625,nan,nan,53.02701187133789,nan
71.20023155212402,1783858777.4060314,BSMC,eight,optuna_t003_r01,1783858777.3964763,-0.39825284016474183,-0.32357339177647343,-0.08940881803374781,4.1155105441068404e-06,0.00011570907229131407,1783858777.3808227,-0.3982495069503784,-0.32357847690582275,-0.08945487588540228,1783858774.3557096,-0.4770630148092014,-0.40673764101340204,-0.07931835812417896,1783858774.355858,-0.028491933707507716,-0.09225043649311289,0.003537990713569361,1783858777.3950036,0.0,0.0,1783858777.3808064,0.0,0.0,493.0,1783858777.3815737,28107.8046875,nan,nan,50.057708740234375,nan
71.24034523963928,1783858777.446145,BSMC,eight,optuna_t003_r01,1783858777.3964763,-0.39825284016474183,-0.32357339177647343,-0.08940881803374781,4.1155105441068404e-06,0.00011570907229131407,1783858777.435132,-0.39825010299682617,-0.3235836327075958,-0.08953160455699219,1783858774.3557096,-0.4770630148092014,-0.40673764101340204,-0.07931835812417896,1783858774.355858,-0.028491933707507716,-0.09225043649311289,0.003537990713569361,1783858777.434809,0.0,0.0,1783858777.4330444,0.0,0.0,494.0,1783858777.4334204,28107.857421875,nan,nan,52.15520095825195,nan
71.27990961074829,1783858777.4857094,BSMC,eight,optuna_t003_r01,1783858777.4462917,-0.39825214624212457,-0.32357531661865685,-0.08945304112761072,3.486061610478698e-06,-1.3507665006760465e-05,1783858777.4834523,-0.3982508182525635,-0.3235834538936615,-0.08952594383556167,1783858774.3557096,-0.4770630148092014,-0.40673764101340204,-0.07931835812417896,1783858774.355858,-0.028491933707507716,-0.09225043649311289,0.003537990713569361,1783858777.4755669,0.0,0.0,1783858777.4824553,0.0,0.0,492.0,1783858777.4827957,28107.90625,nan,nan,49.485267639160156,nan
71.32096719741821,1783858777.526767,BSMC,eight,optuna_t003_r01,1783858777.4961023,-0.3982517761664545,-0.3235768302821988,-0.08948146696272467,2.771641428797973e-06,-8.304548426664968e-05,1783858777.4834523,-0.3982508182525635,-0.3235834538936615,-0.08952594383556167,1783858774.3557096,-0.4770630148092014,-0.40673764101340204,-0.07931835812417896,1783858774.355858,-0.028491933707507716,-0.09225043649311289,0.003537990713569361,1783858777.5152237,0.0,0.0,1783858777.4824553,0.0,0.0,492.0,1783858777.4827957,28107.90625,nan,nan,49.485267639160156,nan
71.3602659702301,1783858777.5660658,BSMC,eight,optuna_t003_r01,1783858777.5467312,-0.39825142011966835,-0.32357717869996483,-0.08947257237180734,2.2037913385920478e-06,-4.830432564630008e-05,1783858777.5310535,-0.39825037121772766,-0.32357868552207947,-0.0894507394719779,1783858774.3557096,-0.4770630148092014,-0.40673764101340204,-0.07931835812417896,1783858774.355858,-0.028491933707507716,-0.09225043649311289,0.003537990713569361,1783858777.5549877,0.0,0.0,1783858777.5285583,0.0,0.0,496.0,1783858777.5289848,28107.953125,nan,nan,46.13758850097656,nan
71.4002435207367,1783858777.6060433,BSMC,eight,optuna_t003_r01,1783858777.5964804,-0.39819622135254035,-0.32357465253499224,-0.08871590765050483,4.34876878058963e-05,0.0018555400197304186,1783858777.5796428,-0.39799201488494873,-0.32355958223342896,-0.08749531945569577,1783858774.3557096,-0.4770630148092014,-0.40673764101340204,-0.07931835812417896,1783858774.355858,-0.028491933707507716,-0.09225043649311289,0.003537990713569361,1783858777.5954149,0.0,0.0,1783858777.5827525,0.0,0.0,492.0,1783858777.5831075,28108.005859375,nan,nan,53.72810363769531,nan
71.44013166427612,1783858777.6459315,BSMC,eight,optuna_t003_r01,1783858777.5964804,-0.39819622135254035,-0.32357465253499224,-0.08871590765050483,4.34876878058963e-05,0.0018555400197304186,1783858777.635839,-0.39799314737319946,-0.32355958223342896,-0.0874859928212524,1783858774.3557096,-0.4770630148092014,-0.40673764101340204,-0.07931835812417896,1783858774.355858,-0.028491933707507716,-0.09225043649311289,0.003537990713569361,1783858777.634985,0.0,0.0,1783858777.628052,0.0,0.0,491.0,1783858777.6283925,28108.052734375,nan,nan,45.605533599853516,nan
71.48002052307129,1783858777.6858203,BSMC,eight,optuna_t003_r01,1783858777.6459541,-0.39815143319233354,-0.3235724500084847,-0.0881763118045082,6.595857015842069e-05,0.0029576229953259246,1783858777.6834223,-0.3979949653148651,-0.32356342673301697,-0.08755603191104198,1783858774.3557096,-0.4770630148092014,-0.40673764101340204,-0.07931835812417896,1783858774.355858,-0.028491933707507716,-0.09225043649311289,0.003537990713569361,1783858777.6763399,0.0,0.0,1783858777.6789505,0.0,0.0,496.0,1783858777.6793623,28108.103515625,nan,nan,50.90983200073242,nan
71.52000665664673,1783858777.7258065,BSMC,eight,optuna_t003_r01,1783858777.6962507,-0.3981167320778357,-0.3235713039017868,-0.08784087837491276,7.2586472139965e-05,0.00336163022966124,1783858777.6834223,-0.3979949653148651,-0.32356342673301697,-0.08755603191104198,1783858774.3557096,-0.4770630148092014,-0.40673764101340204,-0.07931835812417896,1783858774.355858,-0.028491933707507716,-0.09225043649311289,0.003537990713569361,1783858777.7152157,0.0,0.0,1783858777.6789505,0.0,0.0,496.0,1783858777.6793623,28108.103515625,nan,nan,50.90983200073242,nan
71.56019377708435,1783858777.7659936,BSMC,eight,optuna_t003_r01,1783858777.7462885,-0.39808943061434576,-0.3235702901881461,-0.08762061405191125,7.103156680647178e-05,0.0034150291497305014,1783858777.732458,-0.3979949653148651,-0.32356342673301697,-0.08755603191104198,1783858774.3557096,-0.4770630148092014,-0.40673764101340204,-0.07931835812417896,1783858774.355858,-0.028491933707507716,-0.09225043649311289,0.003537990713569361,1783858777.7555757,0.0,0.0,1783858777.729772,0.0,0.0,496.0,1783858777.7300868,28108.154296875,nan,nan,50.99953842163086,nan
71.60023593902588,1783858777.8060358,BSMC,eight,optuna_t003_r01,1783858777.7961252,-0.39806785063817646,-0.32356937918565565,-0.08748666646657978,6.525616153461881e-05,0.00324291057345291,1783858777.78446,-0.3979949653148651,-0.32356342673301697,-0.08755603191104198,1783858774.3557096,-0.4770630148092014,-0.40673764101340204,-0.07931835812417896,1783858774.355858,-0.028491933707507716,-0.09225043649311289,0.003537990713569361,1783858777.7956927,0.0,0.0,1783858777.7829592,0.0,0.0,493.0,1783858777.783562,28108.20703125,nan,nan,53.058738708496094,nan
71.6401731967926,1783858777.845973,BSMC,eight,optuna_t003_r01,1783858777.7961252,-0.39806785063817646,-0.32356937918565565,-0.08748666646657978,6.525616153461881e-05,0.00324291057345291,1783858777.8325946,-0.3979949653148651,-0.32356342673301697,-0.08755603191104198,1783858774.3557096,-0.4770630148092014,-0.40673764101340204,-0.07931835812417896,1783858774.355858,-0.028491933707507716,-0.09225043649311289,0.003537990713569361,1783858777.8356376,0.0,0.0,1783858777.8307936,0.0,0.0,491.0,1783858777.8324056,28108.25390625,nan,nan,47.802734375,nan
71.68023157119751,1783858777.8860314,BSMC,eight,optuna_t003_r01,1783858777.8460355,-0.39805109330471555,-0.32356857894926455,-0.08740694618399446,5.757875750655711e-05,0.002959163527374142,1783858777.8803027,-0.3979942798614502,-0.32356342673301697,-0.0875576675130043,1783858774.3557096,-0.4770630148092014,-0.40673764101340204,-0.07931835812417896,1783858774.355858,-0.028491933707507716,-0.09225043649311289,0.003537990713569361,1783858777.8356376,0.0,0.0,1783858777.8815458,0.0,0.0,491.0,1783858777.8821764,28108.3046875,nan,nan,50.6180534362793,nan
71.72157764434814,1783858777.9273775,BSMC,eight,optuna_t003_r01,1783858777.8963528,-0.39803794367536127,-0.3235678787300814,-0.08736434341613819,4.9218517341592826e-05,0.0026227102881227764,1783858777.8803027,-0.3979942798614502,-0.32356342673301697,-0.0875576675130043,1783858774.3557096,-0.4770630148092014,-0.40673764101340204,-0.07931835812417896,1783858774.355858,-0.028491933707507716,-0.09225043649311289,0.003537990713569361,1783858777.8356376,0.0,0.0,1783858777.8815458,0.0,0.0,491.0,1783858777.8821764,28108.3046875,nan,nan,50.6180534362793,nan
71.76014447212219,1783858777.9659443,BSMC,eight,optuna_t003_r01,1783858777.946375,-0.39802934151759695,-0.3235671092103152,-0.08730730187378334,4.037898633299419e-05,0.0023749603117266425,1783858777.9298165,-0.3980017900466919,-0.32356274127960205,-0.08744495036755415,1783858774.3557096,-0.4770630148092014,-0.40673764101340204,-0.07931835812417896,1783858774.355858,-0.028491933707507716,-0.09225043649311289,0.003537990713569361,1783858777.8356376,0.0,0.0,1783858777.9292345,0.0,0.0,496.0,1783858777.9301143,28108.353515625,nan,nan,47.60320281982422,nan
71.80030035972595,1783858778.0061002,BSMC,eight,optuna_t003_r01,1783858777.9960065,-0.39802272509002556,-0.3235664362035017,-0.08728376495750087,3.2847973834972534e-05,0.0020812080017180556,1783858777.9817805,-0.3980017900466919,-0.32356274127960205,-0.08744495036755415,1783858774.3557096,-0.4770630148092014,-0.40673764101340204,-0.07931835812417896,1783858774.355858,-0.028491933707507716,-0.09225043649311289,0.003537990713569361,1783858777.8356376,0.0,0.0,1783858777.9788997,0.0,0.0,496.0,1783858777.9799883,28108.40234375,nan,nan,49.9321174621582,nan
71.84037327766418,1783858778.046173,BSMC,eight,optuna_t003_r01,1783858777.9960065,-0.39802272509002556,-0.3235664362035017,-0.08728376495750087,3.2847973834972534e-05,0.0020812080017180556,1783858778.0324194,-0.3980015516281128,-0.32356002926826477,-0.087447878209615,1783858774.3557096,-0.4770630148092014,-0.40673764101340204,-0.07931835812417896,1783858774.355858,-0.028491933707507716,-0.09225043649311289,0.003537990713569361,1783858777.8356376,0.0,0.0,1783858778.0301397,0.0,0.0,495.0,1783858778.0303097,28108.453125,nan,nan,51.00614929199219,nan
71.88039588928223,1783858778.0861957,BSMC,eight,optuna_t003_r01,1783858778.0462825,-0.3980176027983306,-0.3235653600432441,-0.08727869577050193,2.637418260912811e-05,0.0017814478154658546,1783858778.0837603,-0.3980015516281128,-0.32356002926826477,-0.087447878209615,1783858774.3557096,-0.4770630148092014,-0.40673764101340204,-0.07931835812417896,1783858774.355858,-0.028491933707507716,-0.09225043649311289,0.003537990713569361,1783858777.8356376,0.0,0.0,1783858778.0301397,0.0,0.0,495.0,1783858778.0303097,28108.453125,nan,nan,51.00614929199219,nan
71.91996955871582,1783858778.1257694,BSMC,eight,optuna_t003_r01,1783858778.0963676,-0.39801297553709253,-0.3235645174306723,-0.08728237505936227,2.988017275605293e-05,0.001541383455031104,1783858778.0837603,-0.3980015516281128,-0.32356002926826477,-0.087447878209615,1783858774.3557096,-0.4770630148092014,-0.40673764101340204,-0.07931835812417896,1783858774.355858,-0.028491933707507716,-0.09225043649311289,0.003537990713569361,1783858777.8356376,0.0,0.0,1783858778.10046,0.0,0.0,494.0,1783858778.1035736,28108.5234375,nan,nan,70.34654998779297,nan
71.96016216278076,1783858778.165962,BSMC,eight,optuna_t003_r01,1783858778.1467452,-0.39801070008619766,-0.3235637089221407,-0.08729832497453985,1.6321286607226076e-05,0.001238892617988562,1783858778.1309104,-0.3980015516281128,-0.32356002926826477,-0.087447878209615,1783858774.3557096,-0.4770630148092014,-0.40673764101340204,-0.07931835812417896,1783858774.355858,-0.028491933707507716,-0.09225043649311289,0.003537990713569361,1783858777.8356376,0.0,0.0,1783858778.130045,0.0,0.0,492.0,1783858778.1305053,28108.5546875,nan,nan,29.596078872680664,nan
72.00035047531128,1783858778.2061503,BSMC,eight,optuna_t003_r01,1783858778.1962974,-0.39800845563117765,-0.3235630795252719,-0.08731580748380297,1.2923223372734768e-05,0.0010117032299517162,1783858778.181557,-0.3980015516281128,-0.32356002926826477,-0.087447878209615,1783858774.3557096,-0.4770630148092014,-0.40673764101340204,-0.07931835812417896,1783858774.355858,-0.028491933707507716,-0.09225043649311289,0.003537990713569361,1783858777.8356376,0.0,0.0,1783858778.1802456,0.0,0.0,492.0,1783858778.1806116,28108.603515625,nan,nan,50.20443344116211,nan
72.04028415679932,1783858778.246084,BSMC,eight,optuna_t003_r01,1783858778.1962974,-0.39800845563117765,-0.3235630795252719,-0.08731580748380297,1.2923223372734768e-05,0.0010117032299517162,1783858778.230676,-0.3980015516281128,-0.32356002926826477,-0.087447878209615,1783858774.3557096,-0.4770630148092014,-0.40673764101340204,-0.07931835812417896,1783858774.355858,-0.028491933707507716,-0.09225043649311289,0.003537990713569361,1783858777.8356376,0.0,0.0,1783858778.23301,0.0,0.0,495.0,1783858778.2333145,28108.65625,nan,nan,52.976322174072266,nan
72.08045244216919,1783858778.2862523,BSMC,eight,optuna_t003_r01,1783858778.246461,-0.3980067477230382,-0.3235625586012465,-0.08733238325617092,1.0096548695277515e-05,0.0008188569725355094,1783858778.2801929,-0.3980015516281128,-0.32356002926826477,-0.087447878209615,1783858774.3557096,-0.4770630148092014,-0.40673764101340204,-0.07931835812417896,1783858774.355858,-0.028491933707507716,-0.09225043649311289,0.003537990713569361,1783858777.8356376,0.0,0.0,1783858778.279958,0.0,0.0,494.0,1783858778.2802994,28108.703125,nan,nan,46.854915618896484,nan
72.12047028541565,1783858778.32627,BSMC,eight,optuna_t003_r01,1783858778.2959154,-0.39800546289301003,-0.323562122784599,-0.08734982697111608,7.90018536829672e-06,0.0006541358224887376,1783858778.2801929,-0.3980015516281128,-0.32356002926826477,-0.087447878209615,1783858774.3557096,-0.4770630148092014,-0.40673764101340204,-0.07931835812417896,1783858774.355858,-0.028491933707507716,-0.09225043649311289,0.003537990713569361,1783858777.8356376,0.0,0.0,1783858778.279958,0.0,0.0,494.0,1783858778.2802994,28108.703125,nan,nan,46.854915618896484,nan
72.16031002998352,1783858778.3661098,BSMC,eight,optuna_t003_r01,1783858778.3459992,-0.3980050805555924,-0.3235616768990515,-0.08737875922792719,5.661587781173463e-06,0.0004841669967482445,1783858778.3296332,-0.39800432324409485,-0.32355961203575134,-0.08748182689288486,1783858774.3557096,-0.4770630148092014,-0.40673764101340204,-0.07931835812417896,1783858774.355858,-0.028491933707507716,-0.09225043649311289,0.003537990713569361,1783858777.8356376,0.0,0.0,1783858778.3311198,0.0,0.0,495.0,1783858778.331218,28108.755859375,nan,nan,51.04712677001953,nan
72.20034527778625,1783858778.406145,BSMC,eight,optuna_t003_r01,1783858778.3964543,-0.398004818004936,-0.3235613090261593,-0.0874019620408531,4.024924153727373e-06,0.00035362809731463816,1783858778.379254,-0.39800432324409485,-0.32355961203575134,-0.08748182689288486,1783858774.3557096,-0.4770630148092014,-0.40673764101340204,-0.07931835812417896,1783858774.355858,-0.028491933707507716,-0.09225043649311289,0.003537990713569361,1783858777.8356376,0.0,0.0,1783858778.3823774,0.0,0.0,493.0,1783858778.3833637,28108.806640625,nan,nan,51.428653717041016,nan
72.24037432670593,1783858778.4461741,BSMC,eight,optuna_t003_r01,1783858778.3964543,-0.398004818004936,-0.3235613090261593,-0.0874019620408531,4.024924153727373e-06,0.00035362809731463816,1783858778.434455,-0.39800408482551575,-0.32355961203575134,-0.087487581664538,1783858774.3557096,-0.4770630148092014,-0.40673764101340204,-0.07931835812417896,1783858774.355858,-0.028491933707507716,-0.09225043649311289,0.003537990713569361,1783858777.8356376,0.0,0.0,1783858778.432795,0.0,0.0,492.0,1783858778.4331646,28108.857421875,nan,nan,50.25012969970703,nan
72.280198097229,1783858778.485998,BSMC,eight,optuna_t003_r01,1783858778.4465659,-0.39800459172115094,-0.3235610003360551,-0.08742434741710307,2.9019354337812064e-06,0.00024399535626397882,1783858778.4805374,-0.39800408482551575,-0.32355961203575134,-0.087487581664538,1783858774.3557096,-0.4770630148092014,-0.40673764101340204,-0.07931835812417896,1783858774.355858,-0.028491933707507716,-0.09225043649311289,0.003537990713569361,1783858777.8356376,0.0,0.0,1783858778.483916,0.0,0.0,494.0,1783858778.4855623,28108.908203125,nan,nan,51.2395133972168,nan
72.32081317901611,1783858778.526613,BSMC,eight,optuna_t003_r01,1783858778.4961076,-0.3980044340485816,-0.32356075103001175,-0.08744049101345953,2.084147757885491e-06,0.00016757509713154109,1783858778.4805374,-0.39800408482551575,-0.32355961203575134,-0.087487581664538,1783858774.3557096,-0.4770630148092014,-0.40673764101340204,-0.07931835812417896,1783858774.355858,-0.028491933707507716,-0.09225043649311289,0.003537990713569361,1783858777.8356376,0.0,0.0,1783858778.483916,0.0,0.0,494.0,1783858778.4855623,28108.908203125,nan,nan,51.2395133972168,nan
72.36080765724182,1783858778.5666075,BSMC,eight,optuna_t003_r01,1783858778.546099,-0.3980046228203743,-0.3235603725224498,-0.08745559166612686,1.244011048331314e-06,0.00010428010279825653,1783858778.5344453,-0.3980054557323456,-0.3235587179660797,-0.08749281784124148,1783858774.3557096,-0.4770630148092014,-0.40673764101340204,-0.07931835812417896,1783858774.355858,-0.028491933707507716,-0.09225043649311289,0.003537990713569361,1783858777.8356376,0.0,0.0,1783858778.5359247,0.0,0.0,493.0,1783858778.5363133,28108.958984375,nan,nan,51.752220153808594,nan
72.40069913864136,1783858778.606499,BSMC,eight,optuna_t003_r01,1783858778.5960238,-0.3980047829146712,-0.3235600662530448,-0.08746653511647558,7.135871677096308e-07,6.116709166761673e-05,1783858778.5828319,-0.3980054557323456,-0.3235587179660797,-0.08749281784124148,1783858774.3557096,-0.4770630148092014,-0.40673764101340204,-0.07931835812417896,1783858774.355858,-0.028491933707507716,-0.09225043649311289,0.003537990713569361,1783858777.8356376,0.0,0.0,1783858778.5811548,0.0,0.0,497.0,1783858778.5815823,28109.005859375,nan,nan,45.395320892333984,nan
72.44049549102783,1783858778.6462953,BSMC,eight,optuna_t003_r01,1783858778.5960238,-0.3980047829146712,-0.3235600662530448,-0.08746653511647558,7.135871677096308e-07,6.116709166761673e-05,1783858778.631718,-0.3980054557323456,-0.3235587179660797,-0.08749281784124148,1783858774.3557096,-0.4770630148092014,-0.40673764101340204,-0.07931835812417896,1783858774.355858,-0.028491933707507716,-0.09225043649311289,0.003537990713569361,1783858777.8356376,0.0,0.0,1783858778.637671,0.0,0.0,493.0,1783858778.6378267,28109.060546875,nan,nan,56.329673767089844,nan
72.48039436340332,1783858778.6861942,BSMC,eight,optuna_t003_r01,1783858778.6463356,-0.39800491642875224,-0.3235598176347125,-0.08747456219818309,3.664534822541525e-07,3.185713167450264e-05,1783858778.6822839,-0.3980054557323456,-0.3235587179660797,-0.08749281784124148,1783858774.3557096,-0.4770630148092014,-0.40673764101340204,-0.07931835812417896,1783858774.355858,-0.028491933707507716,-0.09225043649311289,0.003537990713569361,1783858777.8356376,0.0,0.0,1783858778.6820984,0.0,0.0,495.0,1783858778.6814773,28109.10546875,nan,nan,43.74532699584961,nan
72.52031064033508,1783858778.7261105,BSMC,eight,optuna_t003_r01,1783858778.696007,-0.3980050279561866,-0.32355961392102234,-0.08748055589309185,1.539082871000484e-07,1.202267262139952e-05,1783858778.6822839,-0.3980054557323456,-0.3235587179660797,-0.08749281784124148,1783858774.3557096,-0.4770630148092014,-0.40673764101340204,-0.07931835812417896,1783858774.355858,-0.028491933707507716,-0.09225043649311289,0.003537990713569361,1783858777.8356376,0.0,0.0,1783858778.6820984,0.0,0.0,495.0,1783858778.6814773,28109.10546875,nan,nan,43.74532699584961,nan
72.5602777004242,1783858778.7660775,BSMC,eight,optuna_t003_r01,1783858778.7459722,-0.398005118182935,-0.32355944901469313,-0.08748484087440529,2.6349344959247313e-08,-4.965614370347427e-07,1783858778.729309,-0.3980054557323456,-0.3235587179660797,-0.08749281784124148,1783858774.3557096,-0.4770630148092014,-0.40673764101340204,-0.07931835812417896,1783858774.355858,-0.028491933707507716,-0.09225043649311289,0.003537990713569361,1783858777.8356376,0.0,0.0,1783858778.739825,0.0,0.0,494.0,1783858778.7400079,28109.1640625,nan,nan,58.51587677001953,nan
72.60003972053528,1783858778.8058395,BSMC,eight,optuna_t003_r01,1783858778.7963138,-0.3980051922370313,-0.32355931262453774,-0.08748796382013778,-4.7301314102225067e-08,-8.3007523064622e-06,1783858778.7828662,-0.3980054557323456,-0.3235587179660797,-0.08749281784124148,1783858774.3557096,-0.4770630148092014,-0.40673764101340204,-0.07931835812417896,1783858774.355858,-0.028491933707507716,-0.09225043649311289,0.003537990713569361,1783858777.8356376,0.0,0.0,1783858778.7814639,0.0,0.0,495.0,1783858778.7818358,28109.205078125,nan,nan,41.66313934326172,nan
72.64088010787964,1783858778.84668,BSMC,eight,optuna_t003_r01,1783858778.7963138,-0.3980051922370313,-0.32355931262453774,-0.08748796382013778,-4.7301314102225067e-08,-8.3007523064622e-06,1783858778.8304124,-0.3980054557323456,-0.3235587179660797,-0.08749281784124148,1783858774.3557096,-0.4770630148092014,-0.40673764101340204,-0.07931835812417896,1783858774.355858,-0.028491933707507716,-0.09225043649311289,0.003537990713569361,1783858777.8356376,0.0,0.0,1783858778.84204,0.0,0.0,497.0,1783858778.8424108,28109.265625,nan,nan,60.6348991394043,nan
72.68001389503479,1783858778.8858137,BSMC,eight,optuna_t003_r01,1783858778.8458927,-0.3980052508346512,-0.32355920260149246,-0.08749010515765655,-8.209118021037838e-08,-1.2427068888451304e-05,1783858778.8823552,-0.3980054557323456,-0.3235587179660797,-0.08749281784124148,1783858774.3557096,-0.4770630148092014,-0.40673764101340204,-0.07931835812417896,1783858774.355858,-0.028491933707507716,-0.09225043649311289,0.003537990713569361,1783858777.8356376,0.0,0.0,1783858778.8823798,0.0,0.0,492.0,1783858778.8825645,28109.306640625,nan,nan,40.121826171875,nan
72.72009015083313,1783858778.92589,BSMC,eight,optuna_t003_r01,1783858778.8961048,-0.39800529766467807,-0.32355911219784156,-0.08749156574114988,-9.760760795443062e-08,-1.4238612756884553e-05,1783858778.8823552,-0.3980054557323456,-0.3235587179660797,-0.08749281784124148,1783858774.3557096,-0.4770630148092014,-0.40673764101340204,-0.07931835812417896,1783858774.355858,-0.028491933707507716,-0.09225043649311289,0.003537990713569361,1783858777.8356376,0.0,0.0,1783858778.8823798,0.0,0.0,492.0,1783858778.8825645,28109.306640625,nan,nan,40.121826171875,nan
72.7604968547821,1783858778.9662967,BSMC,eight,optuna_t003_r01,1783858778.9468415,-0.39800545534617693,-0.3235599024335103,-0.08748223618545387,-1.3293691794469522e-07,1.1186481417210683e-05,1783858778.9297972,-0.3980060815811157,-0.32356342673301697,-0.08746605297108763,1783858774.3557096,-0.4770630148092014,-0.40673764101340204,-0.07931835812417896,1783858774.355858,-0.028491933707507716,-0.09225043649311289,0.003537990713569361,1783858777.8356376,0.0,0.0,1783858778.931323,0.0,0.0,493.0,1783858778.9315584,28109.35546875,nan,nan,49.536521911621094,nan
72.80003190040588,1783858779.0058317,BSMC,eight,optuna_t003_r01,1783858778.9961538,-0.39800558352657156,-0.3235605560311758,-0.08747556866350814,-1.4516982024859552e-07,2.6351400691895675e-05,1783858778.9828322,-0.3980060815811157,-0.32356342673301697,-0.08746605297108763,1783858774.3557096,-0.4770630148092014,-0.40673764101340204,-0.07931835812417896,1783858774.355858,-0.028491933707507716,-0.09225043649311289,0.003537990713569361,1783858777.8356376,0.0,0.0,1783858778.982232,0.0,0.0,493.0,1783858778.9826558,28109.40625,nan,nan,50.40473175048828,nan
72.84069728851318,1783858779.046497,BSMC,eight,optuna_t003_r01,1783858778.9961538,-0.39800558352657156,-0.3235605560311758,-0.08747556866350814,-1.4516982024859552e-07,2.6351400691895675e-05,1783858779.0300367,-0.3980060815811157,-0.32356342673301697,-0.08746605297108763,1783858774.3557096,-0.4770630148092014,-0.40673764101340204,-0.07931835812417896,1783858774.355858,-0.028491933707507716,-0.09225043649311289,0.003537990713569361,1783858777.8356376,0.0,0.0,1783858778.982232,0.0,0.0,493.0,1783858778.9826558,28109.40625,nan,nan,50.40473175048828,nan
72.88038659095764,1783858779.0861864,BSMC,eight,optuna_t003_r01,1783858779.0466604,-0.3980056896236931,-0.32356108100602055,-0.08747091622328672,-1.998764892921179e-07,3.484473413133868e-05,1783858779.0788174,-0.3980060815811157,-0.32356342673301697,-0.0874681409962929,1783858774.3557096,-0.4770630148092014,-0.40673764101340204,-0.07931835812417896,1783858774.355858,-0.028491933707507716,-0.09225043649311289,0.003537990713569361,1783858777.8356376,0.0,0.0,1783858779.084164,0.0,0.0,490.0,1783858779.0843196,28109.5078125,nan,nan,33.8303108215332,nan
72.92000246047974,1783858779.1258023,BSMC,eight,optuna_t003_r01,1783858779.095941,-0.39800576576268953,-0.3235615096686326,-0.08746877668941895,-1.263368542877142e-07,3.436067338244328e-05,1783858779.0788174,-0.3980060815811157,-0.32356342673301697,-0.0874681409962929,1783858774.3557096,-0.4770630148092014,-0.40673764101340204,-0.07931835812417896,1783858774.355858,-0.028491933707507716,-0.09225043649311289,0.003537990713569361,1783858777.8356376,0.0,0.0,1783858779.084164,0.0,0.0,490.0,1783858779.0843196,28109.5078125,nan,nan,33.8303108215332,nan
72.96044683456421,1783858779.1662467,BSMC,eight,optuna_t003_r01,1783858779.146391,-0.39800583440115145,-0.3235618613384391,-0.08746726258729975,-1.5838647829783358e-07,3.3799770864788194e-05,1783858779.129754,-0.3980060815811157,-0.32356342673301697,-0.0874681409962929,1783858774.3557096,-0.4770630148092014,-0.40673764101340204,-0.07931835812417896,1783858774.355858,-0.028491933707507716,-0.09225043649311289,0.003537990713569361,1783858777.8356376,0.0,0.0,1783858779.152951,0.0,0.0,497.0,1783858779.15329,28109.576171875,nan,nan,68.95095825195312,nan
73.00035953521729,1783858779.2061594,BSMC,eight,optuna_t003_r01,1783858779.1962147,-0.3980058826423508,-0.3235621500517683,-0.08746657532851165,-9.32471545720812e-08,2.9769473209644415e-05,1783858779.1807148,-0.3980060815811157,-0.32356342673301697,-0.0874681409962929,1783858774.3557096,-0.4770630148092014,-0.40673764101340204,-0.07931835812417896,1783858774.355858,-0.028491933707507716,-0.09225043649311289,0.003537990713569361,1783858777.8356376,0.0,0.0,1783858779.1941648,0.0,0.0,495.0,1783858779.1947393,28109.6171875,nan,nan,41.12131118774414,nan
73.04012322425842,1783858779.245923,BSMC,eight,optuna_t003_r01,1783858779.1962147,-0.3980058826423508,-0.3235621500517683,-0.08746657532851165,-9.32471545720812e-08,2.9769473209644415e-05,1783858779.2294958,-0.3980060815811157,-0.32356342673301697,-0.0874681409962929,1783858774.3557096,-0.4770630148092014,-0.40673764101340204,-0.07931835812417896,1783858774.355858,-0.028491933707507716,-0.09225043649311289,0.003537990713569361,1783858777.8356376,0.0,0.0,1783858779.2329369,0.0,0.0,496.0,1783858779.233237,28109.65625,nan,nan,39.07661056518555,nan
73.0799458026886,1783858779.2857456,BSMC,eight,optuna_t003_r01,1783858779.2461295,-0.39800592359904013,-0.32356238435933676,-0.08746617750938224,-7.990040463002447e-08,2.6367441896175044e-05,1783858779.2814271,-0.3980060815811157,-0.32356342673301697,-0.0874681409962929,1783858774.3557096,-0.4770630148092014,-0.40673764101340204,-0.07931835812417896,1783858774.355858,-0.028491933707507716,-0.09225043649311289,0.003537990713569361,1783858777.8356376,0.0,0.0,1783858779.2832818,0.0,0.0,490.0,1783858779.285069,28109.70703125,nan,nan,49.465274810791016,nan
73.1201171875,1783858779.325917,BSMC,eight,optuna_t003_r01,1783858779.2959743,-0.3980059563342974,-0.3235625770480775,-0.08746607642272973,-6.692947412467424e-08,2.2709808231001313e-05,1783858779.2814271,-0.3980060815811157,-0.32356342673301697,-0.0874681409962929,1783858774.3557096,-0.4770630148092014,-0.40673764101340204,-0.07931835812417896,1783858774.355858,-0.028491933707507716,-0.09225043649311289,0.003537990713569361,1783858777.8356376,0.0,0.0,1783858779.2832818,0.0,0.0,490.0,1783858779.285069,28109.70703125,nan,nan,49.465274810791016,nan
73.16027045249939,1783858779.3660703,BSMC,eight,optuna_t003_r01,1783858779.3460555,-0.39800767914287405,-0.3235625042049842,-0.08749227312459924,-1.3175307558151055e-06,-4.586560533315461e-05,1783858779.3294547,-0.39801403880119324,-0.32356229424476624,-0.08753607484515258,1783858774.3557096,-0.4770630148092014,-0.40673764101340204,-0.07931835812417896,1783858774.355858,-0.028491933707507716,-0.09225043649311289,0.003537990713569361,1783858777.8356376,0.0,0.0,1783858779.3327148,0.0,0.0,493.0,1783858779.333151,28109.755859375,nan,nan,50.198211669921875,nan
73.20025634765625,1783858779.4060562,BSMC,eight,optuna_t003_r01,1783858779.3969252,-0.3980090675570907,-0.3235624466172719,-0.0875108761446622,-1.941955709740397e-06,-8.535797510157959e-05,1783858779.3803024,-0.39801403880119324,-0.32356229424476624,-0.08753607484515258,1783858774.3557096,-0.4770630148092014,-0.40673764101340204,-0.07931835812417896,1783858774.355858,-0.028491933707507716,-0.09225043649311289,0.003537990713569361,1783858777.8356376,0.0,0.0,1783858779.382975,0.0,0.0,493.0,1783858779.3832903,28109.806640625,nan,nan,50.35741424560547,nan
73.24044489860535,1783858779.4462447,BSMC,eight,optuna_t003_r01,1783858779.3969252,-0.3980090675570907,-0.3235624466172719,-0.0875108761446622,-1.941955709740397e-06,-8.535797510157959e-05,1783858779.4321647,-0.398016095161438,-0.3235616087913513,-0.08753381706407216,1783858774.3557096,-0.4770630148092014,-0.40673764101340204,-0.07931835812417896,1783858774.355858,-0.028491933707507716,-0.09225043649311289,0.003537990713569361,1783858777.8356376,0.0,0.0,1783858779.4336522,0.0,0.0,493.0,1783858779.4339845,28109.857421875,nan,nan,49.99866485595703,nan
73.28026628494263,1783858779.486066,BSMC,eight,optuna_t003_r01,1783858779.4464505,-0.3980106185003266,-0.3235622694934724,-0.08752258787885939,-2.5172820647356208e-06,-0.00010213141734160385,1783858779.4807737,-0.398016095161438,-0.3235616087913513,-0.08753381706407216,1783858774.3557096,-0.4770630148092014,-0.40673764101340204,-0.07931835812417896,1783858774.355858,-0.028491933707507716,-0.09225043649311289,0.003537990713569361,1783858777.8356376,0.0,0.0,1783858779.483009,0.0,0.0,488.0,1783858779.4843447,28109.90625,nan,nan,50.068809509277344,nan
73.32178831100464,1783858779.5275881,BSMC,eight,optuna_t003_r01,1783858779.4964237,-0.3980118383850411,-0.3235621292694547,-0.08753034621372355,-2.650041611899315e-06,-0.00010633442921215939,1783858779.4807737,-0.398016095161438,-0.3235616087913513,-0.08753381706407216,1783858774.3557096,-0.4770630148092014,-0.40673764101340204,-0.07931835812417896,1783858774.355858,-0.028491933707507716,-0.09225043649311289,0.003537990713569361,1783858777.8356376,0.0,0.0,1783858779.483009,0.0,0.0,488.0,1783858779.4843447,28109.90625,nan,nan,50.068809509277344,nan
73.36013770103455,1783858779.5659375,BSMC,eight,optuna_t003_r01,1783858779.5466986,-0.3980128034567581,-0.3235620174150098,-0.08753522774998035,-2.5422339059275752e-06,-0.0001026496991115138,1783858779.5319872,-0.398016095161438,-0.3235616087913513,-0.08753381706407216,1783858774.3557096,-0.4770630148092014,-0.40673764101340204,-0.07931835812417896,1783858774.355858,-0.028491933707507716,-0.09225043649311289,0.003537990713569361,1783858777.8356376,0.0,0.0,1783858779.5340335,0.0,0.0,495.0,1783858779.5343404,28109.95703125,nan,nan,50.86458969116211,nan
73.40040564537048,1783858779.6062055,BSMC,eight,optuna_t003_r01,1783858779.596137,-0.3980135646496495,-0.32356173120048265,-0.08753816131268509,-2.3283505056804588e-06,-9.484379378853551e-05,1783858779.581148,-0.3980161249637604,-0.32356053590774536,-0.08753409770104556,1783858774.3557096,-0.4770630148092014,-0.40673764101340204,-0.07931835812417896,1783858774.355858,-0.028491933707507716,-0.09225043649311289,0.003537990713569361,1783858777.8356376,0.0,0.0,1783858779.5839505,0.0,0.0,491.0,1783858779.5843494,28110.0078125,nan,nan,49.9453125,nan
73.44029426574707,1783858779.646094,BSMC,eight,optuna_t003_r01,1783858779.596137,-0.3980135646496495,-0.32356173120048265,-0.08753816131268509,-2.3283505056804588e-06,-9.484379378853551e-05,1783858779.6325939,-0.3980161249637604,-0.32356053590774536,-0.08753409770104556,1783858774.3557096,-0.4770630148092014,-0.40673764101340204,-0.07931835812417896,1783858774.355858,-0.028491933707507716,-0.09225043649311289,0.003537990713569361,1783858777.8356376,0.0,0.0,1783858779.6431916,0.0,0.0,493.0,1783858779.6435573,28110.06640625,nan,nan,59.11582565307617,nan
73.48014974594116,1783858779.6859496,BSMC,eight,optuna_t003_r01,1783858779.6463363,-0.39801416310652565,-0.32356149892948055,-0.08753969210048072,-2.02426615232251e-06,-8.43926315968353e-05,1783858779.6831362,-0.3980161249637604,-0.32356053590774536,-0.08753409770104556,1783858774.3557096,-0.4770630148092014,-0.40673764101340204,-0.07931835812417896,1783858774.355858,-0.028491933707507716,-0.09225043649311289,0.003537990713569361,1783858777.8356376,0.0,0.0,1783858779.6848276,0.0,0.0,495.0,1783858779.684957,28110.109375,nan,nan,41.56687545776367,nan
73.52057027816772,1783858779.72637,BSMC,eight,optuna_t003_r01,1783858779.6967232,-0.3980146264500001,-0.32356131181359427,-0.0875402988042493,-1.7512415049075734e-06,-7.323867640714777e-05,1783858779.6831362,-0.3980161249637604,-0.32356053590774536,-0.08753409770104556,1783858774.3557096,-0.4770630148092014,-0.40673764101340204,-0.07931835812417896,1783858774.355858,-0.028491933707507716,-0.09225043649311289,0.003537990713569361,1783858777.8356376,0.0,0.0,1783858779.6848276,0.0,0.0,495.0,1783858779.684957,28110.109375,nan,nan,41.56687545776367,nan
73.5605399608612,1783858779.7663398,BSMC,eight,optuna_t003_r01,1783858779.7464175,-0.3980152735891021,-0.3235611150202334,-0.08753188733599057,-1.6862032984499957e-06,-4.1354954516263485e-05,1783858779.7308676,-0.3980174958705902,-0.32356029748916626,-0.08751198319427753,1783858774.3557096,-0.4770630148092014,-0.40673764101340204,-0.07931835812417896,1783858774.355858,-0.028491933707507716,-0.09225043649311289,0.003537990713569361,1783858777.8356376,0.0,0.0,1783858779.7361143,0.0,0.0,494.0,1783858779.736491,28110.16015625,nan,nan,51.356510162353516,nan
73.60042977333069,1783858779.8062296,BSMC,eight,optuna_t003_r01,1783858779.7960613,-0.39801583210362734,-0.3235609514692839,-0.08752564198729756,-2.1885608873643332e-06,-2.0023334998644287e-05,1783858779.7811232,-0.3980174958705902,-0.32356029748916626,-0.08751198319427753,1783858774.3557096,-0.4770630148092014,-0.40673764101340204,-0.07931835812417896,1783858774.355858,-0.028491933707507716,-0.09225043649311289,0.003537990713569361,1783858777.8356376,0.0,0.0,1783858779.7361143,0.0,0.0,494.0,1783858779.736491,28110.16015625,nan,nan,51.356510162353516,nan
